2 0.65625 0.5444444444444444 0.01328125 0.041666666666666664
2 0.696875 0.54375 0.0109375 0.04652777777777778
2 0.73125 0.5395833333333333 0.01015625 0.050694444444444445
2 0.77265625 0.5486111111111112 0.01484375 0.0763888888888889
2 0.828515625 0.5618055555555556 0.015234375 0.06041666666666667
2 0.799609375 0.5319444444444444 0.008203125 0.05416666666666667
2 0.812890625 0.5458333333333333 0.008203125 0.05277777777777778
4 0.1203125 0.4777777777777778 0.06875 0.09166666666666666
0 0.147265625 0.53125 0.090234375 0.09375
9 0.4609375 0.27361111111111114 0.0078125 0.020833333333333332
9 0.649609375 0.33611111111111114 0.008984375 0.018055555555555554
9 0.217578125 0.26319444444444445 0.009765625 0.01875
9 0.290234375 0.4527777777777778 0.003515625 0.008333333333333333
9 0.450390625 0.4625 0.003515625 0.009722222222222222
0 0.247265625 0.5076388888888889 0.013671875 0.027083333333333334
0 0.272265625 0.5055555555555555 0.011328125 0.025
0 0.291796875 0.5041666666666667 0.008984375 0.02361111111111111
0 0.31015625 0.4979166666666667 0.0109375 0.017361111111111112
0 0.327734375 0.4986111111111111 0.006640625 0.018055555555555554
0 0.341015625 0.4965277777777778 0.005859375 0.01597222222222222
0 0.365234375 0.5034722222222222 0.019140625 0.022916666666666665
0 0.394140625 0.49930555555555556 0.008984375 0.01597222222222222
0 0.412890625 0.49583333333333335 0.007421875 0.008333333333333333
0 0.43046875 0.49930555555555556 0.0078125 0.011805555555555555
0 0.444921875 0.49722222222222223 0.006640625 0.009722222222222222
2 0.552734375 0.5284722222222222 0.008203125 0.034027777777777775
2 0.542578125 0.51875 0.006640625 0.024305555555555556
2 0.573046875 0.5229166666666667 0.008203125 0.02847222222222222
2 0.590234375 0.5222222222222223 0.007421875 0.03194444444444444
9 0.38359375 0.45902777777777776 0.003125 0.009027777777777777
2 0.60078125 0.5243055555555556 0.00546875 0.027083333333333334
