9 0.550390625 0.2916666666666667 0.008203125 0.018055555555555554
9 0.76171875 0.27361111111111114 0.00625 0.020833333333333332
9 0.577734375 0.4270833333333333 0.002734375 0.009027777777777777
9 0.599609375 0.42986111111111114 0.003515625 0.010416666666666666
9 0.815625 0.4048611111111111 0.00703125 0.010416666666666666
8 0.64609375 0.4444444444444444 0.0046875 0.008333333333333333
8 0.55390625 0.41458333333333336 0.0046875 0.004861111111111111
8 0.5515625 0.42986111111111114 0.0046875 0.00625
8 0.6203125 0.44722222222222224 0.0046875 0.006944444444444444
0 0.5640625 0.46319444444444446 0.00703125 0.010416666666666666
0 0.550390625 0.45902777777777776 0.005859375 0.010416666666666666
0 0.538671875 0.4618055555555556 0.008203125 0.009027777777777777
0 0.52109375 0.4597222222222222 0.00703125 0.011111111111111112
0 0.466796875 0.46597222222222223 0.012109375 0.009027777777777777
0 0.442578125 0.4638888888888889 0.012890625 0.013888888888888888
0 0.410546875 0.46597222222222223 0.007421875 0.013194444444444444
0 0.38828125 0.4666666666666667 0.015625 0.02361111111111111
0 0.3484375 0.47152777777777777 0.01796875 0.027083333333333334
0 0.312109375 0.47152777777777777 0.018359375 0.01875
0 0.278515625 0.4736111111111111 0.012890625 0.016666666666666666
0 0.259375 0.48055555555555557 0.015625 0.013888888888888888
0 0.147265625 0.47152777777777777 0.026171875 0.022916666666666665
0 0.59453125 0.45694444444444443 0.00703125 0.008333333333333333
0 0.605859375 0.45208333333333334 0.006640625 0.004861111111111111
0 0.5796875 0.45694444444444443 0.0046875 0.008333333333333333
0 0.58359375 0.4576388888888889 0.00546875 0.007638888888888889
0 0.622265625 0.46319444444444446 0.005078125 0.00625
0 0.659765625 0.46875 0.005078125 0.014583333333333334
0 0.674609375 0.45902777777777776 0.008203125 0.00625
0 0.673828125 0.47291666666666665 0.008984375 0.010416666666666666
0 0.688671875 0.4652777777777778 0.005859375 0.0125
0 0.699609375 0.4701388888888889 0.012109375 0.017361111111111112
0 0.6359375 0.4548611111111111 0.00703125 0.00625
0 0.60234375 0.4673611111111111 0.0078125 0.010416666666666666
0 0.631640625 0.46597222222222223 0.008984375 0.011805555555555555
0 0.725 0.47708333333333336 0.02109375 0.022916666666666665
0 0.938671875 0.4951388888888889 0.059765625 0.07152777777777777
0 0.04296875 0.48125 0.04296875 0.034027777777777775
2 0.788671875 0.47847222222222224 0.003515625 0.021527777777777778
2 0.78046875 0.47708333333333336 0.00234375 0.01875
2 0.847265625 0.4701388888888889 0.008203125 0.034027777777777775
2 0.894921875 0.45208333333333334 0.007421875 0.025694444444444443
8 0.812109375 0.35694444444444445 0.010546875 0.008333333333333333
8 0.809375 0.29583333333333334 0.00859375 0.02361111111111111
