8 0.4546875 0.37222222222222223 0.00390625 0.016666666666666666
8 0.416015625 0.3506944444444444 0.014453125 0.022916666666666665
8 0.747265625 0.37916666666666665 0.007421875 0.011111111111111112
8 0.7453125 0.40694444444444444 0.00546875 0.015277777777777777
8 0.79375 0.40694444444444444 0.0078125 0.011111111111111112
8 0.794140625 0.4236111111111111 0.007421875 0.005555555555555556
8 0.808984375 0.43194444444444446 0.009765625 0.013888888888888888
9 0.505078125 0.42291666666666666 0.005078125 0.010416666666666666
9 0.9265625 0.38680555555555557 0.0078125 0.011805555555555555
9 0.99296875 0.3715277777777778 0.00625 0.011805555555555555
0 0.71328125 0.4423611111111111 0.0140625 0.01875
0 0.755078125 0.49930555555555556 0.050390625 0.07847222222222222
0 0.88125 0.5645833333333333 0.1171875 0.14930555555555555
4 0.609765625 0.3770833333333333 0.099609375 0.24791666666666667
0 0.351953125 0.4791666666666667 0.025390625 0.02638888888888889
0 0.487890625 0.45902777777777776 0.017578125 0.022916666666666665
