0 0.425 0.4847222222222222 0.0046875 0.008333333333333333
0 0.433984375 0.48541666666666666 0.004296875 0.009027777777777777
0 0.43984375 0.48680555555555555 0.00390625 0.010416666666666666
0 0.458203125 0.4895833333333333 0.010546875 0.013194444444444444
0 0.362890625 0.4875 0.012109375 0.022222222222222223
0 0.49375 0.48680555555555555 0.0078125 0.01597222222222222
0 0.390234375 0.49583333333333335 0.024609375 0.029166666666666667
0 0.51015625 0.4951388888888889 0.01171875 0.01875
9 0.38515625 0.4263888888888889 0.0046875 0.008333333333333333
0 0.226953125 0.49027777777777776 0.017578125 0.018055555555555554
8 0.26015625 0.4395833333333333 0.009375 0.01597222222222222
8 0.198828125 0.3909722222222222 0.008203125 0.025694444444444443
8 0.341015625 0.4236111111111111 0.008984375 0.015277777777777777
8 0.14921875 0.42777777777777776 0.00625 0.016666666666666666
8 0.60703125 0.28680555555555554 0.00859375 0.01597222222222222
8 0.60625 0.3145833333333333 0.0125 0.017361111111111112
9 0.626953125 0.36736111111111114 0.007421875 0.01875
9 0.591796875 0.3701388888888889 0.005859375 0.01597222222222222
8 0.609765625 0.36736111111111114 0.009765625 0.014583333333333334
2 0.5484375 0.4847222222222222 0.0046875 0.02361111111111111
2 0.583984375 0.4979166666666667 0.004296875 0.027083333333333334
8 0.193359375 0.45 0.005859375 0.015277777777777777
0 0.075390625 0.5770833333333333 0.075390625 0.20625
9 0.33515625 0.29375 0.00625 0.010416666666666666
8 0.87265625 0.31527777777777777 0.0171875 0.05694444444444444
8 0.9578125 0.3034722222222222 0.009375 0.007638888888888889
8 0.953125 0.3388888888888889 0.0125 0.009722222222222222
9 0.990625 0.2638888888888889 0.00703125 0.027777777777777776
9 0.980859375 0.40902777777777777 0.004296875 0.013194444444444444
3 0.943359375 0.54375 0.023828125 0.03958333333333333
3 0.855859375 0.5534722222222223 0.018359375 0.04791666666666667
8 0.285546875 0.43472222222222223 0.006640625 0.013888888888888888
9 0.425 0.44305555555555554 0.003125 0.005555555555555556
9 0.44375 0.45069444444444445 0.00390625 0.00625
9 0.40859375 0.4583333333333333 0.003125 0.005555555555555556
