9 0.3953125 0.41041666666666665 0.0046875 0.01875
9 0.388671875 0.4076388888888889 0.003515625 0.014583333333333334
9 0.524609375 0.43680555555555556 0.005078125 0.01597222222222222
9 0.4015625 0.40902777777777777 0.00390625 0.017361111111111112
0 0.43046875 0.5409722222222222 0.0078125 0.017361111111111112
0 0.415625 0.5513888888888889 0.009375 0.013888888888888888
0 0.391796875 0.5631944444444444 0.013671875 0.014583333333333334
0 0.441796875 0.5305555555555556 0.005859375 0.009722222222222222
0 0.451953125 0.5319444444444444 0.005078125 0.008333333333333333
0 0.323828125 0.575 0.022265625 0.041666666666666664
0 0.2640625 0.5847222222222223 0.04765625 0.05416666666666667
0 0.1921875 0.6104166666666667 0.0484375 0.06041666666666667
8 0.523046875 0.5222222222222223 0.003515625 0.008333333333333333
0 0.498046875 0.5013888888888889 0.002734375 0.009722222222222222
9 0.453125 0.4951388888888889 0.00390625 0.009027777777777777
0 0.483203125 0.53125 0.006640625 0.00625
0 0.517578125 0.5430555555555555 0.004296875 0.009722222222222222
0 0.53984375 0.5451388888888888 0.009375 0.014583333333333334
0 0.556640625 0.5534722222222223 0.014453125 0.017361111111111112
0 0.502734375 0.5569444444444445 0.012890625 0.022222222222222223
0 0.361328125 0.575 0.010546875 0.015277777777777777
0 0.468359375 0.5763888888888888 0.033984375 0.04583333333333333
0 0.896484375 0.6201388888888889 0.053515625 0.09652777777777778
2 0.56953125 0.5680555555555555 0.00859375 0.03611111111111111
9 0.342578125 0.5173611111111112 0.005859375 0.009027777777777777
8 0.358203125 0.5069444444444444 0.005078125 0.006944444444444444
0 0.08046875 0.6451388888888889 0.0796875 0.08680555555555555
0 0.786328125 0.675 0.161328125 0.1597222222222222
