9 0.337109375 0.29097222222222224 0.009765625 0.035416666666666666
9 0.319140625 0.28958333333333336 0.005859375 0.03958333333333333
9 0.455859375 0.3472222222222222 0.006640625 0.025
8 0.56171875 0.3659722222222222 0.009375 0.02013888888888889
8 0.56796875 0.4326388888888889 0.01171875 0.011805555555555555
8 0.6921875 0.22291666666666668 0.01875 0.04652777777777778
8 0.698828125 0.31180555555555556 0.009765625 0.017361111111111112
8 0.71484375 0.3326388888888889 0.025 0.017361111111111112
8 0.723046875 0.35833333333333334 0.026171875 0.013888888888888888
9 0.71484375 0.40694444444444444 0.01171875 0.025
9 0.736328125 0.40625 0.009765625 0.024305555555555556
9 0.4421875 0.4847222222222222 0.0046875 0.0125
0 0.857421875 0.5652777777777778 0.044921875 0.05138888888888889
0 0.792578125 0.5520833333333334 0.047265625 0.05347222222222222
0 0.46328125 0.5381944444444444 0.0078125 0.011805555555555555
0 0.485546875 0.5465277777777777 0.016796875 0.02013888888888889
0 0.51796875 0.5659722222222222 0.02421875 0.03125
0 0.44296875 0.5381944444444444 0.00703125 0.011805555555555555
4 0.3734375 0.5354166666666667 0.0359375 0.06180555555555556
0 0.302734375 0.5708333333333333 0.030078125 0.03888888888888889
9 0.44140625 0.3472222222222222 0.00625 0.027777777777777776
2 0.631640625 0.53125 0.007421875 0.04236111111111111
