0 0.433984375 0.38125 0.004296875 0.007638888888888889
0 0.425 0.3819444444444444 0.00546875 0.0125
0 0.41640625 0.38680555555555557 0.00625 0.013194444444444444
0 0.366796875 0.39652777777777776 0.013671875 0.024305555555555556
0 0.35625 0.4013888888888889 0.015625 0.022222222222222223
0 0.337109375 0.4076388888888889 0.016015625 0.027083333333333334
0 0.45859375 0.38333333333333336 0.00390625 0.008333333333333333
0 0.46484375 0.3854166666666667 0.0046875 0.010416666666666666
0 0.487109375 0.3972222222222222 0.006640625 0.02361111111111111
0 0.502734375 0.4 0.017578125 0.027777777777777776
0 0.564453125 0.43194444444444446 0.019921875 0.05694444444444444
0 0.74609375 0.35694444444444445 0.01796875 0.015277777777777777
0 0.77734375 0.39861111111111114 0.04765625 0.05555555555555555
0 0.2640625 0.45416666666666666 0.078125 0.0875
0 0.405078125 0.3909722222222222 0.008984375 0.013194444444444444
0 0.45078125 0.38263888888888886 0.00390625 0.010416666666666666
0 0.44296875 0.38125 0.00390625 0.007638888888888889
0 0.513671875 0.40694444444444444 0.023046875 0.03194444444444444
0 0.650390625 0.4409722222222222 0.087890625 0.12291666666666666
8 0.365234375 0.33819444444444446 0.003515625 0.007638888888888889
8 0.516015625 0.3159722222222222 0.005078125 0.007638888888888889
8 0.52109375 0.34444444444444444 0.0046875 0.005555555555555556
8 0.491015625 0.3576388888888889 0.004296875 0.007638888888888889
8 0.477734375 0.36527777777777776 0.003515625 0.008333333333333333
0 0.47109375 0.3888888888888889 0.0046875 0.011111111111111112
9 0.456640625 0.36180555555555555 0.002734375 0.009027777777777777
