8 0.524609375 0.2659722222222222 0.008984375 0.00625
8 0.512109375 0.3013888888888889 0.024609375 0.029166666666666667
8 0.5296875 0.3458333333333333 0.00546875 0.008333333333333333
0 0.347265625 0.41597222222222224 0.011328125 0.017361111111111112
0 0.482421875 0.3951388888888889 0.010546875 0.017361111111111112
0 0.508203125 0.4041666666666667 0.015234375 0.019444444444444445
0 0.55859375 0.38680555555555557 0.01328125 0.009027777777777777
0 0.5296875 0.41458333333333336 0.01953125 0.035416666666666666
0 0.215625 0.4479166666666667 0.07578125 0.06319444444444444
0 0.0875 0.4708333333333333 0.05703125 0.05416666666666667
0 0.574609375 0.4395833333333333 0.044921875 0.05486111111111111
0 0.41171875 0.5118055555555555 0.09140625 0.12569444444444444
0 0.0171875 0.5180555555555556 0.0171875 0.05416666666666667
1 0.809375 0.3159722222222222 0.18984375 0.21597222222222223
