8 0.22109375 0.3368055555555556 0.02109375 0.03680555555555556
8 0.173828125 0.3951388888888889 0.009765625 0.01597222222222222
8 0.398046875 0.4326388888888889 0.007421875 0.024305555555555556
8 0.469921875 0.3902777777777778 0.004296875 0.008333333333333333
8 0.65859375 0.36666666666666664 0.01640625 0.009722222222222222
8 0.655859375 0.4013888888888889 0.015234375 0.02361111111111111
8 0.902734375 0.24375 0.013671875 0.017361111111111112
2 0.840625 0.45902777777777776 0.01328125 0.027083333333333334
0 0.341796875 0.5111111111111111 0.021484375 0.027777777777777776
2 0.20859375 0.4652777777777778 0.00625 0.015277777777777777
2 0.185546875 0.4576388888888889 0.006640625 0.021527777777777778
2 0.165234375 0.4513888888888889 0.007421875 0.018055555555555554
8 0.14140625 0.38472222222222224 0.02109375 0.0125
0 0.279296875 0.54375 0.064453125 0.08680555555555555
0 0.048828125 0.8229166666666666 0.048046875 0.13958333333333334
0 0.13828125 0.6444444444444445 0.13828125 0.16666666666666666
0 0.624609375 0.5152777777777777 0.048828125 0.06388888888888888
0 0.7296875 0.5381944444444444 0.09140625 0.10208333333333333
0 0.8734375 0.61875 0.125 0.15625
