0 0.16796875 0.4576388888888889 0.00859375 0.025694444444444443
0 0.1015625 0.45694444444444443 0.0390625 0.043055555555555555
0 0.041796875 0.46875 0.041796875 0.04513888888888889
4 0.21328125 0.4131944444444444 0.04609375 0.0798611111111111
4 0.469140625 0.41944444444444445 0.010546875 0.015277777777777777
0 0.47265625 0.4479166666666667 0.01328125 0.017361111111111112
0 0.503515625 0.45416666666666666 0.019140625 0.029166666666666667
0 0.52109375 0.4638888888888889 0.02578125 0.03194444444444444
0 0.87578125 0.5326388888888889 0.08828125 0.12986111111111112
0 0.699609375 0.5569444444444445 0.176953125 0.19722222222222222
0 0.94296875 0.5826388888888889 0.05625 0.15625
0 0.349609375 0.48819444444444443 0.115234375 0.18263888888888888
2 0.860546875 0.39444444444444443 0.007421875 0.015277777777777777
2 0.883984375 0.3951388888888889 0.007421875 0.01597222222222222
0 0.908984375 0.40555555555555556 0.017578125 0.03611111111111111
2 0.987890625 0.42986111111111114 0.010546875 0.04097222222222222
8 0.568359375 0.35555555555555557 0.011328125 0.006944444444444444
8 0.570703125 0.38125 0.006640625 0.009027777777777777
8 0.79921875 0.29375 0.01484375 0.017361111111111112
9 0.060546875 0.03194444444444444 0.010546875 0.027777777777777776
9 0.43125 0.26319444444444445 0.003125 0.017361111111111112
9 0.570703125 0.2861111111111111 0.006640625 0.025
9 0.729296875 0.20902777777777778 0.008203125 0.04375
9 0.74296875 0.3333333333333333 0.0140625 0.022222222222222223
9 0.171875 0.38472222222222224 0.00859375 0.013888888888888888
9 0.5046875 0.40625 0.0078125 0.011805555555555555
