8 0.262109375 0.46597222222222223 0.012890625 0.009027777777777777
8 0.71171875 0.4583333333333333 0.01015625 0.008333333333333333
8 0.710546875 0.4270833333333333 0.009765625 0.022916666666666665
8 0.337890625 0.48194444444444445 0.008984375 0.006944444444444444
9 0.260546875 0.49166666666666664 0.005859375 0.009722222222222222
9 0.26953125 0.44027777777777777 0.003125 0.019444444444444445
8 0.2578125 0.40694444444444444 0.009375 0.02638888888888889
9 0.346875 0.49583333333333335 0.00390625 0.008333333333333333
9 0.404296875 0.42430555555555555 0.004296875 0.01597222222222222
9 0.612109375 0.39791666666666664 0.003515625 0.017361111111111112
9 0.601953125 0.39652777777777776 0.005078125 0.01597222222222222
9 0.39609375 0.4270833333333333 0.00390625 0.014583333333333334
8 0.38125 0.425 0.0046875 0.009722222222222222
2 0.300390625 0.5319444444444444 0.005859375 0.019444444444444445
2 0.2890625 0.5604166666666667 0.00625 0.03125
2 0.273828125 0.5548611111111111 0.008984375 0.03680555555555556
2 0.66796875 0.5451388888888888 0.00625 0.03680555555555556
2 0.75625 0.5395833333333333 0.0078125 0.035416666666666666
0 0.22890625 0.5395833333333333 0.0203125 0.02013888888888889
0 0.197265625 0.5340277777777778 0.011328125 0.017361111111111112
0 0.17109375 0.5402777777777777 0.02109375 0.018055555555555554
0 0.6796875 0.5277777777777778 0.0140625 0.022222222222222223
0 0.715234375 0.5236111111111111 0.012890625 0.022222222222222223
0 0.754296875 0.5347222222222222 0.026171875 0.025
0 0.866796875 0.49722222222222223 0.015234375 0.008333333333333333
0 0.96484375 0.5368055555555555 0.034375 0.04097222222222222
0 0.86875 0.6215277777777778 0.1265625 0.11875
0 0.090234375 0.6708333333333333 0.090234375 0.2708333333333333
9 0.702734375 0.4777777777777778 0.010546875 0.011111111111111112
4 0.494921875 0.6388888888888888 0.169140625 0.24027777777777778
