9 0.5921875 0.5069444444444444 0.00234375 0.006944444444444444
9 0.542578125 0.5152777777777777 0.001171875 0.006944444444444444
9 0.540234375 0.5152777777777777 0.001953125 0.006944444444444444
0 0.54609375 0.5506944444444445 0.00546875 0.00625
0 0.5328125 0.5493055555555556 0.0078125 0.011805555555555555
0 0.5953125 0.5451388888888888 0.00625 0.011805555555555555
0 0.60546875 0.5472222222222223 0.0078125 0.022222222222222223
0 0.6234375 0.5520833333333334 0.02109375 0.034027777777777775
0 0.40859375 0.5708333333333333 0.0140625 0.029166666666666667
0 0.373046875 0.575 0.030078125 0.043055555555555555
0 0.308203125 0.5944444444444444 0.044921875 0.04861111111111111
0 0.158203125 0.6097222222222223 0.115234375 0.09027777777777778
0 0.47578125 0.5736111111111111 0.05625 0.07777777777777778
0 0.659765625 0.5784722222222223 0.034765625 0.04375
8 0.76015625 0.36527777777777776 0.0125 0.025
8 0.7265625 0.37916666666666665 0.0125 0.006944444444444444
8 0.721484375 0.39791666666666664 0.006640625 0.010416666666666666
8 0.71484375 0.4284722222222222 0.0171875 0.010416666666666666
8 0.60234375 0.50625 0.0046875 0.003472222222222222
0 0.88046875 0.7104166666666667 0.11796875 0.2423611111111111
