0 0.390234375 0.2965277777777778 0.007421875 0.01597222222222222
0 0.378515625 0.3090277777777778 0.007421875 0.035416666666666666
0 0.355859375 0.31180555555555556 0.017578125 0.04375
0 0.341796875 0.3194444444444444 0.023046875 0.04861111111111111
0 0.3109375 0.33055555555555555 0.02421875 0.05694444444444444
0 0.2265625 0.33125 0.07265625 0.09930555555555555
0 0.489453125 0.30833333333333335 0.010546875 0.015277777777777777
0 0.4625 0.2951388888888889 0.015625 0.03125
4 0.518359375 0.29444444444444445 0.018359375 0.03888888888888889
4 0.553515625 0.3159722222222222 0.028515625 0.04236111111111111
0 0.4296875 0.32708333333333334 0.0328125 0.05625
0 0.08984375 0.35 0.0890625 0.19305555555555556
2 0.639453125 0.3194444444444444 0.007421875 0.0375
2 0.65859375 0.32430555555555557 0.00625 0.029861111111111113
2 0.661328125 0.32222222222222224 0.005859375 0.027777777777777776
2 0.714453125 0.3368055555555556 0.005859375 0.03958333333333333
2 0.726953125 0.3263888888888889 0.006640625 0.043055555555555555
2 0.741796875 0.3229166666666667 0.005859375 0.04097222222222222
2 0.77109375 0.31875 0.01171875 0.04513888888888889
7 0.849609375 0.31527777777777777 0.014453125 0.043055555555555555
2 0.80234375 0.33611111111111114 0.015625 0.058333333333333334
7 0.849609375 0.36736111111111114 0.021484375 0.08125
3 0.85 0.3972222222222222 0.02109375 0.044444444444444446
2 0.746875 0.3611111111111111 0.0203125 0.06805555555555555
9 0.465234375 0.23819444444444443 0.005078125 0.011805555555555555
9 0.39296875 0.25 0.003125 0.0125
8 0.3109375 0.1840277777777778 0.0078125 0.02847222222222222
9 0.3765625 0.2520833333333333 0.003125 0.009027777777777777
2 0.59296875 0.3138888888888889 0.00625 0.02638888888888889
2 0.583984375 0.32222222222222224 0.005859375 0.025
2 0.646875 0.3375 0.0078125 0.04027777777777778
8 0.905078125 0.18611111111111112 0.007421875 0.0125
0 0.9625 0.325 0.03515625 0.03611111111111111
