9 0.497265625 0.08958333333333333 0.005859375 0.034027777777777775
9 0.712890625 0.3 0.008984375 0.013888888888888888
9 0.70078125 0.3 0.0046875 0.013888888888888888
9 0.0234375 0.03611111111111111 0.01328125 0.03333333333333333
9 0.51640625 0.09305555555555556 0.0078125 0.030555555555555555
8 0.919921875 0.2423611111111111 0.005078125 0.027083333333333334
8 0.691796875 0.21041666666666667 0.016015625 0.009027777777777777
8 0.698046875 0.12430555555555556 0.015234375 0.011805555555555555
2 0.110546875 0.3909722222222222 0.008203125 0.03958333333333333
2 0.087109375 0.3888888888888889 0.010546875 0.03333333333333333
2 0.6734375 0.3506944444444444 0.00546875 0.027083333333333334
2 0.069140625 0.5486111111111112 0.059765625 0.20833333333333334
0 0.24453125 0.36041666666666666 0.0375 0.02847222222222222
0 0.18984375 0.3784722222222222 0.02890625 0.013194444444444444
0 0.266015625 0.36527777777777776 0.031640625 0.027777777777777776
0 0.340625 0.3472222222222222 0.0375 0.022222222222222223
0 0.3265625 0.4201388888888889 0.04609375 0.08819444444444445
0 0.584375 0.35208333333333336 0.0125 0.02013888888888889
0 0.206640625 0.5180555555555556 0.129296875 0.12916666666666668
0 0.475390625 0.4798611111111111 0.124609375 0.20625
0 0.902734375 0.4638888888888889 0.096484375 0.06527777777777778
8 0.559375 0.1076388888888889 0.01171875 0.021527777777777778
8 0.7125 0.26944444444444443 0.01328125 0.006944444444444444
