0 0.66171875 0.4215277777777778 0.04453125 0.07708333333333334
0 0.608203125 0.3840277777777778 0.009765625 0.03680555555555556
0 0.5890625 0.38472222222222224 0.00859375 0.02361111111111111
0 0.557421875 0.38819444444444445 0.028515625 0.04097222222222222
0 0.4453125 0.40625 0.02109375 0.025694444444444443
0 0.509375 0.4513888888888889 0.0625 0.08194444444444444
2 0.91484375 0.4083333333333333 0.01953125 0.09027777777777778
2 0.859375 0.40555555555555556 0.0171875 0.07361111111111111
2 0.825 0.40625 0.009375 0.06458333333333334
2 0.794140625 0.4048611111111111 0.011328125 0.06319444444444444
2 0.36875 0.3951388888888889 0.0109375 0.049305555555555554
9 0.533984375 0.2847222222222222 0.008203125 0.0125
9 0.578125 0.2965277777777778 0.00546875 0.013194444444444444
9 0.568359375 0.33819444444444446 0.004296875 0.007638888888888889
9 0.599609375 0.3541666666666667 0.006640625 0.005555555555555556
9 0.596875 0.33611111111111114 0.00546875 0.011111111111111112
0 0.103515625 0.4548611111111111 0.054296875 0.06458333333333334
8 0.376171875 0.06458333333333334 0.007421875 0.013194444444444444
