0 0.11953125 0.5104166666666666 0.11953125 0.13819444444444445
0 0.45 0.5381944444444444 0.07734375 0.08263888888888889
0 0.637109375 0.5583333333333333 0.066015625 0.06388888888888888
0 0.575 0.55625 0.0359375 0.06041666666666667
0 0.544921875 0.5673611111111111 0.019140625 0.04791666666666667
0 0.842578125 0.5013888888888889 0.156640625 0.13194444444444445
0 0.2796875 0.5715277777777777 0.03359375 0.03680555555555556
4 0.366796875 0.5319444444444444 0.018359375 0.05138888888888889
9 0.369921875 0.40902777777777777 0.005078125 0.017361111111111112
9 0.467578125 0.425 0.003515625 0.015277777777777777
9 0.3609375 0.4076388888888889 0.003125 0.010416666666666666
9 0.459765625 0.4236111111111111 0.003515625 0.009722222222222222
9 0.2484375 0.49027777777777776 0.00703125 0.011111111111111112
9 0.318359375 0.5034722222222222 0.005078125 0.010416666666666666
8 0.26015625 0.4652777777777778 0.0109375 0.006944444444444444
8 0.71875 0.37569444444444444 0.0125 0.013194444444444444
