8 0.796875 0.14583333333333334 0.01796875 0.022222222222222223
2 0.051171875 0.4236111111111111 0.019921875 0.07222222222222222
2 0.029296875 0.4340277777777778 0.009765625 0.06736111111111111
0 0.4125 0.375 0.0078125 0.015277777777777777
0 0.405078125 0.3819444444444444 0.007421875 0.015277777777777777
0 0.387890625 0.38819444444444445 0.009765625 0.021527777777777778
0 0.378125 0.4 0.00625 0.02361111111111111
0 0.3578125 0.4013888888888889 0.01796875 0.03194444444444444
0 0.330078125 0.41458333333333336 0.032421875 0.03263888888888889
0 0.45078125 0.3798611111111111 0.00546875 0.013194444444444444
0 0.460546875 0.3784722222222222 0.005859375 0.01875
0 0.46796875 0.39305555555555555 0.009375 0.02361111111111111
0 0.48359375 0.38819444444444445 0.01328125 0.02847222222222222
0 0.491015625 0.4 0.013671875 0.030555555555555555
0 0.497265625 0.4097222222222222 0.009765625 0.027777777777777776
0 0.508984375 0.41875 0.010546875 0.035416666666666666
4 0.619140625 0.4423611111111111 0.116015625 0.14097222222222222
0 0.748046875 0.4 0.013671875 0.03333333333333333
0 0.80859375 0.41805555555555557 0.0625 0.059722222222222225
0 0.853515625 0.5388888888888889 0.145703125 0.15
