9 0.504296875 0.2111111111111111 0.005859375 0.02361111111111111
9 0.5140625 0.20694444444444443 0.00546875 0.025
9 0.429296875 0.2701388888888889 0.006640625 0.024305555555555556
9 0.65390625 0.030555555555555555 0.01328125 0.030555555555555555
9 0.6828125 0.022222222222222223 0.01328125 0.022222222222222223
9 0.823046875 0.2986111111111111 0.005859375 0.015277777777777777
9 0.521875 0.21180555555555555 0.00546875 0.024305555555555556
9 0.48359375 0.21180555555555555 0.00625 0.029861111111111113
8 0.433984375 0.1909722222222222 0.013671875 0.027083333333333334
8 0.438671875 0.2965277777777778 0.016015625 0.04097222222222222
8 0.4421875 0.35 0.0109375 0.015277777777777777
8 0.725390625 0.36875 0.005859375 0.013194444444444444
8 0.716796875 0.34930555555555554 0.006640625 0.009027777777777777
8 0.723046875 0.31319444444444444 0.007421875 0.01875
8 0.8 0.36666666666666664 0.00546875 0.0125
9 0.9953125 0.2972222222222222 0.00390625 0.016666666666666666
9 0.971875 0.3576388888888889 0.0046875 0.010416666666666666
0 0.775 0.42291666666666666 0.01171875 0.010416666666666666
0 0.759375 0.42569444444444443 0.01328125 0.01875
0 0.734765625 0.425 0.012890625 0.018055555555555554
0 0.796484375 0.44027777777777777 0.023046875 0.02361111111111111
0 0.916015625 0.41041666666666665 0.008203125 0.011805555555555555
0 0.88828125 0.41388888888888886 0.02109375 0.015277777777777777
0 0.92734375 0.4166666666666667 0.0109375 0.013888888888888888
0 0.954296875 0.4131944444444444 0.008203125 0.013194444444444444
0 0.97421875 0.4097222222222222 0.01328125 0.016666666666666666
0 0.992578125 0.41458333333333336 0.006640625 0.025694444444444443
0 0.9953125 0.45902777777777776 0.00390625 0.06041666666666667
4 0.479296875 0.4097222222222222 0.103515625 0.14027777777777778
0 0.608984375 0.4708333333333333 0.083203125 0.07222222222222222
