4 0.112109375 0.20902777777777778 0.110546875 0.13541666666666666
8 0.396484375 0.09097222222222222 0.005078125 0.01875
8 0.419140625 0.14722222222222223 0.004296875 0.011111111111111112
8 0.575 0.1597222222222222 0.00625 0.008333333333333333
0 0.91484375 0.3173611111111111 0.0828125 0.12013888888888889
0 0.8359375 0.23819444444444443 0.084375 0.08819444444444445
0 0.5921875 0.2701388888888889 0.06796875 0.09097222222222222
0 0.485546875 0.2013888888888889 0.012890625 0.015277777777777777
0 0.69140625 0.20277777777777778 0.00859375 0.011111111111111112
0 0.507421875 0.2013888888888889 0.008203125 0.011111111111111112
0 0.537109375 0.2 0.010546875 0.0125
0 0.519921875 0.19722222222222222 0.008203125 0.013888888888888888
0 0.65859375 0.1986111111111111 0.01015625 0.013888888888888888
0 0.68515625 0.19652777777777777 0.0078125 0.010416666666666666
0 0.676953125 0.1951388888888889 0.004296875 0.00625
