9 0.319140625 0.4909722222222222 0.004296875 0.01597222222222222
8 0.497265625 0.49375 0.011328125 0.02847222222222222
8 0.95859375 0.004861111111111111 0.03515625 0.004861111111111111
8 0.955859375 0.10416666666666667 0.041015625 0.08888888888888889
8 0.9625 0.28541666666666665 0.03359375 0.07708333333333334
2 0.8296875 0.6201388888888889 0.028125 0.05486111111111111
2 0.858984375 0.5930555555555556 0.008984375 0.013888888888888888
2 0.812109375 0.5923611111111111 0.008203125 0.022916666666666665
0 0.19375 0.6902777777777778 0.01953125 0.07222222222222222
0 0.632421875 0.66875 0.171484375 0.20902777777777778
2 0.17421875 0.7118055555555556 0.01328125 0.09375
0 0.8484375 0.7395833333333334 0.13046875 0.2534722222222222
0 0.34296875 0.7888888888888889 0.1671875 0.20694444444444443
4 0.078515625 0.49236111111111114 0.078515625 0.49236111111111114
