0 0.0703125 0.7729166666666667 0.0703125 0.12430555555555556
0 0.8828125 0.8138888888888889 0.11640625 0.18333333333333332
0 0.19609375 0.7090277777777778 0.0484375 0.050694444444444445
0 0.334375 0.6729166666666667 0.01015625 0.014583333333333334
0 0.231640625 0.6888888888888889 0.030859375 0.04722222222222222
0 0.265625 0.6833333333333333 0.01328125 0.03888888888888889
0 0.2859375 0.6819444444444445 0.00703125 0.022222222222222223
0 0.29296875 0.6784722222222223 0.009375 0.02847222222222222
0 0.309375 0.6756944444444445 0.0046875 0.017361111111111112
0 0.71796875 0.7458333333333333 0.16171875 0.1763888888888889
0 0.547265625 0.7076388888888889 0.067578125 0.10208333333333333
0 0.476953125 0.6923611111111111 0.035546875 0.07430555555555556
0 0.437109375 0.6902777777777778 0.016796875 0.04861111111111111
0 0.42265625 0.6805555555555556 0.01953125 0.04722222222222222
0 0.400390625 0.6847222222222222 0.012890625 0.029166666666666667
0 0.3953125 0.6777777777777778 0.0203125 0.029166666666666667
0 0.37265625 0.6715277777777777 0.0140625 0.02013888888888889
0 0.363671875 0.6694444444444444 0.009765625 0.020833333333333332
9 0.35859375 0.60625 0.003125 0.007638888888888889
8 0.119140625 0.5375 0.006640625 0.011111111111111112
