0 0.108984375 0.5923611111111111 0.108203125 0.18125
0 0.46796875 0.49722222222222223 0.00703125 0.011111111111111112
0 0.475390625 0.5034722222222222 0.008203125 0.014583333333333334
0 0.498046875 0.5145833333333333 0.016796875 0.022916666666666665
0 0.53359375 0.53125 0.021875 0.03680555555555556
0 0.5640625 0.5465277777777777 0.03359375 0.050694444444444445
0 0.42890625 0.48125 0.00546875 0.004861111111111111
0 0.427734375 0.49444444444444446 0.006640625 0.008333333333333333
0 0.42109375 0.5013888888888889 0.0078125 0.013888888888888888
0 0.401953125 0.5055555555555555 0.016015625 0.019444444444444445
0 0.3671875 0.5166666666666667 0.02265625 0.030555555555555555
0 0.44609375 0.48055555555555557 0.0046875 0.004166666666666667
0 0.447265625 0.4986111111111111 0.007421875 0.009722222222222222
0 0.3140625 0.5284722222222222 0.040625 0.05625
0 0.64140625 0.5743055555555555 0.078125 0.09930555555555555
