0 0.4359375 0.25 0.034375 0.04861111111111111
0 0.526171875 0.24375 0.033203125 0.03680555555555556
4 0.630078125 0.24166666666666667 0.047265625 0.05277777777777778
0 0.35703125 0.23541666666666666 0.02109375 0.03125
0 0.263671875 0.21666666666666667 0.010546875 0.0125
0 0.223828125 0.21388888888888888 0.013671875 0.015277777777777777
0 0.034375 0.21944444444444444 0.03359375 0.029166666666666667
0 0.30078125 0.21319444444444444 0.00859375 0.011805555555555555
0 0.383203125 0.22013888888888888 0.008203125 0.01597222222222222
0 0.48125 0.23125 0.01640625 0.022916666666666665
8 0.46328125 0.17777777777777778 0.01171875 0.008333333333333333
0 0.942578125 0.5375 0.055078125 0.10277777777777777
0 0.838671875 0.3798611111111111 0.015234375 0.022916666666666665
