2 0.170703125 0.4041666666666667 0.020703125 0.07222222222222222
2 0.884375 0.5194444444444445 0.0375 0.16666666666666666
2 0.9890625 0.5756944444444444 0.00859375 0.15902777777777777
0 0.442578125 0.46111111111111114 0.007421875 0.019444444444444445
0 0.428125 0.45625 0.009375 0.024305555555555556
0 0.41328125 0.4534722222222222 0.00625 0.024305555555555556
0 0.40078125 0.44513888888888886 0.01015625 0.03125
0 0.375 0.43472222222222223 0.03046875 0.044444444444444446
0 0.308984375 0.4305555555555556 0.055859375 0.05555555555555555
0 0.47578125 0.4576388888888889 0.02109375 0.027083333333333334
0 0.501171875 0.4708333333333333 0.007421875 0.013888888888888888
0 0.51484375 0.4666666666666667 0.0046875 0.013888888888888888
0 0.525390625 0.4708333333333333 0.005859375 0.015277777777777777
0 0.5390625 0.4666666666666667 0.01015625 0.02361111111111111
0 0.550390625 0.4625 0.015234375 0.03194444444444444
0 0.578125 0.4625 0.021875 0.041666666666666664
0 0.6421875 0.46319444444444446 0.05703125 0.08263888888888889
0 0.747265625 0.5027777777777778 0.107421875 0.11666666666666667
8 0.672265625 0.3229166666666667 0.008984375 0.011805555555555555
8 0.7890625 0.36527777777777776 0.00625 0.0125
