0 0.335546875 0.3909722222222222 0.008203125 0.010416666666666666
0 0.357421875 0.3951388888888889 0.008203125 0.010416666666666666
0 0.321875 0.39305555555555555 0.00703125 0.008333333333333333
0 0.298828125 0.3923611111111111 0.012890625 0.011805555555555555
0 0.266796875 0.39375 0.012109375 0.011805555555555555
0 0.23828125 0.3902777777777778 0.0171875 0.0125
0 0.199609375 0.39791666666666664 0.015234375 0.011805555555555555
0 0.159375 0.3909722222222222 0.01328125 0.01597222222222222
0 0.132421875 0.39444444444444443 0.016796875 0.015277777777777777
0 0.101953125 0.3958333333333333 0.017578125 0.019444444444444445
0 0.06640625 0.39305555555555555 0.01875 0.018055555555555554
0 0.022265625 0.4027777777777778 0.022265625 0.02361111111111111
0 0.56953125 0.39791666666666664 0.00859375 0.013194444444444444
0 0.43359375 0.40208333333333335 0.009375 0.014583333333333334
0 0.45234375 0.4076388888888889 0.00703125 0.017361111111111112
0 0.503515625 0.46597222222222223 0.073046875 0.10902777777777778
0 0.516796875 0.6 0.006640625 0.0
0 0.762109375 0.4513888888888889 0.102734375 0.11527777777777778
8 0.973828125 0.30277777777777776 0.010546875 0.015277777777777777
8 0.974609375 0.14097222222222222 0.022265625 0.03958333333333333
