0 0.05390625 0.5256944444444445 0.0203125 0.010416666666666666
0 0.04609375 0.5444444444444444 0.02421875 0.019444444444444445
0 0.303515625 0.5236111111111111 0.005078125 0.008333333333333333
0 0.369921875 0.5222222222222223 0.009765625 0.006944444444444444
0 0.511328125 0.5208333333333334 0.005078125 0.005555555555555556
0 0.516796875 0.5493055555555556 0.013671875 0.01875
0 0.50234375 0.5270833333333333 0.00390625 0.007638888888888889
7 0.54765625 0.5368055555555555 0.0046875 0.013194444444444444
3 0.54921875 0.5527777777777778 0.00390625 0.009722222222222222
9 0.49296875 0.46805555555555556 0.003125 0.008333333333333333
9 0.51484375 0.47430555555555554 0.003125 0.011805555555555555
0 0.44921875 0.58125 0.05703125 0.08125
