8 0.375 0.3958333333333333 0.00703125 0.008333333333333333
8 0.688671875 0.33125 0.008984375 0.021527777777777778
9 0.46171875 0.4131944444444444 0.00390625 0.011805555555555555
9 0.585546875 0.40555555555555556 0.002734375 0.0125
0 0.203125 0.6381944444444444 0.17109375 0.19652777777777777
4 0.603515625 0.6326388888888889 0.130078125 0.19791666666666666
0 0.41875 0.5458333333333333 0.05546875 0.07916666666666666
0 0.073828125 0.575 0.073828125 0.13333333333333333
0 0.300390625 0.5048611111111111 0.066015625 0.06458333333333334
0 0.478125 0.5194444444444445 0.01875 0.03333333333333333
0 0.50078125 0.4909722222222222 0.0125 0.017361111111111112
