8 0.5125 0.5555555555555556 0.0171875 0.013888888888888888
2 0.490625 0.6138888888888889 0.00546875 0.006944444444444444
2 0.478125 0.6125 0.00546875 0.005555555555555556
2 0.463671875 0.6118055555555556 0.005078125 0.004861111111111111
2 0.451953125 0.6118055555555556 0.005078125 0.004861111111111111
2 0.421484375 0.6125 0.005859375 0.008333333333333333
0 0.521484375 0.6263888888888889 0.017578125 0.03194444444444444
0 0.58828125 0.6277777777777778 0.01171875 0.025
1 0.56640625 0.5916666666666667 0.02265625 0.011111111111111112
4 0.60390625 0.6111111111111112 0.0140625 0.029166666666666667
0 0.13515625 0.6138888888888889 0.0359375 0.029166666666666667
0 0.212890625 0.6090277777777777 0.017578125 0.014583333333333334
0 0.273046875 0.6166666666666667 0.027734375 0.018055555555555554
0 0.330078125 0.6125 0.019921875 0.015277777777777777
0 0.405078125 0.6145833333333334 0.012109375 0.011805555555555555
0 0.717578125 0.6458333333333334 0.036328125 0.03611111111111111
0 0.63671875 0.6319444444444444 0.015625 0.018055555555555554
0 0.5515625 0.6645833333333333 0.046875 0.06597222222222222
8 0.702734375 0.5875 0.008203125 0.013888888888888888
0 0.435546875 0.6145833333333334 0.008203125 0.009027777777777777
