8 0.589453125 0.3972222222222222 0.006640625 0.006944444444444444
8 0.582421875 0.4111111111111111 0.005859375 0.004166666666666667
9 0.54140625 0.4111111111111111 0.00234375 0.006944444444444444
0 0.3578125 0.48333333333333334 0.05703125 0.059722222222222225
0 0.41015625 0.47291666666666665 0.01875 0.049305555555555554
0 0.43671875 0.475 0.01484375 0.04027777777777778
0 0.44921875 0.46805555555555556 0.01015625 0.03194444444444444
0 0.4671875 0.46319444444444446 0.01328125 0.024305555555555556
0 0.47890625 0.4597222222222222 0.00625 0.013888888888888888
0 0.488671875 0.4597222222222222 0.004296875 0.011111111111111112
0 0.49765625 0.45416666666666666 0.00703125 0.005555555555555556
0 0.926171875 0.5645833333333333 0.069921875 0.15763888888888888
0 0.804296875 0.5381944444444444 0.099609375 0.10625
0 0.6390625 0.47638888888888886 0.03984375 0.05138888888888889
0 0.594921875 0.47430555555555554 0.005859375 0.03263888888888889
0 0.583984375 0.48055555555555557 0.005078125 0.027777777777777776
0 0.57421875 0.4756944444444444 0.0046875 0.017361111111111112
0 0.569140625 0.46597222222222223 0.017578125 0.027083333333333334
0 0.546484375 0.4576388888888889 0.002734375 0.01597222222222222
0 0.5390625 0.4625 0.00546875 0.011111111111111112
0 0.515625 0.4479166666666667 0.00546875 0.004861111111111111
