8 0.321484375 0.45555555555555555 0.009765625 0.016666666666666666
8 0.353515625 0.36041666666666666 0.029296875 0.03958333333333333
8 0.420703125 0.3576388888888889 0.030078125 0.03819444444444445
8 0.39609375 0.4513888888888889 0.01015625 0.008333333333333333
8 0.395703125 0.4673611111111111 0.009765625 0.00625
8 0.3703125 0.4666666666666667 0.00546875 0.006944444444444444
8 0.38125 0.4354166666666667 0.00625 0.004861111111111111
8 0.46796875 0.42986111111111114 0.00625 0.01597222222222222
8 0.456640625 0.4534722222222222 0.009765625 0.010416666666666666
8 0.819921875 0.17083333333333334 0.080078125 0.12638888888888888
8 0.824609375 0.31527777777777777 0.016796875 0.02361111111111111
8 0.74609375 0.33194444444444443 0.0140625 0.025
8 0.740234375 0.32083333333333336 0.037890625 0.029166666666666667
0 0.696484375 0.41180555555555554 0.012890625 0.011805555555555555
0 0.62734375 0.4 0.01015625 0.011111111111111112
0 0.5578125 0.4027777777777778 0.01015625 0.013888888888888888
0 0.38671875 0.4041666666666667 0.00703125 0.005555555555555556
0 0.342578125 0.4111111111111111 0.006640625 0.006944444444444444
0 0.3640625 0.40625 0.00390625 0.004861111111111111
0 0.021875 0.4576388888888889 0.021875 0.014583333333333334
0 0.059765625 0.4527777777777778 0.010546875 0.008333333333333333
0 0.10390625 0.44722222222222224 0.00859375 0.008333333333333333
0 0.08125 0.4486111111111111 0.0109375 0.008333333333333333
0 0.121484375 0.44722222222222224 0.008203125 0.008333333333333333
0 0.141796875 0.4479166666666667 0.012109375 0.007638888888888889
0 0.164453125 0.44722222222222224 0.010546875 0.006944444444444444
0 0.186328125 0.44513888888888886 0.009765625 0.010416666666666666
0 0.20625 0.4444444444444444 0.00859375 0.006944444444444444
0 0.22109375 0.4423611111111111 0.00625 0.007638888888888889
0 0.0109375 0.4083333333333333 0.0109375 0.013888888888888888
0 0.04453125 0.40555555555555556 0.01328125 0.011111111111111112
0 0.0828125 0.4048611111111111 0.009375 0.009027777777777777
0 0.1 0.4048611111111111 0.0078125 0.007638888888888889
0 0.1296875 0.4027777777777778 0.0203125 0.011111111111111112
0 0.17421875 0.4013888888888889 0.01484375 0.015277777777777777
0 0.226171875 0.3958333333333333 0.009765625 0.009722222222222222
0 0.25859375 0.3888888888888889 0.009375 0.006944444444444444
0 0.19453125 0.3972222222222222 0.0046875 0.011111111111111112
0 0.291796875 0.38958333333333334 0.020703125 0.013194444444444444
0 0.6625 0.4013888888888889 0.01640625 0.0125
0 0.232421875 0.44027777777777777 0.005859375 0.006944444444444444
8 0.47578125 0.45416666666666666 0.00546875 0.008333333333333333
8 0.691015625 0.38125 0.005078125 0.00625
0 0.429296875 0.44513888888888886 0.015234375 0.022916666666666665
