9 0.320703125 0.2923611111111111 0.004296875 0.017361111111111112
9 0.58515625 0.26875 0.00546875 0.022916666666666665
9 0.651171875 0.4354166666666667 0.007421875 0.014583333333333334
9 0.415625 0.4534722222222222 0.00546875 0.01597222222222222
9 0.812109375 0.41180555555555554 0.018359375 0.01875
8 0.1390625 0.3375 0.01484375 0.008333333333333333
8 0.039453125 0.2548611111111111 0.012890625 0.010416666666666666
8 0.048828125 0.28125 0.017578125 0.011805555555555555
8 0.779296875 0.39305555555555555 0.008203125 0.016666666666666666
8 0.643359375 0.3375 0.014453125 0.009722222222222222
9 0.6375 0.30694444444444446 0.00625 0.022222222222222223
8 0.77421875 0.33541666666666664 0.009375 0.010416666666666666
8 0.77578125 0.3159722222222222 0.0078125 0.013194444444444444
9 0.51953125 0.4361111111111111 0.0046875 0.013888888888888888
0 0.476953125 0.46319444444444446 0.055078125 0.029861111111111113
0 0.26171875 0.5597222222222222 0.07421875 0.11805555555555555
0 0.36796875 0.49583333333333335 0.01875 0.02638888888888889
0 0.13359375 0.5763888888888888 0.13359375 0.3194444444444444
0 0.5125 0.6944444444444444 0.2125 0.21388888888888888
3 0.96796875 0.6979166666666666 0.03125 0.07291666666666667
9 0.566796875 0.2722222222222222 0.005078125 0.029166666666666667
