8 0.523828125 0.2763888888888889 0.034765625 0.019444444444444445
8 0.18203125 0.39305555555555555 0.01171875 0.02361111111111111
9 0.451953125 0.20555555555555555 0.008203125 0.03611111111111111
9 0.422265625 0.4423611111111111 0.005859375 0.00625
9 0.386328125 0.43680555555555556 0.006640625 0.004861111111111111
9 0.323828125 0.43125 0.005078125 0.00625
9 0.308203125 0.4423611111111111 0.005859375 0.004861111111111111
9 0.221875 0.4354166666666667 0.0046875 0.00625
9 0.19921875 0.4395833333333333 0.0046875 0.00625
9 0.14609375 0.4152777777777778 0.00625 0.006944444444444444
9 0.1140625 0.2465277777777778 0.01171875 0.034027777777777775
9 0.473828125 0.20972222222222223 0.008203125 0.03611111111111111
9 0.573828125 0.4513888888888889 0.006640625 0.015277777777777777
9 0.590625 0.33055555555555555 0.00390625 0.02361111111111111
0 0.322265625 0.49027777777777776 0.009765625 0.009722222222222222
0 0.28984375 0.48333333333333334 0.0171875 0.0125
0 0.254296875 0.47430555555555554 0.011328125 0.01875
0 0.225 0.47638888888888886 0.0234375 0.020833333333333332
0 0.136328125 0.46041666666666664 0.024609375 0.02847222222222222
0 0.368359375 0.49236111111111114 0.006640625 0.009027777777777777
0 0.396484375 0.5375 0.036328125 0.05277777777777778
0 0.065625 0.4909722222222222 0.05859375 0.05763888888888889
1 0.90859375 0.5569444444444445 0.08984375 0.12777777777777777
