0 0.3984375 0.37430555555555556 0.00859375 0.014583333333333334
0 0.38203125 0.38333333333333336 0.009375 0.02361111111111111
0 0.3265625 0.37569444444444444 0.01171875 0.02013888888888889
0 0.409765625 0.37569444444444444 0.006640625 0.010416666666666666
0 0.4234375 0.3798611111111111 0.00703125 0.013194444444444444
0 0.46484375 0.39166666666666666 0.0078125 0.019444444444444445
0 0.476953125 0.39375 0.005078125 0.02013888888888889
0 0.492578125 0.38819444444444445 0.016015625 0.025694444444444443
0 0.503125 0.39861111111111114 0.01953125 0.025
0 0.544140625 0.41041666666666665 0.016015625 0.03819444444444445
0 0.5796875 0.4083333333333333 0.03984375 0.05694444444444444
0 0.589453125 0.4326388888888889 0.032421875 0.05347222222222222
0 0.66015625 0.44930555555555557 0.059375 0.06736111111111111
0 0.75703125 0.48055555555555557 0.09296875 0.10694444444444444
0 0.887109375 0.5375 0.112109375 0.2263888888888889
0 0.44375 0.40694444444444444 0.025 0.0375
0 0.354296875 0.3875 0.023828125 0.03611111111111111
1 0.290625 0.33541666666666664 0.0125 0.00625
1 0.291796875 0.3527777777777778 0.015234375 0.013888888888888888
8 0.282421875 0.26944444444444443 0.007421875 0.008333333333333333
8 0.337890625 0.30416666666666664 0.005859375 0.006944444444444444
2 0.307421875 0.3645833333333333 0.003515625 0.024305555555555556
