9 0.282421875 0.29791666666666666 0.005078125 0.02013888888888889
9 0.416796875 0.22083333333333333 0.005078125 0.020833333333333332
9 0.36953125 0.2777777777777778 0.003125 0.013888888888888888
8 0.41640625 0.18958333333333333 0.00546875 0.00625
0 0.424609375 0.37569444444444444 0.008984375 0.021527777777777778
0 0.461328125 0.4097222222222222 0.032421875 0.043055555555555555
0 0.1875 0.40208333333333335 0.07109375 0.09097222222222222
1 0.0703125 0.3020833333333333 0.0703125 0.052083333333333336
0 0.7578125 0.4305555555555556 0.1015625 0.11944444444444445
0 0.337109375 0.4701388888888889 0.102734375 0.15902777777777777
0 0.921875 0.5611111111111111 0.078125 0.16805555555555557
2 0.53359375 0.3861111111111111 0.00546875 0.029166666666666667
2 0.50078125 0.38680555555555557 0.00703125 0.03125
8 0.61015625 0.20902777777777778 0.01015625 0.02013888888888889
