0 0.4953125 0.5145833333333333 0.03671875 0.06319444444444444
0 0.594140625 0.5194444444444445 0.026171875 0.0375
0 0.75234375 0.5458333333333333 0.05 0.05
0 0.690234375 0.5333333333333333 0.030078125 0.0375
0 0.653125 0.5256944444444445 0.01328125 0.03263888888888889
0 0.63046875 0.5208333333333334 0.0109375 0.02638888888888889
0 0.531640625 0.5152777777777777 0.008984375 0.030555555555555555
0 0.54921875 0.5034722222222222 0.01640625 0.022916666666666665
0 0.470703125 0.4708333333333333 0.006640625 0.008333333333333333
0 0.4609375 0.46597222222222223 0.00625 0.009027777777777777
0 0.45390625 0.46319444444444446 0.0046875 0.007638888888888889
0 0.319921875 0.48541666666666666 0.030859375 0.01597222222222222
0 0.43203125 0.4722222222222222 0.00390625 0.009722222222222222
0 0.418359375 0.47847222222222224 0.007421875 0.011805555555555555
0 0.396484375 0.4847222222222222 0.012109375 0.015277777777777777
8 0.3828125 0.3909722222222222 0.00546875 0.014583333333333334
8 0.399609375 0.4097222222222222 0.012890625 0.006944444444444444
8 0.40078125 0.4597222222222222 0.003125 0.006944444444444444
8 0.544140625 0.42777777777777776 0.002734375 0.006944444444444444
8 0.757421875 0.33125 0.014453125 0.03263888888888889
8 0.8828125 0.32916666666666666 0.009375 0.018055555555555554
8 0.890625 0.3680555555555556 0.0109375 0.019444444444444445
8 0.86953125 0.36041666666666666 0.01015625 0.010416666666666666
9 0.4 0.43472222222222223 0.0046875 0.009722222222222222
9 0.43046875 0.4131944444444444 0.003125 0.007638888888888889
9 0.5328125 0.4305555555555556 0.003125 0.008333333333333333
9 0.48671875 0.44513888888888886 0.00234375 0.00625
9 0.42265625 0.39791666666666664 0.00234375 0.00625
8 0.41796875 0.4013888888888889 0.003125 0.008333333333333333
0 0.4453125 0.45902777777777776 0.00390625 0.007638888888888889
9 0.4484375 0.4423611111111111 0.0015625 0.00625
