8 0.76796875 0.4388888888888889 0.0125 0.008333333333333333
8 0.993359375 0.26666666666666666 0.005859375 0.044444444444444446
8 0.21953125 0.3298611111111111 0.02578125 0.011805555555555555
8 0.254296875 0.2902777777777778 0.008984375 0.016666666666666666
3 0.801953125 0.6763888888888889 0.017578125 0.05416666666666667
7 0.800390625 0.6381944444444444 0.019140625 0.06875
9 0.259375 0.4597222222222222 0.00390625 0.025
9 0.7703125 0.5069444444444444 0.00703125 0.015277777777777777
9 0.75703125 0.5055555555555555 0.0046875 0.013888888888888888
9 0.980078125 0.41180555555555554 0.017578125 0.03958333333333333
9 0.619921875 0.36527777777777776 0.005859375 0.020833333333333332
9 0.609375 0.3659722222222222 0.0046875 0.024305555555555556
9 0.599609375 0.36736111111111114 0.004296875 0.022916666666666665
9 0.498046875 0.29305555555555557 0.008203125 0.03194444444444444
9 0.4796875 0.29097222222222224 0.00625 0.03125
9 0.4671875 0.29305555555555557 0.0046875 0.03194444444444444
9 0.452734375 0.5159722222222223 0.005859375 0.007638888888888889
0 0.704296875 0.5708333333333333 0.005859375 0.013888888888888888
0 0.658984375 0.56875 0.008203125 0.009027777777777777
0 0.63671875 0.5701388888888889 0.01171875 0.013194444444444444
4 0.6109375 0.5520833333333334 0.00859375 0.009027777777777777
0 0.6140625 0.56875 0.0078125 0.01597222222222222
0 0.59296875 0.5659722222222222 0.01171875 0.01875
0 0.560546875 0.59375 0.028515625 0.04097222222222222
0 0.655078125 0.7666666666666667 0.129296875 0.19583333333333333
0 0.980859375 0.6180555555555556 0.018359375 0.044444444444444446
9 0.219921875 0.4527777777777778 0.012890625 0.025
4 0.03671875 0.6131944444444445 0.03671875 0.059027777777777776
