8 0.207421875 0.33125 0.023046875 0.05347222222222222
0 0.034375 0.56875 0.034375 0.022916666666666665
0 0.18359375 0.5680555555555555 0.03515625 0.015277777777777777
0 0.14296875 0.5756944444444444 0.0078125 0.00625
0 0.287890625 0.5680555555555555 0.039453125 0.02361111111111111
0 0.402734375 0.5534722222222223 0.023046875 0.017361111111111112
0 0.34921875 0.53125 0.00546875 0.010416666666666666
0 0.37265625 0.5361111111111111 0.00625 0.009722222222222222
0 0.464453125 0.5416666666666666 0.009765625 0.016666666666666666
0 0.553515625 0.5819444444444445 0.011328125 0.015277777777777777
0 0.432421875 0.5243055555555556 0.006640625 0.007638888888888889
0 0.412890625 0.525 0.003515625 0.005555555555555556
0 0.446875 0.5243055555555556 0.00546875 0.00625
0 0.36328125 0.525 0.0046875 0.008333333333333333
0 0.383984375 0.5270833333333333 0.005078125 0.00625
0 0.398046875 0.5243055555555556 0.005859375 0.009027777777777777
0 0.568359375 0.5840277777777778 0.005078125 0.010416666666666666
0 0.534375 0.5715277777777777 0.00234375 0.009027777777777777
0 0.120703125 0.5722222222222222 0.006640625 0.005555555555555556
0 0.103125 0.5729166666666666 0.0046875 0.004861111111111111
0 0.290234375 0.5375 0.010546875 0.008333333333333333
1 0.673046875 0.5347222222222222 0.023046875 0.0125
0 0.62734375 0.5423611111111111 0.00546875 0.00625
0 0.875 0.5201388888888889 0.0265625 0.017361111111111112
0 0.6453125 0.5388888888888889 0.00703125 0.013888888888888888
0 0.637109375 0.5361111111111111 0.005078125 0.0125
4 0.976171875 0.5701388888888889 0.022265625 0.08819444444444445
