0 0.555078125 0.5513888888888889 0.003515625 0.005555555555555556
0 0.546484375 0.5479166666666667 0.003515625 0.004861111111111111
0 0.546484375 0.5597222222222222 0.005078125 0.005555555555555556
0 0.538671875 0.5444444444444444 0.002734375 0.005555555555555556
0 0.532421875 0.5458333333333333 0.002734375 0.005555555555555556
0 0.536328125 0.5548611111111111 0.004296875 0.004861111111111111
0 0.52578125 0.5486111111111112 0.003125 0.005555555555555556
0 0.526953125 0.5625 0.004296875 0.006944444444444444
0 0.515234375 0.5506944444444445 0.005859375 0.004861111111111111
0 0.520703125 0.5604166666666667 0.003515625 0.00625
0 0.5078125 0.5597222222222222 0.00234375 0.006944444444444444
0 0.501171875 0.5583333333333333 0.005859375 0.008333333333333333
0 0.513671875 0.5652777777777778 0.005859375 0.009722222222222222
0 0.505078125 0.5694444444444444 0.006640625 0.0125
0 0.189453125 0.6847222222222222 0.116015625 0.08611111111111111
0 0.79921875 0.625 0.07421875 0.08472222222222223
0 0.44375 0.5965277777777778 0.0203125 0.024305555555555556
0 0.094921875 0.6756944444444445 0.043359375 0.05347222222222222
0 0.285546875 0.6159722222222223 0.016796875 0.017361111111111112
0 0.48515625 0.5666666666666667 0.009375 0.020833333333333332
0 0.71953125 0.6222222222222222 0.028125 0.05694444444444444
0 0.690625 0.6048611111111111 0.03359375 0.04791666666666667
0 0.6546875 0.6013888888888889 0.021875 0.03888888888888889
0 0.62265625 0.5840277777777778 0.02421875 0.03819444444444445
0 0.587109375 0.5680555555555555 0.012890625 0.027777777777777776
0 0.471484375 0.5763888888888888 0.010546875 0.015277777777777777
0 0.571875 0.5541666666666667 0.0046875 0.005555555555555556
0 0.568359375 0.55 0.004296875 0.006944444444444444
8 0.443359375 0.48541666666666666 0.011328125 0.014583333333333334
8 0.588671875 0.4951388888888889 0.003515625 0.009027777777777777
8 0.6015625 0.5388888888888889 0.003125 0.005555555555555556
8 0.429296875 0.5194444444444445 0.004296875 0.002777777777777778
8 0.3953125 0.5152777777777777 0.0046875 0.005555555555555556
9 0.569140625 0.5159722222222223 0.002734375 0.007638888888888889
9 0.45625 0.5173611111111112 0.0015625 0.007638888888888889
8 0.589453125 0.5166666666666667 0.003515625 0.006944444444444444
8 0.96171875 0.36944444444444446 0.0203125 0.06111111111111111
0 0.3640625 0.6 0.0171875 0.020833333333333332
2 0.40234375 0.5993055555555555 0.0015625 0.010416666666666666
2 0.4078125 0.6 0.00234375 0.0125
2 0.415625 0.5972222222222222 0.00234375 0.016666666666666666
2 0.418359375 0.5986111111111111 0.002734375 0.015277777777777777
2 0.475 0.5958333333333333 0.00390625 0.015277777777777777
2 0.56953125 0.5840277777777778 0.00546875 0.017361111111111112
0 0.533203125 0.58125 0.009765625 0.013194444444444444
4 0.02734375 0.4722222222222222 0.0265625 0.42916666666666664
8 0.8078125 0.46458333333333335 0.0046875 0.025694444444444443
9 0.46015625 0.5173611111111112 0.00234375 0.007638888888888889
