9 0.583984375 0.13958333333333334 0.008203125 0.052083333333333336
9 0.591796875 0.15902777777777777 0.008984375 0.04791666666666667
8 0.091015625 0.46597222222222223 0.006640625 0.01597222222222222
8 0.28515625 0.5083333333333333 0.01484375 0.008333333333333333
2 0.739453125 0.5993055555555555 0.011328125 0.035416666666666666
0 0.38671875 0.5847222222222223 0.00703125 0.009722222222222222
0 0.374609375 0.5861111111111111 0.005859375 0.009722222222222222
4 0.44609375 0.5604166666666667 0.02578125 0.05347222222222222
0 0.519921875 0.5895833333333333 0.008203125 0.01875
0 0.5359375 0.6034722222222222 0.0140625 0.027083333333333334
0 0.696484375 0.6326388888888889 0.038671875 0.07430555555555556
0 0.329296875 0.5958333333333333 0.019140625 0.03194444444444444
0 0.30859375 0.6138888888888889 0.015625 0.043055555555555555
1 0.263671875 0.5583333333333333 0.027734375 0.03194444444444444
0 0.271875 0.6381944444444444 0.0484375 0.06041666666666667
0 0.489453125 0.6104166666666667 0.035546875 0.04236111111111111
4 0.613671875 0.6326388888888889 0.082421875 0.10347222222222222
1 0.076953125 0.6006944444444444 0.076953125 0.09652777777777778
2 0.21875 0.6006944444444444 0.00625 0.024305555555555556
2 0.23125 0.6027777777777777 0.0046875 0.016666666666666666
8 0.8921875 0.4951388888888889 0.01328125 0.021527777777777778
