0 0.421875 0.43819444444444444 0.01015625 0.013194444444444444
0 0.403515625 0.44583333333333336 0.009765625 0.016666666666666666
0 0.39453125 0.45416666666666666 0.0109375 0.0125
0 0.36171875 0.46319444444444446 0.01796875 0.021527777777777778
0 0.284375 0.4722222222222222 0.02578125 0.0375
0 0.262890625 0.48055555555555557 0.027734375 0.04722222222222222
0 0.199609375 0.5 0.055078125 0.05694444444444444
0 0.116015625 0.5215277777777778 0.071484375 0.07847222222222222
0 0.037109375 0.5465277777777777 0.037109375 0.08263888888888889
0 0.484375 0.44166666666666665 0.01015625 0.016666666666666666
0 0.50078125 0.4534722222222222 0.0140625 0.021527777777777778
0 0.51328125 0.45902777777777776 0.009375 0.021527777777777778
0 0.5296875 0.4638888888888889 0.01484375 0.03194444444444444
0 0.54765625 0.4708333333333333 0.02265625 0.03611111111111111
0 0.589453125 0.48680555555555555 0.035546875 0.052083333333333336
0 0.720703125 0.5125 0.113671875 0.10833333333333334
9 0.4203125 0.35694444444444445 0.0046875 0.009722222222222222
9 0.46640625 0.3645833333333333 0.00546875 0.009027777777777777
9 0.46953125 0.39444444444444443 0.0046875 0.008333333333333333
9 0.369921875 0.42083333333333334 0.005078125 0.008333333333333333
8 0.58046875 0.36527777777777776 0.009375 0.022222222222222223
8 0.503515625 0.4201388888888889 0.005078125 0.009027777777777777
9 0.985546875 0.21666666666666667 0.012109375 0.030555555555555555
