0 0.44453125 0.5534722222222223 0.00546875 0.007638888888888889
0 0.43671875 0.5618055555555556 0.00859375 0.007638888888888889
0 0.430078125 0.5673611111111111 0.008984375 0.013194444444444444
0 0.421484375 0.5819444444444445 0.010546875 0.0125
0 0.413671875 0.5631944444444444 0.005078125 0.009027777777777777
0 0.405859375 0.5708333333333333 0.004296875 0.009722222222222222
0 0.398828125 0.5708333333333333 0.005078125 0.009722222222222222
0 0.38828125 0.575 0.00546875 0.009722222222222222
0 0.38125 0.5777777777777777 0.00546875 0.013888888888888888
0 0.367578125 0.5819444444444445 0.009765625 0.013888888888888888
0 0.315625 0.5979166666666667 0.02109375 0.02847222222222222
0 0.244140625 0.6118055555555556 0.037890625 0.04236111111111111
0 0.158203125 0.6256944444444444 0.051953125 0.06180555555555556
0 0.068359375 0.6604166666666667 0.068359375 0.06597222222222222
0 0.035546875 0.5965277777777778 0.035546875 0.03680555555555556
0 0.5109375 0.5819444444444445 0.00625 0.0125
0 0.5203125 0.5833333333333334 0.0078125 0.019444444444444445
0 0.5515625 0.5708333333333333 0.00859375 0.013888888888888888
0 0.537890625 0.5875 0.016796875 0.02361111111111111
0 0.6953125 0.5798611111111112 0.04375 0.035416666666666666
0 0.753125 0.5923611111111111 0.0296875 0.03125
0 0.91328125 0.6076388888888888 0.08515625 0.07013888888888889
0 0.474609375 0.6118055555555556 0.036328125 0.050694444444444445
0 0.624609375 0.6201388888888889 0.042578125 0.04791666666666667
0 0.6453125 0.56875 0.021875 0.01597222222222222
