0 0.485546875 0.5465277777777777 0.033984375 0.052083333333333336
0 0.434375 0.5222222222222223 0.00859375 0.013888888888888888
0 0.39375 0.5236111111111111 0.00625 0.015277777777777777
0 0.3296875 0.5125 0.00703125 0.006944444444444444
0 0.29765625 0.5131944444444444 0.009375 0.00625
0 0.23046875 0.5104166666666666 0.00859375 0.009027777777777777
0 0.25703125 0.5090277777777777 0.01875 0.010416666666666666
0 0.1125 0.5118055555555555 0.03359375 0.017361111111111112
0 0.182421875 0.5034722222222222 0.036328125 0.022916666666666665
0 0.354296875 0.5236111111111111 0.005859375 0.0125
0 0.70078125 0.5305555555555556 0.02578125 0.02638888888888889
0 0.658203125 0.5277777777777778 0.012890625 0.015277777777777777
0 0.64296875 0.5263888888888889 0.01328125 0.022222222222222223
0 0.616015625 0.5222222222222223 0.009765625 0.016666666666666666
0 0.59375 0.5243055555555556 0.0109375 0.011805555555555555
0 0.4125 0.5236111111111111 0.01328125 0.022222222222222223
0 0.37421875 0.5243055555555556 0.01171875 0.01875
