9 0.322265625 0.5166666666666667 0.003515625 0.006944444444444444
9 0.32265625 0.4930555555555556 0.00390625 0.016666666666666666
9 0.3140625 0.5409722222222222 0.00546875 0.010416666666666666
9 0.550390625 0.44166666666666665 0.003515625 0.015277777777777777
9 0.541015625 0.44305555555555554 0.005078125 0.015277777777777777
9 0.637109375 0.5270833333333333 0.004296875 0.00625
9 0.739453125 0.46805555555555556 0.004296875 0.018055555555555554
9 0.757421875 0.5013888888888889 0.009765625 0.0125
8 0.15234375 0.4361111111111111 0.01015625 0.005555555555555556
8 0.15703125 0.45208333333333334 0.0046875 0.007638888888888889
8 0.58515625 0.5333333333333333 0.00625 0.0125
8 0.64609375 0.5013888888888889 0.00859375 0.005555555555555556
8 0.653125 0.49236111111111114 0.00546875 0.003472222222222222
8 0.721875 0.4444444444444444 0.00625 0.008333333333333333
8 0.6453125 0.5215277777777778 0.00390625 0.011805555555555555
9 0.36484375 0.3951388888888889 0.00546875 0.01875
9 0.35234375 0.3958333333333333 0.00625 0.019444444444444445
9 0.14453125 0.5104166666666666 0.009375 0.014583333333333334
8 0.561328125 0.43819444444444444 0.004296875 0.010416666666666666
8 0.593359375 0.45 0.001953125 0.008333333333333333
2 0.144921875 0.6076388888888888 0.008203125 0.04375
2 0.096484375 0.5972222222222222 0.006640625 0.027777777777777776
2 0.11953125 0.6145833333333334 0.00703125 0.035416666666666666
2 0.7859375 0.5930555555555556 0.0125 0.05138888888888889
3 0.91640625 0.60625 0.0265625 0.04513888888888889
3 0.981640625 0.625 0.016796875 0.03611111111111111
0 0.59765625 0.6013888888888889 0.0265625 0.03888888888888889
0 0.765234375 0.5743055555555555 0.037890625 0.03680555555555556
0 0.673828125 0.6013888888888889 0.060546875 0.0763888888888889
0 0.455859375 0.7013888888888888 0.141796875 0.23055555555555557
8 0.276171875 0.38819444444444445 0.025390625 0.010416666666666666
8 0.24453125 0.49444444444444446 0.0484375 0.03611111111111111
