9 0.364453125 0.08958333333333333 0.007421875 0.027083333333333334
9 0.549609375 0.28680555555555554 0.006640625 0.017361111111111112
9 0.40234375 0.2902777777777778 0.0046875 0.013888888888888888
9 0.333203125 0.26805555555555555 0.005078125 0.018055555555555554
9 0.105859375 0.006944444444444444 0.007421875 0.006944444444444444
8 0.03515625 0.025 0.01171875 0.022222222222222223
8 0.046875 0.2298611111111111 0.0125 0.01875
8 0.533203125 0.21041666666666667 0.005859375 0.02847222222222222
8 0.550390625 0.15902777777777777 0.011328125 0.011805555555555555
2 0.81640625 0.3888888888888889 0.0140625 0.06805555555555555
2 0.714453125 0.38958333333333334 0.010546875 0.06458333333333334
2 0.678125 0.3854166666666667 0.0125 0.06875
2 0.638671875 0.39305555555555555 0.013671875 0.06111111111111111
2 0.596484375 0.3840277777777778 0.009765625 0.059027777777777776
2 0.726171875 0.38263888888888886 0.008984375 0.050694444444444445
2 0.693359375 0.38819444444444445 0.010546875 0.06458333333333334
2 0.663671875 0.38819444444444445 0.007421875 0.06458333333333334
2 0.6515625 0.3951388888888889 0.00859375 0.05763888888888889
2 0.6140625 0.3770833333333333 0.01328125 0.05625
2 0.556640625 0.3423611111111111 0.005859375 0.011805555555555555
0 0.22421875 0.3486111111111111 0.02109375 0.030555555555555555
0 0.32265625 0.3486111111111111 0.0078125 0.020833333333333332
0 0.308203125 0.34791666666666665 0.012890625 0.03125
0 0.38984375 0.3548611111111111 0.01171875 0.022916666666666665
0 0.353125 0.3576388888888889 0.0234375 0.034027777777777775
0 0.273046875 0.35 0.031640625 0.043055555555555555
0 0.467578125 0.38125 0.106640625 0.06319444444444444
0 0.9484375 0.4027777777777778 0.05078125 0.07222222222222222
0 0.01640625 0.3347222222222222 0.01640625 0.019444444444444445
