8 0.43515625 0.30069444444444443 0.0109375 0.014583333333333334
9 0.453125 0.3909722222222222 0.0046875 0.010416666666666666
9 0.47890625 0.3854166666666667 0.0046875 0.007638888888888889
8 0.492578125 0.3840277777777778 0.007421875 0.00625
8 0.541796875 0.38819444444444445 0.005859375 0.010416666666666666
0 0.509375 0.4027777777777778 0.009375 0.016666666666666666
0 0.489453125 0.40625 0.008203125 0.007638888888888889
0 0.47265625 0.40902777777777777 0.00546875 0.00625
0 0.465625 0.4152777777777778 0.0078125 0.004166666666666667
0 0.463671875 0.425 0.008203125 0.006944444444444444
0 0.477734375 0.42291666666666666 0.008203125 0.009027777777777777
0 0.494921875 0.43333333333333335 0.011328125 0.015277777777777777
0 0.5328125 0.42916666666666664 0.01171875 0.018055555555555554
0 0.578515625 0.4361111111111111 0.019921875 0.029166666666666667
0 0.65859375 0.4395833333333333 0.03828125 0.050694444444444445
0 0.721484375 0.45625 0.038671875 0.06736111111111111
0 0.851171875 0.46111111111111114 0.126171875 0.12222222222222222
9 0.41328125 0.39652777777777776 0.0046875 0.010416666666666666
9 0.4140625 0.42916666666666664 0.00390625 0.009722222222222222
