0 0.403515625 0.32708333333333334 0.005078125 0.009027777777777777
0 0.4140625 0.32708333333333334 0.0046875 0.00625
0 0.366796875 0.32708333333333334 0.006640625 0.00625
0 0.36015625 0.3375 0.00703125 0.008333333333333333
0 0.333984375 0.38125 0.007421875 0.010416666666666666
0 0.33515625 0.40694444444444444 0.00859375 0.013888888888888888
0 0.3734375 0.36875 0.009375 0.010416666666666666
0 0.368359375 0.3923611111111111 0.005859375 0.011805555555555555
0 0.37890625 0.4111111111111111 0.009375 0.013888888888888888
0 0.405859375 0.42777777777777776 0.017578125 0.03888888888888889
0 0.421875 0.39652777777777776 0.00625 0.009027777777777777
0 0.408984375 0.3375 0.007421875 0.008333333333333333
0 0.226953125 0.42569444444444443 0.012890625 0.011805555555555555
0 0.1734375 0.4486111111111111 0.04140625 0.03888888888888889
0 0.552734375 0.41041666666666665 0.030078125 0.06041666666666667
0 0.590234375 0.4125 0.008984375 0.029166666666666667
0 0.016796875 0.5111111111111111 0.016796875 0.044444444444444446
0 0.482421875 0.4270833333333333 0.058984375 0.09375
0 0.411328125 0.36180555555555555 0.008203125 0.014583333333333334
0 0.37734375 0.3368055555555556 0.0046875 0.00625
0 0.373828125 0.34930555555555554 0.005859375 0.00625
4 0.285546875 0.40694444444444444 0.028515625 0.03194444444444444
0 0.994921875 0.48680555555555555 0.003515625 0.05625
8 0.35234375 0.3638888888888889 0.009375 0.018055555555555554
8 0.252734375 0.3659722222222222 0.005859375 0.010416666666666666
8 0.880859375 0.2111111111111111 0.012109375 0.022222222222222223
8 0.90703125 0.20416666666666666 0.01171875 0.02361111111111111
8 0.909765625 0.15208333333333332 0.012890625 0.027083333333333334
8 0.878125 0.15763888888888888 0.01640625 0.027083333333333334
8 0.878515625 0.09652777777777778 0.016015625 0.02847222222222222
8 0.9046875 0.09305555555555556 0.01171875 0.025
9 0.48359375 0.3173611111111111 0.00234375 0.010416666666666666
9 0.490625 0.31805555555555554 0.00234375 0.0125
9 0.32734375 0.34444444444444444 0.00234375 0.008333333333333333
9 0.320703125 0.34444444444444444 0.002734375 0.008333333333333333
8 0.270703125 0.36319444444444443 0.006640625 0.010416666666666666
8 0.298046875 0.34930555555555554 0.008203125 0.007638888888888889
0 0.391796875 0.3277777777777778 0.005078125 0.008333333333333333
