8 0.097265625 0.3402777777777778 0.008984375 0.02361111111111111
8 0.015625 0.33541666666666664 0.00546875 0.014583333333333334
9 0.58046875 0.2388888888888889 0.00546875 0.008333333333333333
9 0.85234375 0.3972222222222222 0.003125 0.008333333333333333
9 0.85703125 0.39652777777777776 0.00234375 0.007638888888888889
8 0.8421875 0.3909722222222222 0.00703125 0.004861111111111111
8 0.59921875 0.38472222222222224 0.00625 0.006944444444444444
8 0.618359375 0.38819444444444445 0.001953125 0.00625
0 0.5359375 0.44583333333333336 0.00234375 0.005555555555555556
0 0.53046875 0.4486111111111111 0.00234375 0.008333333333333333
0 0.509765625 0.44722222222222224 0.008203125 0.011111111111111112
0 0.469140625 0.4479166666666667 0.006640625 0.017361111111111112
4 0.60390625 0.42430555555555555 0.00703125 0.025694444444444443
4 0.62109375 0.4326388888888889 0.0171875 0.035416666666666666
1 0.5796875 0.4270833333333333 0.01640625 0.035416666666666666
4 0.724609375 0.40347222222222223 0.090234375 0.17847222222222223
4 0.8546875 0.4409722222222222 0.01953125 0.03125
1 0.912109375 0.45208333333333334 0.047265625 0.050694444444444445
2 0.941796875 0.49930555555555556 0.013671875 0.06736111111111111
2 0.90546875 0.4875 0.0171875 0.075
0 0.395703125 0.45902777777777776 0.027734375 0.034027777777777775
0 0.030859375 0.45416666666666666 0.030078125 0.025
0 0.1015625 0.47638888888888886 0.0640625 0.09305555555555556
0 0.2265625 0.4979166666666667 0.121875 0.1284722222222222
8 0.403125 0.39166666666666666 0.003125 0.004166666666666667
8 0.402734375 0.4041666666666667 0.001953125 0.005555555555555556
9 0.994140625 0.36180555555555555 0.005078125 0.02013888888888889
9 0.0375 0.24444444444444444 0.01171875 0.029166666666666667
