0 0.02109375 0.8243055555555555 0.0203125 0.15902777777777777
0 0.017578125 0.6611111111111111 0.016796875 0.04583333333333333
9 0.01953125 0.5368055555555555 0.009375 0.017361111111111112
9 0.768359375 0.5909722222222222 0.008203125 0.014583333333333334
9 0.75078125 0.5930555555555556 0.00625 0.015277777777777777
9 0.240234375 0.4583333333333333 0.005078125 0.018055555555555554
9 0.517578125 0.5354166666666667 0.001953125 0.01597222222222222
9 0.528515625 0.5361111111111111 0.003515625 0.011111111111111112
9 0.25234375 0.4666666666666667 0.0046875 0.022222222222222223
9 0.246875 0.51875 0.0046875 0.02847222222222222
9 0.523046875 0.5319444444444444 0.003515625 0.019444444444444445
8 0.2328125 0.5201388888888889 0.00703125 0.0020833333333333333
8 0.2453125 0.5659722222222222 0.0109375 0.007638888888888889
9 0.227734375 0.5986111111111111 0.007421875 0.008333333333333333
2 0.094921875 0.6368055555555555 0.013671875 0.04097222222222222
2 0.129296875 0.6409722222222223 0.008984375 0.04097222222222222
2 0.00625 0.6 0.00625 0.029166666666666667
2 0.03828125 0.6340277777777777 0.01015625 0.04375
2 0.0515625 0.6354166666666666 0.00625 0.03958333333333333
2 0.156640625 0.6430555555555556 0.007421875 0.030555555555555555
2 0.8125 0.6847222222222222 0.01328125 0.05555555555555555
2 0.846875 0.6826388888888889 0.01640625 0.06597222222222222
2 0.872265625 0.6986111111111111 0.012890625 0.04722222222222222
0 0.243359375 0.6493055555555556 0.055859375 0.03263888888888889
0 0.4546875 0.7118055555555556 0.09375 0.15486111111111112
9 0.04375 0.5416666666666666 0.0046875 0.0125
0 0.0859375 0.6354166666666666 0.04140625 0.03263888888888889
0 0.365234375 0.6784722222222223 0.026171875 0.07152777777777777
1 0.60546875 0.6243055555555556 0.06015625 0.08680555555555555
1 0.728515625 0.6458333333333334 0.051953125 0.06805555555555555
9 0.7359375 0.4409722222222222 0.0078125 0.04236111111111111
8 0.777734375 0.48541666666666666 0.009765625 0.014583333333333334
8 0.77890625 0.5138888888888888 0.01484375 0.005555555555555556
8 0.7875 0.5256944444444445 0.0109375 0.00625
8 0.748046875 0.5291666666666667 0.014453125 0.009722222222222222
4 0.6375 0.6930555555555555 0.08125 0.11944444444444445
0 0.31953125 0.6631944444444444 0.01875 0.021527777777777778
