9 0.43203125 0.46805555555555556 0.00390625 0.013888888888888888
9 0.34609375 0.45902777777777776 0.0046875 0.014583333333333334
9 0.3265625 0.46111111111111114 0.00390625 0.016666666666666666
8 0.088671875 0.4131944444444444 0.013671875 0.010416666666666666
8 0.10546875 0.3333333333333333 0.01171875 0.03888888888888889
8 0.916015625 0.2013888888888889 0.026171875 0.11666666666666667
8 0.47109375 0.45416666666666666 0.00625 0.009722222222222222
0 0.2375 0.5284722222222222 0.02578125 0.03125
0 0.384765625 0.5409722222222222 0.016015625 0.02847222222222222
0 0.35390625 0.5201388888888889 0.0125 0.01597222222222222
0 0.289453125 0.5319444444444444 0.031640625 0.04027777777777778
0 0.423828125 0.5625 0.030859375 0.04722222222222222
0 0.52734375 0.5680555555555555 0.034375 0.04861111111111111
0 0.02890625 0.5520833333333334 0.02890625 0.06180555555555556
