9 0.29453125 0.019444444444444445 0.00703125 0.019444444444444445
9 0.28359375 0.019444444444444445 0.00625 0.019444444444444445
9 0.320703125 0.019444444444444445 0.010546875 0.019444444444444445
9 0.24140625 0.3090277777777778 0.0109375 0.01875
8 0.193359375 0.18680555555555556 0.014453125 0.007638888888888889
8 0.229296875 0.22013888888888888 0.008984375 0.011805555555555555
8 0.219921875 0.24166666666666667 0.009765625 0.013888888888888888
8 0.698046875 0.3368055555555556 0.011328125 0.021527777777777778
0 0.566796875 0.44305555555555554 0.008203125 0.013888888888888888
0 0.553125 0.45069444444444445 0.00546875 0.007638888888888889
0 0.544921875 0.4479166666666667 0.005859375 0.013194444444444444
0 0.528125 0.4479166666666667 0.00859375 0.013194444444444444
0 0.58671875 0.44583333333333336 0.00546875 0.011111111111111112
0 0.59609375 0.45208333333333334 0.0078125 0.010416666666666666
0 0.62109375 0.4527777777777778 0.01640625 0.030555555555555555
0 0.6359375 0.46597222222222223 0.0203125 0.02847222222222222
2 0.744140625 0.4576388888888889 0.010546875 0.04375
9 0.6609375 0.41805555555555557 0.00625 0.009722222222222222
9 0.51796875 0.35347222222222224 0.00390625 0.009027777777777777
9 0.59296875 0.34930555555555554 0.00390625 0.009027777777777777
