0 0.93359375 0.48194444444444445 0.0640625 0.10555555555555556
0 0.87734375 0.4340277777777778 0.12109375 0.11180555555555556
0 0.797265625 0.4215277777777778 0.072265625 0.07291666666666667
0 0.7296875 0.41875 0.05546875 0.05486111111111111
0 0.706640625 0.4131944444444444 0.058984375 0.04791666666666667
0 0.65546875 0.4083333333333333 0.0375 0.03888888888888889
0 0.621875 0.3875 0.01875 0.027777777777777776
0 0.6046875 0.3736111111111111 0.02421875 0.029166666666666667
0 0.39609375 0.35 0.02734375 0.04583333333333333
8 0.587890625 0.2875 0.006640625 0.0125
