8 0.503515625 0.37569444444444444 0.012890625 0.00625
8 0.492578125 0.4625 0.005078125 0.008333333333333333
8 0.391796875 0.5041666666666667 0.003515625 0.008333333333333333
8 0.391015625 0.47638888888888886 0.005078125 0.009722222222222222
8 0.395703125 0.5222222222222223 0.002734375 0.009722222222222222
0 0.483984375 0.39444444444444443 0.003515625 0.011111111111111112
0 0.171484375 0.5701388888888889 0.012890625 0.014583333333333334
0 0.2265625 0.5659722222222222 0.009375 0.010416666666666666
0 0.269140625 0.5548611111111111 0.028515625 0.04652777777777778
0 0.047265625 0.5888888888888889 0.022265625 0.022222222222222223
0 0.305859375 0.5506944444444445 0.012890625 0.01875
0 0.348046875 0.5847222222222223 0.033984375 0.04861111111111111
0 0.013671875 0.5972222222222222 0.012890625 0.02361111111111111
0 0.785546875 0.6506944444444445 0.212890625 0.2465277777777778
8 0.704296875 0.29097222222222224 0.011328125 0.021527777777777778
