9 0.2296875 0.24722222222222223 0.00703125 0.029166666666666667
9 0.853125 0.16527777777777777 0.0109375 0.03888888888888889
9 0.8328125 0.1736111111111111 0.009375 0.0375
8 0.948046875 0.2875 0.008984375 0.006944444444444444
8 0.95546875 0.3034722222222222 0.0140625 0.009027777777777777
8 0.932421875 0.33194444444444443 0.010546875 0.0125
8 0.939453125 0.35625 0.021484375 0.010416666666666666
8 0.009375 0.35 0.009375 0.009722222222222222
9 0.40859375 0.4597222222222222 0.00234375 0.006944444444444444
9 0.47109375 0.4701388888888889 0.00234375 0.007638888888888889
9 0.634765625 0.49236111111111114 0.004296875 0.004861111111111111
9 0.960546875 0.41458333333333336 0.007421875 0.017361111111111112
9 0.974609375 0.4173611111111111 0.005859375 0.014583333333333334
9 0.014453125 0.39791666666666664 0.005859375 0.013194444444444444
2 0.107421875 0.5777777777777777 0.011328125 0.041666666666666664
2 0.16484375 0.5555555555555556 0.00859375 0.03611111111111111
2 0.793359375 0.5590277777777778 0.019921875 0.06041666666666667
2 0.6375 0.5270833333333333 0.00390625 0.01597222222222222
2 0.658203125 0.5236111111111111 0.003515625 0.018055555555555554
0 0.27109375 0.5729166666666666 0.05390625 0.052083333333333336
4 0.346875 0.5173611111111112 0.04375 0.0798611111111111
0 0.392578125 0.5520833333333334 0.005859375 0.029861111111111113
1 0.416796875 0.51875 0.033203125 0.04791666666666667
0 0.465625 0.5354166666666667 0.01640625 0.021527777777777778
0 0.48359375 0.5340277777777778 0.003125 0.01597222222222222
0 0.491796875 0.5347222222222222 0.005078125 0.015277777777777777
0 0.529296875 0.5319444444444444 0.019140625 0.025
0 0.58671875 0.5298611111111111 0.01328125 0.01875
0 0.563671875 0.5298611111111111 0.008203125 0.017361111111111112
1 0.64296875 0.5125 0.040625 0.02638888888888889
1 0.516015625 0.5020833333333333 0.011328125 0.010416666666666666
0 0.50703125 0.525 0.0046875 0.009722222222222222
