8 0.5046875 0.4666666666666667 0.01328125 0.016666666666666666
4 0.515625 0.50625 0.01953125 0.022916666666666665
0 0.325390625 0.5319444444444444 0.091015625 0.1597222222222222
0 0.487890625 0.5465277777777777 0.008203125 0.01597222222222222
0 0.475390625 0.5548611111111111 0.014453125 0.017361111111111112
0 0.455078125 0.5645833333333333 0.016015625 0.027083333333333334
0 0.42578125 0.5631944444444444 0.025 0.05625
0 0.56328125 0.5458333333333333 0.00859375 0.019444444444444445
0 0.574609375 0.5569444444444445 0.012109375 0.030555555555555555
0 0.598828125 0.5534722222222223 0.022265625 0.04236111111111111
0 0.628125 0.5673611111111111 0.02890625 0.05347222222222222
0 0.679296875 0.5819444444444445 0.051953125 0.0763888888888889
0 0.515234375 0.5534722222222223 0.028515625 0.035416666666666666
0 0.528125 0.5722222222222222 0.03515625 0.04583333333333333
0 0.845703125 0.6256944444444444 0.152734375 0.13958333333333334
0 0.131640625 0.6416666666666667 0.131640625 0.2722222222222222
