8 0.41796875 0.3875 0.00703125 0.005555555555555556
8 0.484765625 0.4076388888888889 0.005859375 0.009027777777777777
8 0.71953125 0.3277777777777778 0.0078125 0.018055555555555554
8 0.728515625 0.3854166666666667 0.009765625 0.004861111111111111
8 0.7234375 0.3972222222222222 0.0046875 0.005555555555555556
8 0.720703125 0.4125 0.007421875 0.005555555555555556
8 0.830859375 0.31180555555555556 0.009765625 0.013194444444444444
8 0.49296875 0.4152777777777778 0.00859375 0.006944444444444444
8 0.7203125 0.45625 0.01015625 0.013194444444444444
8 0.68046875 0.43194444444444446 0.01015625 0.008333333333333333
0 0.053515625 0.44305555555555554 0.053515625 0.02361111111111111
0 0.200390625 0.4465277777777778 0.041015625 0.01597222222222222
0 0.269921875 0.4527777777777778 0.019921875 0.0125
0 0.342578125 0.4513888888888889 0.013671875 0.011111111111111112
0 0.371484375 0.4423611111111111 0.008203125 0.00625
0 0.3734375 0.45416666666666666 0.01015625 0.006944444444444444
0 0.39375 0.45069444444444445 0.01484375 0.009027777777777777
0 0.524609375 0.4444444444444444 0.005859375 0.008333333333333333
0 0.51484375 0.4423611111111111 0.0046875 0.00625
0 0.503515625 0.44930555555555557 0.005078125 0.007638888888888889
0 0.613671875 0.4423611111111111 0.003515625 0.00625
0 0.60546875 0.4423611111111111 0.00546875 0.009027777777777777
0 0.612890625 0.4527777777777778 0.007421875 0.011111111111111112
0 0.61953125 0.45694444444444443 0.0078125 0.011111111111111112
0 0.62890625 0.46805555555555556 0.00859375 0.018055555555555554
0 0.64296875 0.4756944444444444 0.0125 0.022916666666666665
0 0.65234375 0.48680555555555555 0.0078125 0.02847222222222222
0 0.68984375 0.49444444444444446 0.03515625 0.04583333333333333
0 0.586328125 0.4513888888888889 0.005078125 0.006944444444444444
0 0.579296875 0.4548611111111111 0.008203125 0.00625
0 0.5828125 0.5118055555555555 0.04453125 0.05625
0 0.449609375 0.49236111111111114 0.039453125 0.06736111111111111
0 0.851171875 0.5458333333333333 0.147265625 0.17083333333333334
8 0.29296875 0.3368055555555556 0.0125 0.010416666666666666
8 0.626953125 0.4027777777777778 0.003515625 0.008333333333333333
