8 0.538671875 0.3659722222222222 0.008203125 0.009027777777777777
8 0.492578125 0.39791666666666664 0.005859375 0.014583333333333334
8 0.513671875 0.3645833333333333 0.005859375 0.010416666666666666
0 0.55625 0.4027777777777778 0.00625 0.006944444444444444
0 0.558984375 0.41805555555555557 0.006640625 0.005555555555555556
0 0.566015625 0.43194444444444446 0.005078125 0.0125
0 0.57578125 0.4423611111111111 0.0078125 0.014583333333333334
4 0.576171875 0.40625 0.007421875 0.014583333333333334
0 0.545703125 0.44305555555555554 0.019921875 0.030555555555555555
0 0.525 0.45694444444444443 0.02734375 0.020833333333333332
4 0.633203125 0.40694444444444444 0.047265625 0.09583333333333334
0 0.690234375 0.45625 0.012109375 0.024305555555555556
0 0.502734375 0.6173611111111111 0.105078125 0.15347222222222223
0 0.77421875 0.5430555555555555 0.09765625 0.12222222222222222
0 0.387890625 0.4041666666666667 0.005078125 0.006944444444444444
0 0.37578125 0.4048611111111111 0.00390625 0.007638888888888889
0 0.369140625 0.4027777777777778 0.005078125 0.005555555555555556
0 0.359765625 0.40347222222222223 0.005078125 0.007638888888888889
0 0.352734375 0.4041666666666667 0.004296875 0.006944444444444444
0 0.346875 0.40555555555555556 0.00625 0.008333333333333333
0 0.365625 0.4222222222222222 0.00859375 0.006944444444444444
0 0.391015625 0.4201388888888889 0.008203125 0.007638888888888889
0 0.329296875 0.41805555555555557 0.012109375 0.018055555555555554
0 0.311328125 0.40694444444444444 0.007421875 0.008333333333333333
0 0.2796875 0.4152777777777778 0.0109375 0.0125
0 0.2984375 0.42430555555555555 0.01328125 0.011805555555555555
0 0.25625 0.41597222222222224 0.0046875 0.007638888888888889
0 0.24140625 0.41041666666666665 0.0078125 0.00625
0 0.217578125 0.41597222222222224 0.012890625 0.011805555555555555
0 0.1953125 0.41597222222222224 0.01015625 0.011805555555555555
0 0.246875 0.4326388888888889 0.021875 0.011805555555555555
0 0.130859375 0.4236111111111111 0.018359375 0.015277777777777777
0 0.10546875 0.41875 0.00625 0.010416666666666666
0 0.08046875 0.43680555555555556 0.03125 0.021527777777777778
0 0.036328125 0.42569444444444443 0.021484375 0.013194444444444444
0 0.011328125 0.41944444444444445 0.011328125 0.015277777777777777
0 0.06328125 0.5069444444444444 0.06328125 0.075
0 0.40546875 0.42083333333333334 0.0046875 0.006944444444444444
0 0.41484375 0.4215277777777778 0.00546875 0.00625
0 0.429296875 0.4201388888888889 0.005078125 0.00625
