0 0.652734375 0.5597222222222222 0.036328125 0.04722222222222222
0 0.62890625 0.5430555555555555 0.02421875 0.04027777777777778
0 0.6078125 0.5361111111111111 0.01640625 0.03333333333333333
0 0.5875 0.5263888888888889 0.015625 0.030555555555555555
0 0.577734375 0.5104166666666666 0.019140625 0.035416666666666666
0 0.515625 0.5298611111111111 0.04140625 0.07152777777777777
0 0.373046875 0.5243055555555556 0.026953125 0.03263888888888889
0 0.40625 0.5243055555555556 0.01171875 0.01875
0 0.445703125 0.5243055555555556 0.025390625 0.03263888888888889
0 0.47265625 0.5159722222222223 0.009375 0.02013888888888889
9 0.723828125 0.4361111111111111 0.008203125 0.015277777777777777
8 0.71484375 0.35833333333333334 0.01484375 0.005555555555555556
8 0.692578125 0.38680555555555557 0.019140625 0.010416666666666666
9 0.565234375 0.12430555555555556 0.008984375 0.04791666666666667
9 0.585546875 0.12430555555555556 0.011328125 0.04097222222222222
9 0.709375 0.4375 0.00703125 0.02361111111111111
8 0.03125 0.27291666666666664 0.025 0.014583333333333334
8 0.032421875 0.3486111111111111 0.008984375 0.016666666666666666
8 0.18359375 0.4847222222222222 0.00703125 0.020833333333333332
9 0.053515625 0.38125 0.006640625 0.02847222222222222
2 0.725390625 0.5305555555555556 0.005859375 0.022222222222222223
