0 0.509765625 0.4736111111111111 0.041015625 0.05694444444444444
0 0.71328125 0.425 0.0140625 0.015277777777777777
9 0.50390625 0.2916666666666667 0.00546875 0.018055555555555554
9 0.647265625 0.32222222222222224 0.006640625 0.016666666666666666
9 0.701953125 0.38958333333333334 0.003515625 0.009027777777777777
9 0.73359375 0.3861111111111111 0.00390625 0.009722222222222222
9 0.75703125 0.4041666666666667 0.0046875 0.005555555555555556
9 0.7609375 0.3888888888888889 0.00390625 0.006944444444444444
9 0.25234375 0.29375 0.00703125 0.01875
9 0.240625 0.29444444444444445 0.00625 0.016666666666666666
8 0.28203125 0.28055555555555556 0.021875 0.0125
8 0.34453125 0.32430555555555557 0.0078125 0.017361111111111112
8 0.77109375 0.32916666666666666 0.0234375 0.043055555555555555
8 0.630859375 0.3861111111111111 0.013671875 0.018055555555555554
8 0.428515625 0.3576388888888889 0.005078125 0.011805555555555555
8 0.1890625 0.3680555555555556 0.0125 0.022222222222222223
0 0.25 0.44513888888888886 0.03125 0.034027777777777775
0 0.57421875 0.4326388888888889 0.01328125 0.01597222222222222
0 0.62265625 0.4201388888888889 0.0109375 0.009027777777777777
0 0.34453125 0.43680555555555556 0.01875 0.017361111111111112
0 0.783203125 0.4111111111111111 0.010546875 0.0125
0 0.75390625 0.4215277777777778 0.009375 0.014583333333333334
0 0.694921875 0.42430555555555555 0.005859375 0.011805555555555555
0 0.683203125 0.41805555555555557 0.005859375 0.011111111111111112
0 0.655859375 0.41597222222222224 0.005859375 0.010416666666666666
0 0.594921875 0.4152777777777778 0.013671875 0.015277777777777777
0 0.4546875 0.43125 0.01171875 0.011805555555555555
9 0.33515625 0.375 0.00703125 0.013888888888888888
2 0.869140625 0.4131944444444444 0.005859375 0.03125
2 0.85078125 0.4131944444444444 0.00859375 0.03125
9 0.511328125 0.2902777777777778 0.004296875 0.020833333333333332
