0 0.44453125 0.47291666666666665 0.0125 0.014583333333333334
0 0.46640625 0.47430555555555554 0.00703125 0.01597222222222222
0 0.36171875 0.46875 0.009375 0.021527777777777778
0 0.389453125 0.4736111111111111 0.023046875 0.027777777777777776
0 0.33515625 0.4638888888888889 0.02578125 0.034722222222222224
0 0.49609375 0.4722222222222222 0.0203125 0.022222222222222223
0 0.68828125 0.5118055555555555 0.11015625 0.13541666666666666
0 0.844921875 0.6479166666666667 0.153515625 0.2659722222222222
8 0.579296875 0.34305555555555556 0.015234375 0.0125
8 0.225 0.3194444444444444 0.0125 0.011111111111111112
8 0.71484375 0.23055555555555557 0.01484375 0.02361111111111111
9 0.733203125 0.2791666666666667 0.017578125 0.029166666666666667
9 0.59765625 0.36875 0.0109375 0.02013888888888889
9 0.44296875 0.20625 0.0078125 0.03263888888888889
9 0.266015625 0.13194444444444445 0.010546875 0.029166666666666667
9 0.24765625 0.12986111111111112 0.01015625 0.03680555555555556
9 0.42578125 0.20416666666666666 0.009375 0.03194444444444444
9 0.6953125 0.2916666666666667 0.01015625 0.027777777777777776
9 0.223828125 0.3680555555555556 0.005078125 0.0125
9 0.212109375 0.36736111111111114 0.005078125 0.014583333333333334
9 0.423046875 0.45416666666666666 0.005078125 0.011111111111111112
0 0.422265625 0.4798611111111111 0.006640625 0.007638888888888889
