8 0.48828125 0.5493055555555556 0.00546875 0.010416666666666666
8 0.487890625 0.5277777777777778 0.005078125 0.006944444444444444
0 0.545703125 0.5847222222222223 0.005859375 0.009722222222222222
0 0.515625 0.5833333333333334 0.0078125 0.008333333333333333
0 0.491796875 0.5861111111111111 0.008984375 0.008333333333333333
0 0.560546875 0.5819444444444445 0.008984375 0.006944444444444444
0 0.58125 0.5805555555555556 0.0078125 0.006944444444444444
0 0.167578125 0.5881944444444445 0.025390625 0.022916666666666665
0 0.53203125 0.5875 0.01171875 0.015277777777777777
0 0.670703125 0.6020833333333333 0.044140625 0.06180555555555556
4 0.4078125 0.575 0.01328125 0.016666666666666666
4 0.39140625 0.5680555555555555 0.01171875 0.02361111111111111
4 0.354296875 0.5631944444444444 0.029296875 0.02847222222222222
4 0.30390625 0.5666666666666667 0.03125 0.029166666666666667
4 0.231640625 0.5611111111111111 0.069921875 0.0375
0 0.030078125 0.5861111111111111 0.030078125 0.03333333333333333
4 0.076171875 0.5451388888888888 0.076171875 0.06736111111111111
