0 0.517578125 0.5375 0.005859375 0.0125
0 0.531640625 0.5472222222222223 0.008203125 0.025
0 0.49296875 0.5527777777777778 0.0140625 0.034722222222222224
0 0.641796875 0.5298611111111111 0.017578125 0.017361111111111112
0 0.672265625 0.5291666666666667 0.012890625 0.018055555555555554
0 0.573828125 0.5541666666666667 0.033984375 0.04861111111111111
0 0.3734375 0.6541666666666667 0.13125 0.19305555555555556
0 0.787109375 0.5826388888888889 0.079296875 0.09513888888888888
0 0.9078125 0.6020833333333333 0.09140625 0.17291666666666666
0 0.234375 0.5729166666666666 0.01875 0.03125
0 0.185546875 0.5819444444444445 0.033984375 0.0375
0 0.140234375 0.5930555555555556 0.026953125 0.03194444444444444
0 0.042578125 0.5993055555555555 0.042578125 0.04097222222222222
