0 0.296875 0.5444444444444444 0.02734375 0.02638888888888889
0 0.370703125 0.5340277777777778 0.012890625 0.022916666666666665
0 0.086328125 0.53125 0.086328125 0.06875
0 0.408984375 0.53125 0.009765625 0.011805555555555555
0 0.475 0.5395833333333333 0.00859375 0.013194444444444444
0 0.49921875 0.55 0.0203125 0.03194444444444444
0 0.6046875 0.5638888888888889 0.0125 0.02361111111111111
1 0.275 0.5180555555555556 0.034375 0.0375
0 0.441796875 0.55 0.019140625 0.03194444444444444
0 0.55546875 0.5638888888888889 0.04453125 0.06666666666666667
8 0.478125 0.4756944444444444 0.02421875 0.022916666666666665
8 0.423046875 0.5034722222222222 0.005078125 0.01597222222222222
8 0.44375 0.5027777777777778 0.00390625 0.0125
8 0.473046875 0.5194444444444445 0.003515625 0.008333333333333333
8 0.7453125 0.45416666666666666 0.0140625 0.025
8 0.744921875 0.5520833333333334 0.005078125 0.013194444444444444
0 0.88671875 0.6555555555555556 0.109375 0.20833333333333334
