2 0.0203125 0.4131944444444444 0.0203125 0.18125
2 0.090234375 0.45555555555555555 0.028515625 0.1486111111111111
2 0.385546875 0.45069444444444445 0.017578125 0.11875
2 0.4078125 0.46805555555555556 0.00625 0.034722222222222224
2 0.423828125 0.4701388888888889 0.005859375 0.03263888888888889
2 0.444140625 0.46875 0.006640625 0.034027777777777775
2 0.45859375 0.47708333333333336 0.00390625 0.03263888888888889
8 0.3640625 0.17847222222222223 0.01640625 0.04375
8 0.4765625 0.30486111111111114 0.0203125 0.010416666666666666
9 0.516015625 0.31319444444444444 0.007421875 0.01597222222222222
9 0.67421875 0.29097222222222224 0.00859375 0.024305555555555556
9 0.690625 0.2923611111111111 0.0078125 0.021527777777777778
9 0.715234375 0.30277777777777776 0.005859375 0.025
9 0.758984375 0.3951388888888889 0.006640625 0.021527777777777778
9 0.75625 0.4340277777777778 0.0078125 0.013194444444444444
8 0.675390625 0.42083333333333334 0.004296875 0.013888888888888888
8 0.684765625 0.42430555555555555 0.005859375 0.010416666666666666
0 0.498046875 0.46041666666666664 0.010546875 0.011805555555555555
0 0.553515625 0.48194444444444445 0.010546875 0.009722222222222222
0 0.55234375 0.4708333333333333 0.009375 0.013888888888888888
0 0.579296875 0.475 0.013671875 0.020833333333333332
0 0.599609375 0.4847222222222222 0.008984375 0.020833333333333332
0 0.631640625 0.4888888888888889 0.023046875 0.027777777777777776
9 0.524609375 0.4444444444444444 0.005078125 0.009722222222222222
0 0.8859375 0.5541666666666667 0.11328125 0.21805555555555556
2 0.685546875 0.49027777777777776 0.006640625 0.03194444444444444
9 0.278125 0.2777777777777778 0.009375 0.020833333333333332
0 0.1921875 0.49166666666666664 0.0265625 0.027777777777777776
