0 0.475390625 0.5354166666666667 0.012109375 0.022916666666666665
0 0.493359375 0.5361111111111111 0.008203125 0.02638888888888889
0 0.45703125 0.5548611111111111 0.0140625 0.029861111111111113
0 0.35703125 0.5833333333333334 0.1015625 0.14166666666666666
0 0.081640625 0.5826388888888889 0.081640625 0.09375
0 0.009375 0.6083333333333333 0.009375 0.10833333333333334
2 0.232421875 0.5472222222222223 0.006640625 0.02638888888888889
0 0.5265625 0.4756944444444444 0.01015625 0.00625
9 0.435546875 0.3298611111111111 0.006640625 0.01597222222222222
8 0.603515625 0.40555555555555556 0.008203125 0.016666666666666666
0 0.825 0.6597222222222222 0.17265625 0.25277777777777777
0 0.52109375 0.5534722222222223 0.02890625 0.04375
