8 0.819921875 0.43333333333333335 0.025390625 0.013888888888888888
8 0.819921875 0.3597222222222222 0.025390625 0.04027777777777778
8 0.844921875 0.2611111111111111 0.020703125 0.02361111111111111
8 0.822265625 0.20208333333333334 0.019140625 0.014583333333333334
8 0.823046875 0.14722222222222223 0.014453125 0.041666666666666664
8 0.59609375 0.5006944444444444 0.01015625 0.010416666666666666
9 0.53359375 0.4513888888888889 0.003125 0.0125
9 0.65 0.4652777777777778 0.0015625 0.013888888888888888
9 0.560546875 0.5388888888888889 0.001171875 0.011111111111111112
0 0.509375 0.5902777777777778 0.00546875 0.015277777777777777
0 0.498828125 0.5868055555555556 0.006640625 0.024305555555555556
0 0.439453125 0.5722222222222222 0.005859375 0.013888888888888888
0 0.5265625 0.6055555555555555 0.01640625 0.0375
0 0.546875 0.5715277777777777 0.0125 0.007638888888888889
0 0.633203125 0.5763888888888888 0.024609375 0.013888888888888888
0 0.471875 0.5979166666666667 0.02890625 0.04375
0 0.604296875 0.69375 0.091796875 0.12708333333333333
1 0.228125 0.4236111111111111 0.228125 0.3902777777777778
2 0.991015625 0.6506944444444445 0.008984375 0.08402777777777778
2 0.907421875 0.6006944444444444 0.012890625 0.04652777777777778
2 0.871875 0.5965277777777778 0.0140625 0.04236111111111111
2 0.840234375 0.6048611111111111 0.009765625 0.04652777777777778
