0 0.316796875 0.5236111111111111 0.018359375 0.025
0 0.369921875 0.5180555555555556 0.015234375 0.02638888888888889
0 0.510546875 0.5298611111111111 0.030078125 0.04375
0 0.4078125 0.5555555555555556 0.04453125 0.06111111111111111
0 0.25703125 0.5472222222222223 0.0578125 0.06527777777777778
0 0.12109375 0.5208333333333334 0.0328125 0.030555555555555555
0 0.034375 0.5354166666666667 0.03203125 0.029861111111111113
8 0.224609375 0.45902777777777776 0.018359375 0.029861111111111113
9 0.398828125 0.4708333333333333 0.003515625 0.006944444444444444
9 0.43984375 0.48125 0.003125 0.010416666666666666
2 0.67421875 0.51875 0.0125 0.03680555555555556
2 0.65 0.5215277777777778 0.00546875 0.03263888888888889
2 0.640234375 0.5243055555555556 0.004296875 0.027083333333333334
2 0.631640625 0.5243055555555556 0.005859375 0.02847222222222222
0 0.9609375 0.5395833333333333 0.03671875 0.04375
0 0.81328125 0.5944444444444444 0.184375 0.19444444444444445
