9 0.2046875 0.10138888888888889 0.0125 0.043055555555555555
9 0.169921875 0.35138888888888886 0.008984375 0.02638888888888889
9 0.372265625 0.43125 0.006640625 0.009027777777777777
9 0.400390625 0.4326388888888889 0.005078125 0.010416666666666666
9 0.71171875 0.36736111111111114 0.0125 0.021527777777777778
9 0.67578125 0.37569444444444444 0.00390625 0.014583333333333334
8 0.45 0.43333333333333335 0.00390625 0.008333333333333333
8 0.485546875 0.44166666666666665 0.009765625 0.018055555555555554
8 0.55234375 0.35 0.00703125 0.018055555555555554
8 0.69140625 0.27291666666666664 0.0046875 0.010416666666666666
8 0.683203125 0.24166666666666667 0.022265625 0.013888888888888888
8 0.440234375 0.46041666666666664 0.005078125 0.004861111111111111
9 0.44453125 0.4791666666666667 0.0046875 0.005555555555555556
9 0.379296875 0.4708333333333333 0.004296875 0.009722222222222222
0 0.40078125 0.49930555555555556 0.0046875 0.004861111111111111
0 0.387890625 0.5027777777777778 0.007421875 0.006944444444444444
0 0.41171875 0.5013888888888889 0.00625 0.008333333333333333
0 0.421875 0.5041666666666667 0.00703125 0.011111111111111112
0 0.4328125 0.5131944444444444 0.01015625 0.02013888888888889
0 0.438671875 0.5145833333333333 0.012109375 0.02013888888888889
0 0.45390625 0.5180555555555556 0.015625 0.03333333333333333
0 0.475 0.5298611111111111 0.028125 0.03958333333333333
9 0.39140625 0.48680555555555555 0.00546875 0.007638888888888889
