8 0.8 0.23333333333333334 0.02578125 0.018055555555555554
8 0.8109375 0.2875 0.01640625 0.019444444444444445
8 0.7921875 0.3958333333333333 0.025 0.016666666666666666
9 0.458984375 0.2638888888888889 0.008984375 0.03194444444444444
9 0.215234375 0.29444444444444445 0.007421875 0.029166666666666667
9 0.441015625 0.25833333333333336 0.006640625 0.034722222222222224
9 0.196484375 0.2875 0.008984375 0.03611111111111111
9 0.060546875 0.49236111111111114 0.008203125 0.01597222222222222
9 0.817578125 0.46875 0.009765625 0.025694444444444443
8 0.0890625 0.40347222222222223 0.00703125 0.009027777777777777
8 0.064453125 0.4131944444444444 0.013671875 0.010416666666666666
9 0.5953125 0.5131944444444444 0.00625 0.014583333333333334
8 0.5890625 0.4930555555555556 0.0125 0.006944444444444444
9 0.432421875 0.5111111111111111 0.001171875 0.0125
9 0.375 0.5138888888888888 0.00234375 0.009722222222222222
9 0.39921875 0.5326388888888889 0.0015625 0.009027777777777777
9 0.4265625 0.5326388888888889 0.00234375 0.009027777777777777
0 0.3984375 0.5645833333333333 0.0046875 0.00625
0 0.378125 0.5645833333333333 0.00703125 0.00625
0 0.3078125 0.5722222222222222 0.01015625 0.018055555555555554
0 0.28125 0.5722222222222222 0.01328125 0.013888888888888888
0 0.255078125 0.5756944444444444 0.014453125 0.025694444444444443
0 0.226953125 0.5784722222222223 0.021484375 0.024305555555555556
0 0.180859375 0.5861111111111111 0.036328125 0.027777777777777776
0 0.43515625 0.5645833333333333 0.00546875 0.010416666666666666
9 0.462890625 0.5409722222222222 0.002734375 0.009027777777777777
0 0.452734375 0.5680555555555555 0.008203125 0.009722222222222222
0 0.464453125 0.5666666666666667 0.008984375 0.008333333333333333
0 0.47578125 0.5826388888888889 0.028125 0.02847222222222222
0 0.5375 0.5902777777777778 0.028125 0.04027777777777778
0 0.746875 0.5930555555555556 0.046875 0.029166666666666667
0 0.900390625 0.5881944444444445 0.061328125 0.025694444444444443
0 0.90390625 0.6395833333333333 0.07421875 0.04375
0 0.73046875 0.7111111111111111 0.13515625 0.10555555555555556
0 0.921875 0.7701388888888889 0.078125 0.17847222222222223
8 0.362890625 0.51875 0.008203125 0.004861111111111111
8 0.34453125 0.5319444444444444 0.0046875 0.004166666666666667
8 0.471875 0.5291666666666667 0.0046875 0.005555555555555556
