0 0.4546875 0.42083333333333334 0.00703125 0.009722222222222222
0 0.446484375 0.41388888888888886 0.006640625 0.009722222222222222
0 0.33828125 0.40694444444444444 0.0171875 0.022222222222222223
0 0.311328125 0.4048611111111111 0.019140625 0.024305555555555556
0 0.234375 0.4048611111111111 0.01015625 0.024305555555555556
0 0.141015625 0.40555555555555556 0.024609375 0.025
0 0.18671875 0.39791666666666664 0.03359375 0.03263888888888889
0 0.264453125 0.3958333333333333 0.032421875 0.034722222222222224
0 0.434375 0.41458333333333336 0.0109375 0.014583333333333334
0 0.480859375 0.4152777777777778 0.012109375 0.015277777777777777
9 0.064453125 0.33541666666666664 0.006640625 0.013194444444444444
9 0.08203125 0.33611111111111114 0.00546875 0.008333333333333333
8 0.074609375 0.31875 0.012890625 0.009027777777777777
8 0.1671875 0.3263888888888889 0.00625 0.018055555555555554
8 0.605078125 0.15555555555555556 0.015234375 0.018055555555555554
8 0.5328125 0.2833333333333333 0.00546875 0.0125
9 0.31796875 0.1423611111111111 0.00625 0.03125
9 0.338671875 0.13958333333333334 0.006640625 0.034027777777777775
9 0.329296875 0.1388888888888889 0.006640625 0.0375
9 0.533984375 0.19722222222222222 0.006640625 0.03333333333333333
9 0.512890625 0.2 0.007421875 0.030555555555555555
9 0.5625 0.03263888888888889 0.01640625 0.03263888888888889
