8 0.856640625 0.13680555555555557 0.012890625 0.025694444444444443
8 0.765625 0.1763888888888889 0.0203125 0.018055555555555554
8 0.847265625 0.28055555555555556 0.014453125 0.0125
8 0.854296875 0.17916666666666667 0.015234375 0.011111111111111112
8 0.184375 0.22569444444444445 0.01328125 0.014583333333333334
8 0.180078125 0.2673611111111111 0.008984375 0.009027777777777777
8 0.34453125 0.3215277777777778 0.00546875 0.00625
8 0.676953125 0.3159722222222222 0.006640625 0.02847222222222222
8 0.85625 0.22777777777777777 0.01875 0.0125
9 0.365234375 0.08055555555555556 0.007421875 0.034722222222222224
9 0.434765625 0.30972222222222223 0.003515625 0.009722222222222222
9 0.63515625 0.13680555555555557 0.00625 0.025694444444444443
9 0.38203125 0.08541666666666667 0.00546875 0.02847222222222222
9 0.158203125 0.2604166666666667 0.011328125 0.01875
9 0.48984375 0.32708333333333334 0.00390625 0.014583333333333334
9 0.865234375 0.3277777777777778 0.012109375 0.016666666666666666
8 0.412109375 0.30416666666666664 0.012109375 0.008333333333333333
0 0.194140625 0.3548611111111111 0.048046875 0.02847222222222222
0 0.45625 0.36041666666666666 0.0046875 0.011805555555555555
0 0.43046875 0.35 0.0109375 0.009722222222222222
0 0.481640625 0.3625 0.007421875 0.011111111111111112
0 0.436328125 0.3861111111111111 0.023046875 0.03194444444444444
0 0.468359375 0.3729166666666667 0.008984375 0.014583333333333334
4 0.55703125 0.35347222222222224 0.06875 0.12291666666666666
0 0.39609375 0.36180555555555555 0.0171875 0.03263888888888889
2 0.277734375 0.36180555555555555 0.005859375 0.025694444444444443
2 0.70078125 0.39305555555555555 0.00625 0.027777777777777776
2 0.6328125 0.3861111111111111 0.00625 0.02361111111111111
2 0.344140625 0.3680555555555556 0.005078125 0.020833333333333332
2 0.330859375 0.35625 0.004296875 0.022916666666666665
