8 0.483984375 0.54375 0.005859375 0.010416666666666666
0 0.375390625 0.5868055555555556 0.008203125 0.01597222222222222
0 0.387109375 0.5909722222222222 0.005078125 0.009027777777777777
0 0.359765625 0.5881944444444445 0.011328125 0.021527777777777778
0 0.3484375 0.5951388888888889 0.01015625 0.01875
0 0.333203125 0.5965277777777778 0.011328125 0.02013888888888889
0 0.328125 0.5993055555555555 0.01328125 0.022916666666666665
0 0.3046875 0.6041666666666666 0.021875 0.029166666666666667
0 0.139453125 0.6236111111111111 0.076171875 0.0763888888888889
0 0.418359375 0.5909722222222222 0.006640625 0.010416666666666666
0 0.43671875 0.5861111111111111 0.00546875 0.008333333333333333
0 0.4453125 0.5875 0.00546875 0.0125
0 0.45234375 0.5861111111111111 0.00625 0.013888888888888888
0 0.46484375 0.5875 0.01171875 0.018055555555555554
0 0.488671875 0.5854166666666667 0.016015625 0.024305555555555556
0 0.5046875 0.5916666666666667 0.0125 0.025
0 0.528125 0.5958333333333333 0.0171875 0.03333333333333333
0 0.550390625 0.6020833333333333 0.014453125 0.034027777777777775
0 0.597265625 0.6055555555555555 0.046484375 0.05138888888888889
0 0.665625 0.5965277777777778 0.04296875 0.08125
0 0.823828125 0.6041666666666666 0.149609375 0.14166666666666666
