9 0.565234375 0.19027777777777777 0.009765625 0.041666666666666664
9 0.410546875 0.13541666666666666 0.008203125 0.04236111111111111
9 0.3921875 0.1486111111111111 0.0125 0.044444444444444446
9 0.5453125 0.18888888888888888 0.01015625 0.04027777777777778
9 0.023828125 0.39375 0.015234375 0.025694444444444443
9 0.32890625 0.46597222222222223 0.00703125 0.010416666666666666
8 0.753515625 0.43680555555555556 0.024609375 0.04513888888888889
0 0.53671875 0.53125 0.01171875 0.02013888888888889
4 0.489453125 0.5020833333333333 0.022265625 0.025694444444444443
0 0.45625 0.5388888888888889 0.0109375 0.027777777777777776
0 0.496484375 0.54375 0.031640625 0.03958333333333333
0 0.423046875 0.5472222222222223 0.029296875 0.04027777777777778
0 0.090234375 0.5666666666666667 0.055078125 0.04722222222222222
0 0.030859375 0.5451388888888888 0.022265625 0.050694444444444445
0 0.572265625 0.5368055555555555 0.016796875 0.022916666666666665
2 0.60859375 0.5590277777777778 0.009375 0.04791666666666667
0 0.644140625 0.5527777777777778 0.051171875 0.0625
2 0.871875 0.5305555555555556 0.01484375 0.05555555555555555
0 0.905078125 0.7090277777777778 0.094921875 0.28680555555555554
