0 0.40078125 0.5513888888888889 0.0078125 0.006944444444444444
0 0.509375 0.5534722222222223 0.00546875 0.010416666666666666
0 0.56484375 0.5722222222222222 0.02421875 0.02638888888888889
0 0.606640625 0.5881944444444445 0.018359375 0.03125
0 0.630078125 0.5909722222222222 0.016796875 0.03819444444444445
0 0.73359375 0.6229166666666667 0.04453125 0.05347222222222222
0 0.91171875 0.6506944444444445 0.08359375 0.10486111111111111
0 0.422265625 0.56875 0.021484375 0.03125
8 0.668359375 0.2902777777777778 0.030078125 0.06805555555555555
8 0.45234375 0.5354166666666667 0.00625 0.010416666666666666
9 0.409375 0.5083333333333333 0.0046875 0.006944444444444444
9 0.385546875 0.5298611111111111 0.002734375 0.007638888888888889
9 0.4296875 0.4548611111111111 0.01015625 0.007638888888888889
