8 0.79609375 0.31666666666666665 0.03046875 0.05555555555555555
8 0.836328125 0.3333333333333333 0.009765625 0.03194444444444444
8 0.748828125 0.32569444444444445 0.015234375 0.02847222222222222
9 0.8046875 0.125 0.01015625 0.058333333333333334
9 0.830859375 0.12777777777777777 0.014453125 0.058333333333333334
0 0.010546875 0.5798611111111112 0.010546875 0.03819444444444445
8 0.64765625 0.4222222222222222 0.00546875 0.0125
8 0.627734375 0.42777777777777776 0.005078125 0.008333333333333333
8 0.5546875 0.42916666666666664 0.00703125 0.008333333333333333
9 0.43359375 0.3819444444444444 0.0015625 0.009722222222222222
9 0.38203125 0.38472222222222224 0.0015625 0.008333333333333333
0 0.45078125 0.49583333333333335 0.00859375 0.015277777777777777
0 0.30546875 0.49583333333333335 0.02109375 0.02361111111111111
0 0.159375 0.5361111111111111 0.03515625 0.03611111111111111
0 0.280078125 0.5402777777777777 0.048046875 0.05277777777777778
0 0.3578125 0.4909722222222222 0.03046875 0.052083333333333336
0 0.425 0.49930555555555556 0.02109375 0.04097222222222222
