8 0.578125 0.4131944444444444 0.021875 0.03125
8 0.48828125 0.42291666666666666 0.0109375 0.013194444444444444
8 0.465234375 0.42430555555555555 0.008984375 0.011805555555555555
8 0.469140625 0.45416666666666666 0.005078125 0.009722222222222222
8 0.78359375 0.32430555555555557 0.03203125 0.05486111111111111
8 0.70390625 0.3145833333333333 0.03671875 0.06458333333333334
8 0.6171875 0.3055555555555556 0.0375 0.0625
9 0.946484375 0.45902777777777776 0.006640625 0.014583333333333334
9 0.8859375 0.45902777777777776 0.0078125 0.014583333333333334
9 0.827734375 0.45069444444444445 0.006640625 0.013194444444444444
0 0.280078125 0.4652777777777778 0.017578125 0.015277777777777777
0 0.33125 0.4722222222222222 0.0109375 0.008333333333333333
0 0.36953125 0.46875 0.0125 0.011805555555555555
0 0.119921875 0.45416666666666666 0.027734375 0.027777777777777776
4 0.75625 0.5097222222222222 0.025 0.018055555555555554
4 0.8875 0.5256944444444445 0.01796875 0.017361111111111112
8 0.804296875 0.4166666666666667 0.011328125 0.009722222222222222
0 0.479296875 0.4965277777777778 0.012890625 0.025694444444444443
8 0.405859375 0.46319444444444446 0.008984375 0.00625
