9 0.188671875 0.4048611111111111 0.004296875 0.01875
9 0.452734375 0.40625 0.003515625 0.014583333333333334
9 0.198046875 0.4041666666666667 0.002734375 0.018055555555555554
9 0.445703125 0.40625 0.003515625 0.013194444444444444
9 0.337109375 0.5 0.002734375 0.008333333333333333
8 0.51796875 0.425 0.01171875 0.013888888888888888
1 0.684765625 0.49166666666666664 0.186328125 0.1875
0 0.344140625 0.55625 0.006640625 0.014583333333333334
0 0.323046875 0.5611111111111111 0.012109375 0.030555555555555555
0 0.4484375 0.5555555555555556 0.025 0.043055555555555555
0 0.292578125 0.5652777777777778 0.028515625 0.029166666666666667
0 0.387890625 0.5736111111111111 0.043359375 0.0625
0 0.173828125 0.5708333333333333 0.066796875 0.06805555555555555
2 0.015625 0.5701388888888889 0.01015625 0.029861111111111113
2 0.00390625 0.5625 0.00390625 0.03333333333333333
8 0.03984375 0.42430555555555555 0.00625 0.00625
8 0.05234375 0.42291666666666666 0.00703125 0.00625
9 0.41796875 0.4965277777777778 0.0046875 0.010416666666666666
