0 0.449609375 0.3638888888888889 0.007421875 0.008333333333333333
0 0.4625 0.38333333333333336 0.015625 0.025
0 0.401953125 0.39444444444444443 0.030078125 0.03888888888888889
0 0.311328125 0.38263888888888886 0.015234375 0.024305555555555556
0 0.2328125 0.3923611111111111 0.0296875 0.01875
0 0.094921875 0.38472222222222224 0.059765625 0.04861111111111111
0 0.644140625 0.37222222222222223 0.012109375 0.0125
0 0.671484375 0.37777777777777777 0.018359375 0.03333333333333333
0 0.6953125 0.3951388888888889 0.03515625 0.04375
0 0.54765625 0.4673611111111111 0.0796875 0.12291666666666666
8 0.418359375 0.1986111111111111 0.050390625 0.04722222222222222
8 0.565234375 0.2111111111111111 0.041796875 0.02361111111111111
8 0.5140625 0.33541666666666664 0.00859375 0.02013888888888889
8 0.601953125 0.2791666666666667 0.005078125 0.015277777777777777
8 0.567578125 0.24722222222222223 0.011328125 0.011111111111111112
8 0.619921875 0.28680555555555554 0.012890625 0.024305555555555556
8 0.620703125 0.3298611111111111 0.006640625 0.01875
8 0.6203125 0.3576388888888889 0.0078125 0.009027777777777777
8 0.685546875 0.3090277777777778 0.004296875 0.01875
9 0.4640625 0.3347222222222222 0.0046875 0.008333333333333333
8 0.025390625 0.32430555555555557 0.009765625 0.01875
8 0.7609375 0.16666666666666666 0.046875 0.1
