9 0.34609375 0.46875 0.00625 0.013194444444444444
9 0.529296875 0.4909722222222222 0.005078125 0.013194444444444444
9 0.494921875 0.53125 0.004296875 0.010416666666666666
9 0.44375 0.5368055555555555 0.00546875 0.009027777777777777
2 0.705859375 0.60625 0.005078125 0.029861111111111113
9 0.29609375 0.5305555555555556 0.00625 0.016666666666666666
8 0.294140625 0.48125 0.007421875 0.007638888888888889
8 0.622265625 0.47430555555555554 0.007421875 0.013194444444444444
0 0.382421875 0.5895833333333333 0.013671875 0.021527777777777778
0 0.297265625 0.5951388888888889 0.018359375 0.029861111111111113
0 0.1765625 0.6 0.0203125 0.02361111111111111
0 0.1265625 0.5965277777777778 0.02890625 0.02847222222222222
0 0.5 0.5756944444444444 0.009375 0.011805555555555555
0 0.48671875 0.5854166666666667 0.009375 0.014583333333333334
0 0.463671875 0.5840277777777778 0.008984375 0.011805555555555555
0 0.473046875 0.575 0.005859375 0.008333333333333333
0 0.440625 0.5847222222222223 0.0046875 0.011111111111111112
0 0.428125 0.5819444444444445 0.009375 0.013888888888888888
0 0.33984375 0.6090277777777777 0.03671875 0.04236111111111111
0 0.257421875 0.6027777777777777 0.039453125 0.04861111111111111
0 0.609375 0.6048611111111111 0.03046875 0.04652777777777778
0 0.536328125 0.6076388888888888 0.030078125 0.04236111111111111
0 0.859765625 0.6506944444444445 0.083203125 0.07013888888888889
8 0.71015625 0.4652777777777778 0.0078125 0.006944444444444444
2 0.7703125 0.5875 0.00625 0.018055555555555554
