8 0.481640625 0.3173611111111111 0.019140625 0.022916666666666665
8 0.44609375 0.3173611111111111 0.01484375 0.024305555555555556
0 0.3984375 0.39444444444444443 0.01796875 0.03194444444444444
0 0.468359375 0.38819444444444445 0.007421875 0.01875
0 0.483203125 0.3909722222222222 0.009765625 0.01597222222222222
0 0.499609375 0.3909722222222222 0.014453125 0.025694444444444443
0 0.35703125 0.3993055555555556 0.034375 0.06736111111111111
0 0.440625 0.4027777777777778 0.02421875 0.041666666666666664
0 0.541796875 0.4027777777777778 0.031640625 0.04722222222222222
0 0.78671875 0.48333333333333334 0.153125 0.14166666666666666
0 0.127734375 0.47152777777777777 0.127734375 0.19791666666666666
