9 0.027734375 0.30069444444444443 0.007421875 0.03263888888888889
9 0.38203125 0.3159722222222222 0.00390625 0.01875
9 0.30078125 0.3263888888888889 0.0046875 0.019444444444444445
9 0.323828125 0.3784722222222222 0.002734375 0.009027777777777777
9 0.39296875 0.31875 0.0046875 0.01597222222222222
9 0.671484375 0.30625 0.005078125 0.02013888888888889
9 0.65703125 0.30694444444444446 0.0046875 0.016666666666666666
8 0.012109375 0.24444444444444444 0.008984375 0.013888888888888888
8 0.225390625 0.3194444444444444 0.003515625 0.0125
8 0.3046875 0.41805555555555557 0.00859375 0.005555555555555556
8 0.27578125 0.3277777777777778 0.003125 0.009722222222222222
8 0.684765625 0.3138888888888889 0.008203125 0.013888888888888888
8 0.968359375 0.13541666666666666 0.020703125 0.04097222222222222
9 0.3921875 0.4173611111111111 0.00390625 0.00625
8 0.965625 0.2048611111111111 0.01640625 0.03125
2 0.646875 0.5006944444444444 0.0046875 0.025694444444444443
1 0.825 0.45694444444444443 0.1734375 0.23333333333333334
0 0.4921875 0.48055555555555557 0.00625 0.013888888888888888
0 0.50625 0.4847222222222222 0.01328125 0.018055555555555554
0 0.432421875 0.4777777777777778 0.005859375 0.019444444444444445
0 0.337890625 0.46111111111111114 0.003515625 0.006944444444444444
0 0.32109375 0.5284722222222222 0.02890625 0.07430555555555556
0 0.408203125 0.4756944444444444 0.008203125 0.013194444444444444
0 0.459765625 0.4847222222222222 0.027734375 0.0375
0 0.52265625 0.49027777777777776 0.01640625 0.019444444444444445
0 0.16328125 0.55625 0.1390625 0.22708333333333333
4 0.3703125 0.4583333333333333 0.015625 0.02361111111111111
