0 0.01953125 0.55 0.01875 0.0875
0 0.92578125 0.5395833333333333 0.071875 0.07569444444444444
0 0.048828125 0.5354166666666667 0.019140625 0.029861111111111113
0 0.076171875 0.5291666666666667 0.016796875 0.022222222222222223
0 0.10859375 0.525 0.01796875 0.022222222222222223
0 0.14453125 0.5236111111111111 0.01328125 0.013888888888888888
0 0.160546875 0.51875 0.006640625 0.011805555555555555
0 0.19609375 0.5173611111111112 0.03125 0.02847222222222222
0 0.242578125 0.5131944444444444 0.009765625 0.011805555555555555
0 0.2296875 0.5138888888888888 0.00546875 0.0125
0 0.267578125 0.50625 0.008203125 0.010416666666666666
0 0.255859375 0.5104166666666666 0.006640625 0.010416666666666666
0 0.333203125 0.5041666666666667 0.005078125 0.008333333333333333
0 0.342578125 0.5041666666666667 0.005859375 0.011111111111111112
0 0.3515625 0.4986111111111111 0.00546875 0.009722222222222222
1 0.366796875 0.4979166666666667 0.008203125 0.013194444444444444
0 0.379296875 0.5 0.004296875 0.008333333333333333
0 0.39765625 0.49930555555555556 0.00703125 0.011805555555555555
0 0.428515625 0.4979166666666667 0.018359375 0.01875
0 0.583984375 0.4965277777777778 0.022265625 0.024305555555555556
0 0.410546875 0.5 0.006640625 0.011111111111111112
0 0.555078125 0.49375 0.006640625 0.01875
0 0.537890625 0.49166666666666664 0.009765625 0.016666666666666666
0 0.477734375 0.49166666666666664 0.003515625 0.008333333333333333
0 0.459765625 0.49583333333333335 0.005859375 0.011111111111111112
0 0.698046875 0.4840277777777778 0.016796875 0.024305555555555556
0 0.7359375 0.47638888888888886 0.028125 0.020833333333333332
0 0.844921875 0.49236111111111114 0.022265625 0.03680555555555556
0 0.94765625 0.44305555555555554 0.05078125 0.018055555555555554
