0 0.548046875 0.5847222222222223 0.009765625 0.015277777777777777
0 0.5984375 0.5868055555555556 0.02421875 0.034027777777777775
0 0.489453125 0.5798611111111112 0.006640625 0.014583333333333334
8 0.413671875 0.5118055555555555 0.014453125 0.027083333333333334
8 0.816796875 0.4597222222222222 0.031640625 0.05277777777777778
8 0.765625 0.41041666666666665 0.01484375 0.04513888888888889
0 0.656640625 0.6097222222222223 0.046484375 0.04861111111111111
0 0.514453125 0.6083333333333333 0.031640625 0.044444444444444446
8 0.49140625 0.5173611111111112 0.01015625 0.010416666666666666
8 0.516015625 0.5152777777777777 0.012109375 0.0125
0 0.51484375 0.5527777777777778 0.0078125 0.009722222222222222
8 0.591015625 0.5270833333333333 0.005859375 0.007638888888888889
8 0.58515625 0.50625 0.00625 0.010416666666666666
0 0.901171875 0.5138888888888888 0.007421875 0.005555555555555556
0 0.980078125 0.51875 0.011328125 0.007638888888888889
