0 0.507421875 0.5520833333333334 0.011328125 0.01597222222222222
0 0.5328125 0.5465277777777777 0.01015625 0.02013888888888889
4 0.556640625 0.54375 0.008984375 0.02013888888888889
0 0.4671875 0.5673611111111111 0.028125 0.03680555555555556
4 0.15703125 0.5618055555555556 0.03515625 0.04236111111111111
4 0.08359375 0.55625 0.08359375 0.052083333333333336
0 0.021484375 0.6069444444444444 0.021484375 0.04027777777777778
0 0.60859375 0.5763888888888888 0.0359375 0.05
4 0.72734375 0.5902777777777778 0.09609375 0.10416666666666667
0 0.8765625 0.56875 0.03359375 0.029861111111111113
0 0.9703125 0.5770833333333333 0.0234375 0.01875
9 0.234375 0.4027777777777778 0.00546875 0.02638888888888889
9 0.36875 0.3326388888888889 0.0078125 0.024305555555555556
9 0.47578125 0.3333333333333333 0.0046875 0.02361111111111111
9 0.698046875 0.3326388888888889 0.005859375 0.024305555555555556
9 0.793359375 0.3284722222222222 0.006640625 0.024305555555555556
9 0.961328125 0.3972222222222222 0.007421875 0.02361111111111111
8 0.245703125 0.5104166666666666 0.005859375 0.021527777777777778
8 0.234375 0.30069444444444443 0.01015625 0.011805555555555555
8 0.2625 0.32916666666666666 0.0109375 0.02361111111111111
8 0.423828125 0.32916666666666666 0.023828125 0.04027777777777778
8 0.4078125 0.44722222222222224 0.0109375 0.022222222222222223
8 0.74375 0.3277777777777778 0.01328125 0.027777777777777776
8 0.92734375 0.3298611111111111 0.0140625 0.024305555555555556
8 0.49453125 0.49583333333333335 0.0125 0.008333333333333333
8 0.549609375 0.4951388888888889 0.016015625 0.009027777777777777
8 0.612109375 0.4777777777777778 0.008203125 0.013888888888888888
8 0.94453125 0.5194444444444445 0.00625 0.022222222222222223
8 0.6359375 0.5208333333333334 0.01015625 0.011111111111111112
8 0.958984375 0.30694444444444446 0.010546875 0.013888888888888888
8 0.233984375 0.44375 0.008203125 0.01875
8 0.2203125 0.44375 0.00390625 0.01875
