8 0.683203125 0.38263888888888886 0.005859375 0.010416666666666666
8 0.41875 0.42430555555555555 0.00546875 0.011805555555555555
8 0.39375 0.38125 0.0234375 0.02013888888888889
8 0.163671875 0.3729166666666667 0.030078125 0.025694444444444443
8 0.09609375 0.37777777777777777 0.034375 0.02638888888888889
8 0.333984375 0.42083333333333334 0.004296875 0.008333333333333333
0 0.964453125 0.43819444444444444 0.034765625 0.08819444444444445
0 0.02578125 0.5888888888888889 0.02578125 0.07916666666666666
0 0.12421875 0.49375 0.021875 0.025694444444444443
0 0.072265625 0.5 0.026953125 0.02361111111111111
0 0.044140625 0.5166666666666667 0.037109375 0.02638888888888889
0 0.33203125 0.45416666666666666 0.00546875 0.006944444444444444
0 0.319921875 0.4618055555555556 0.010546875 0.01597222222222222
0 0.292578125 0.49166666666666664 0.021484375 0.027777777777777776
0 0.640234375 0.46319444444444446 0.025390625 0.027083333333333334
0 0.39140625 0.44583333333333336 0.00546875 0.009722222222222222
0 0.367578125 0.4486111111111111 0.005078125 0.006944444444444444
0 0.380078125 0.46597222222222223 0.010546875 0.01597222222222222
0 0.359375 0.46944444444444444 0.0125 0.015277777777777777
0 0.44140625 0.44513888888888886 0.00625 0.009027777777777777
0 0.454296875 0.45069444444444445 0.006640625 0.010416666666666666
0 0.465625 0.45069444444444445 0.0046875 0.010416666666666666
0 0.4734375 0.45208333333333334 0.0046875 0.011805555555555555
0 0.484375 0.4534722222222222 0.00625 0.010416666666666666
0 0.499609375 0.45069444444444445 0.008203125 0.011805555555555555
0 0.50390625 0.4576388888888889 0.00625 0.010416666666666666
0 0.51328125 0.45902777777777776 0.00625 0.011805555555555555
0 0.526171875 0.45555555555555555 0.008203125 0.013888888888888888
0 0.540625 0.4576388888888889 0.00625 0.01597222222222222
0 0.561328125 0.45555555555555555 0.012890625 0.019444444444444445
0 0.5703125 0.4618055555555556 0.01015625 0.014583333333333334
0 0.592578125 0.4618055555555556 0.018359375 0.01875
8 0.40390625 0.35555555555555557 0.00703125 0.006944444444444444
8 0.0953125 0.33819444444444446 0.01484375 0.010416666666666666
8 0.159765625 0.33958333333333335 0.015234375 0.011805555555555555
0 0.20546875 0.5013888888888889 0.06953125 0.11944444444444445
