0 0.0578125 0.6881944444444444 0.05703125 0.10486111111111111
4 0.237890625 0.6208333333333333 0.130859375 0.17777777777777778
1 0.505859375 0.6166666666666667 0.076953125 0.16527777777777777
0 0.411328125 0.6548611111111111 0.021484375 0.04236111111111111
9 0.3140625 0.3416666666666667 0.00859375 0.02638888888888889
9 0.3015625 0.3451388888888889 0.00390625 0.025694444444444443
9 0.3296875 0.3472222222222222 0.00703125 0.02361111111111111
9 0.525 0.41041666666666665 0.0046875 0.021527777777777778
9 0.546875 0.4097222222222222 0.003125 0.020833333333333332
9 0.536328125 0.4097222222222222 0.003515625 0.022222222222222223
9 0.704296875 0.56875 0.005078125 0.009027777777777777
8 0.192578125 0.3472222222222222 0.018359375 0.027777777777777776
8 0.62265625 0.45 0.02421875 0.008333333333333333
8 0.796875 0.37430555555555556 0.01171875 0.022916666666666665
9 0.839453125 0.5305555555555556 0.010546875 0.016666666666666666
9 0.865234375 0.5291666666666667 0.009765625 0.016666666666666666
9 0.694921875 0.5673611111111111 0.004296875 0.010416666666666666
0 0.8453125 0.6666666666666666 0.06953125 0.041666666666666664
0 0.64140625 0.6569444444444444 0.02265625 0.030555555555555555
0 0.58984375 0.6319444444444444 0.00703125 0.043055555555555555
0 0.590234375 0.6041666666666666 0.008984375 0.03611111111111111
0 0.632421875 0.6277777777777778 0.013671875 0.018055555555555554
0 0.720703125 0.6118055555555556 0.017578125 0.009027777777777777
0 0.628125 0.6055555555555555 0.009375 0.005555555555555556
0 0.603515625 0.6055555555555555 0.002734375 0.006944444444444444
4 0.613671875 0.6 0.005859375 0.009722222222222222
2 0.7109375 0.6472222222222223 0.009375 0.034722222222222224
2 0.72734375 0.6479166666666667 0.009375 0.034027777777777775
8 0.8109375 0.4354166666666667 0.0109375 0.03263888888888889
