9 0.527734375 0.5576388888888889 0.004296875 0.011805555555555555
9 0.5015625 0.5611111111111111 0.003125 0.0125
8 0.5640625 0.5854166666666667 0.00546875 0.009027777777777777
0 0.426953125 0.6326388888888889 0.006640625 0.01875
0 0.416015625 0.6347222222222222 0.010546875 0.030555555555555555
0 0.39609375 0.6298611111111111 0.01640625 0.03263888888888889
0 0.37578125 0.6444444444444445 0.0171875 0.034722222222222224
0 0.326171875 0.6465277777777778 0.038671875 0.06041666666666667
0 0.258203125 0.6631944444444444 0.050390625 0.059027777777777776
0 0.12734375 0.7097222222222223 0.1046875 0.10416666666666667
0 0.5296875 0.6173611111111111 0.00546875 0.013194444444444444
0 0.541796875 0.6208333333333333 0.006640625 0.020833333333333332
0 0.55234375 0.6256944444444444 0.009375 0.025694444444444443
0 0.574609375 0.6409722222222223 0.012890625 0.03125
0 0.569140625 0.6243055555555556 0.019921875 0.029861111111111113
0 0.58671875 0.6409722222222223 0.0171875 0.04375
0 0.6203125 0.6375 0.03359375 0.06111111111111111
0 0.700390625 0.6694444444444444 0.083984375 0.1125
0 0.86015625 0.7215277777777778 0.1390625 0.27708333333333335
0 0.512109375 0.6236111111111111 0.013671875 0.02361111111111111
0 0.4625 0.6166666666666667 0.02109375 0.044444444444444446
