9 0.3421875 0.3541666666666667 0.00390625 0.016666666666666666
9 0.467578125 0.3472222222222222 0.002734375 0.015277777777777777
9 0.461328125 0.34652777777777777 0.003515625 0.01597222222222222
9 0.57109375 0.29583333333333334 0.0046875 0.018055555555555554
9 0.58125 0.30416666666666664 0.00390625 0.018055555555555554
9 0.706640625 0.41041666666666665 0.007421875 0.014583333333333334
9 0.3359375 0.4201388888888889 0.0078125 0.010416666666666666
8 0.3453125 0.29375 0.00703125 0.02013888888888889
8 0.337109375 0.37569444444444444 0.008203125 0.00625
8 0.41953125 0.3486111111111111 0.01640625 0.0125
8 0.69609375 0.37222222222222223 0.01015625 0.011111111111111112
8 0.70703125 0.3298611111111111 0.009375 0.011805555555555555
8 0.612890625 0.30277777777777776 0.009765625 0.016666666666666666
0 0.555859375 0.49375 0.005078125 0.013194444444444444
0 0.544140625 0.49236111111111114 0.005078125 0.010416666666666666
0 0.58359375 0.49444444444444446 0.00625 0.0125
4 0.728125 0.48055555555555557 0.03359375 0.034722222222222224
2 0.685546875 0.5027777777777778 0.005078125 0.03333333333333333
2 0.669921875 0.5020833333333333 0.006640625 0.02847222222222222
0 0.528515625 0.4895833333333333 0.016015625 0.021527777777777778
0 0.571484375 0.4986111111111111 0.010546875 0.016666666666666666
0 0.41796875 0.5611111111111111 0.096875 0.16527777777777777
0 0.837890625 0.63125 0.161328125 0.19375
4 0.051953125 0.44513888888888886 0.051953125 0.08680555555555555
9 0.720703125 0.41458333333333336 0.006640625 0.017361111111111112
9 0.708203125 0.4131944444444444 0.007421875 0.014583333333333334
