0 0.855859375 0.41041666666666665 0.100390625 0.10208333333333333
0 0.668359375 0.40902777777777777 0.048046875 0.05347222222222222
0 0.322265625 0.41458333333333336 0.033984375 0.04375
0 0.296484375 0.40208333333333335 0.016796875 0.03125
0 0.278125 0.3736111111111111 0.0140625 0.030555555555555555
0 0.26171875 0.36875 0.00703125 0.017361111111111112
0 0.241796875 0.35138888888888886 0.005859375 0.013888888888888888
0 0.251953125 0.36666666666666664 0.004296875 0.0125
0 0.1234375 0.34305555555555556 0.0390625 0.02361111111111111
0 0.191015625 0.35347222222222224 0.010546875 0.014583333333333334
8 0.026171875 0.3173611111111111 0.016015625 0.02847222222222222
8 0.028125 0.37083333333333335 0.00625 0.011111111111111112
9 0.176953125 0.31875 0.008203125 0.013194444444444444
9 0.213671875 0.30833333333333335 0.005859375 0.011111111111111112
8 0.501953125 0.26458333333333334 0.018359375 0.009027777777777777
8 0.48984375 0.30069444444444443 0.0078125 0.010416666666666666
8 0.495703125 0.24305555555555555 0.005859375 0.006944444444444444
9 0.515234375 0.30277777777777776 0.009765625 0.022222222222222223
8 0.348046875 0.3076388888888889 0.005078125 0.027083333333333334
9 0.0171875 0.12361111111111112 0.0171875 0.030555555555555555
9 0.00703125 0.2701388888888889 0.00703125 0.022916666666666665
9 0.793359375 0.11319444444444444 0.026953125 0.06180555555555556
8 0.75234375 0.04027777777777778 0.025 0.03333333333333333
8 0.703515625 0.011111111111111112 0.020703125 0.011111111111111112
