0 0.66015625 0.4826388888888889 0.00625 0.014583333333333334
0 0.6484375 0.4826388888888889 0.009375 0.014583333333333334
0 0.633984375 0.48819444444444443 0.007421875 0.011805555555555555
0 0.623046875 0.48680555555555555 0.007421875 0.013194444444444444
0 0.60546875 0.4840277777777778 0.01171875 0.01597222222222222
0 0.5765625 0.4840277777777778 0.01171875 0.01597222222222222
0 0.553515625 0.4847222222222222 0.016015625 0.020833333333333332
0 0.5109375 0.47847222222222224 0.02109375 0.03125
0 0.450390625 0.47708333333333336 0.044921875 0.06180555555555556
0 0.12578125 0.50625 0.07578125 0.04236111111111111
0 0.266015625 0.5368055555555555 0.108984375 0.11180555555555556
4 0.721484375 0.47430555555555554 0.060546875 0.07152777777777777
8 0.10390625 0.4083333333333333 0.01640625 0.03194444444444444
8 0.357421875 0.4215277777777778 0.008984375 0.01597222222222222
8 0.35859375 0.44930555555555557 0.00546875 0.014583333333333334
8 0.66484375 0.44583333333333336 0.00625 0.008333333333333333
8 0.715234375 0.3875 0.008984375 0.02361111111111111
