9 0.497265625 0.2375 0.004296875 0.008333333333333333
9 0.43359375 0.2465277777777778 0.0046875 0.009027777777777777
9 0.4625 0.28125 0.003125 0.007638888888888889
9 0.474609375 0.27708333333333335 0.003515625 0.007638888888888889
0 0.448828125 0.2965277777777778 0.006640625 0.013194444444444444
0 0.4828125 0.29791666666666666 0.0046875 0.010416666666666666
0 0.441796875 0.30277777777777776 0.007421875 0.016666666666666666
0 0.432421875 0.3 0.009765625 0.019444444444444445
0 0.421484375 0.30833333333333335 0.011328125 0.025
0 0.409765625 0.31666666666666665 0.014453125 0.03611111111111111
0 0.38125 0.33125 0.0203125 0.04236111111111111
0 0.362109375 0.34444444444444444 0.023828125 0.04861111111111111
0 0.321484375 0.35625 0.048046875 0.06041666666666667
0 0.492578125 0.2951388888888889 0.005078125 0.022916666666666665
0 0.501953125 0.29791666666666666 0.009765625 0.025694444444444443
0 0.51328125 0.30972222222222223 0.0109375 0.02361111111111111
0 0.533203125 0.31527777777777777 0.015234375 0.03194444444444444
0 0.269921875 0.3958333333333333 0.083203125 0.08333333333333333
0 0.58046875 0.32222222222222224 0.03828125 0.05694444444444444
0 0.8375 0.35833333333333334 0.1609375 0.325
0 0.468359375 0.30416666666666664 0.009765625 0.013888888888888888
