2 0.084375 0.46805555555555556 0.05546875 0.20972222222222223
8 0.17890625 0.2861111111111111 0.01015625 0.05555555555555555
8 0.19921875 0.2 0.03125 0.027777777777777776
8 0.1984375 0.08680555555555555 0.0546875 0.08680555555555555
8 0.32265625 0.34375 0.00703125 0.025694444444444443
0 0.40703125 0.4652777777777778 0.04296875 0.058333333333333334
0 0.517578125 0.4583333333333333 0.046484375 0.06111111111111111
0 0.56328125 0.45416666666666666 0.015625 0.043055555555555555
0 0.70859375 0.42777777777777776 0.02890625 0.044444444444444446
0 0.630078125 0.4388888888888889 0.057421875 0.08194444444444444
2 0.662109375 0.4465277777777778 0.017578125 0.07569444444444444
0 0.856640625 0.4486111111111111 0.142578125 0.2763888888888889
