0 0.534765625 0.33958333333333335 0.005859375 0.007638888888888889
0 0.524609375 0.3423611111111111 0.007421875 0.010416666666666666
0 0.51328125 0.3402777777777778 0.0078125 0.018055555555555554
0 0.49375 0.34930555555555554 0.0125 0.02847222222222222
2 0.465625 0.36180555555555555 0.01875 0.03125
0 0.26171875 0.3902777777777778 0.08828125 0.09861111111111111
2 0.430078125 0.37430555555555556 0.005859375 0.021527777777777778
0 0.019921875 0.5673611111111111 0.019921875 0.08541666666666667
0 0.548046875 0.34305555555555556 0.006640625 0.006944444444444444
0 0.561328125 0.33819444444444446 0.006640625 0.009027777777777777
0 0.57421875 0.3368055555555556 0.00546875 0.010416666666666666
0 0.58515625 0.33541666666666664 0.00546875 0.013194444444444444
0 0.598828125 0.34097222222222223 0.008203125 0.017361111111111112
0 0.6125 0.3451388888888889 0.00546875 0.01597222222222222
0 0.633984375 0.35 0.016015625 0.027777777777777776
0 0.72734375 0.34652777777777777 0.04140625 0.09236111111111112
0 0.768359375 0.3645833333333333 0.039453125 0.09236111111111112
0 0.844140625 0.37430555555555556 0.073828125 0.12013888888888889
0 0.9390625 0.4215277777777778 0.059375 0.16597222222222222
9 0.448046875 0.1638888888888889 0.006640625 0.019444444444444445
9 0.58671875 0.1597222222222222 0.00390625 0.020833333333333332
9 0.6859375 0.24722222222222223 0.01015625 0.018055555555555554
9 0.782421875 0.22777777777777777 0.006640625 0.013888888888888888
8 0.2609375 0.2423611111111111 0.01484375 0.010416666666666666
8 0.403125 0.26319444444444445 0.01015625 0.00625
8 0.791796875 0.1909722222222222 0.008203125 0.010416666666666666
8 0.68359375 0.21805555555555556 0.0109375 0.005555555555555556
8 0.51328125 0.28958333333333336 0.00390625 0.007638888888888889
9 0.52890625 0.2777777777777778 0.00546875 0.009722222222222222
9 0.543359375 0.30694444444444446 0.005078125 0.006944444444444444
9 0.560546875 0.3173611111111111 0.003515625 0.007638888888888889
8 0.67265625 0.26875 0.00546875 0.007638888888888889
0 0.123046875 0.4583333333333333 0.123046875 0.10138888888888889
9 0.577734375 0.16041666666666668 0.003515625 0.021527777777777778
9 0.393359375 0.29375 0.006640625 0.013194444444444444
