0 0.3140625 0.4201388888888889 0.0046875 0.007638888888888889
0 0.371484375 0.42777777777777776 0.008203125 0.0125
0 0.336328125 0.41458333333333336 0.002734375 0.00625
0 0.34140625 0.41597222222222224 0.0015625 0.00625
0 0.348046875 0.425 0.004296875 0.0125
0 0.394140625 0.4284722222222222 0.008203125 0.01597222222222222
0 0.301171875 0.41944444444444445 0.004296875 0.006944444444444444
0 0.295703125 0.4215277777777778 0.005859375 0.010416666666666666
0 0.286328125 0.41944444444444445 0.005078125 0.008333333333333333
0 0.280859375 0.42777777777777776 0.006640625 0.008333333333333333
0 0.2640625 0.4354166666666667 0.0125 0.017361111111111112
0 0.244140625 0.42986111111111114 0.008203125 0.013194444444444444
0 0.217578125 0.44583333333333336 0.019921875 0.016666666666666666
0 0.1484375 0.4486111111111111 0.01875 0.02361111111111111
0 0.09296875 0.4625 0.03828125 0.025
0 0.048046875 0.46319444444444446 0.029296875 0.027083333333333334
0 0.4296875 0.45625 0.03046875 0.04652777777777778
0 0.338671875 0.4395833333333333 0.013671875 0.01875
8 0.374609375 0.37222222222222223 0.006640625 0.002777777777777778
8 0.373828125 0.38125 0.014453125 0.00625
8 0.6484375 0.3229166666666667 0.0078125 0.017361111111111112
8 0.66484375 0.33194444444444443 0.00859375 0.016666666666666666
