8 0.544140625 0.38958333333333334 0.013671875 0.01875
8 0.506640625 0.4097222222222222 0.005859375 0.0125
4 0.448828125 0.425 0.012109375 0.02638888888888889
4 0.424609375 0.4409722222222222 0.009765625 0.014583333333333334
0 0.383203125 0.4486111111111111 0.007421875 0.011111111111111112
0 0.34609375 0.43472222222222223 0.01171875 0.008333333333333333
0 0.401171875 0.44722222222222224 0.010546875 0.016666666666666666
0 0.439453125 0.44375 0.012890625 0.01875
0 0.63125 0.45902777777777776 0.0453125 0.06458333333333334
0 0.2625 0.49166666666666664 0.05703125 0.06527777777777778
