9 0.498828125 0.41805555555555557 0.005078125 0.008333333333333333
9 0.45625 0.4166666666666667 0.00625 0.008333333333333333
9 0.47890625 0.41388888888888886 0.0046875 0.008333333333333333
9 0.50859375 0.4354166666666667 0.00546875 0.010416666666666666
0 0.483203125 0.44722222222222224 0.007421875 0.008333333333333333
0 0.47109375 0.44375 0.00703125 0.010416666666666666
0 0.425390625 0.4395833333333333 0.010546875 0.010416666666666666
0 0.4109375 0.44166666666666665 0.00703125 0.008333333333333333
0 0.403515625 0.44027777777777777 0.006640625 0.011111111111111112
0 0.397265625 0.44027777777777777 0.006640625 0.009722222222222222
0 0.385546875 0.4423611111111111 0.006640625 0.013194444444444444
0 0.376953125 0.4375 0.006640625 0.018055555555555554
0 0.365625 0.43125 0.0109375 0.02013888888888889
0 0.3390625 0.4326388888888889 0.0140625 0.017361111111111112
0 0.312109375 0.4222222222222222 0.022265625 0.03194444444444444
0 0.283984375 0.4305555555555556 0.014453125 0.020833333333333332
0 0.263671875 0.43194444444444446 0.012109375 0.022222222222222223
0 0.226953125 0.42986111111111114 0.033984375 0.035416666666666666
0 0.121875 0.43472222222222223 0.046875 0.044444444444444446
