0 0.055078125 0.5201388888888889 0.054296875 0.11180555555555556
0 0.309765625 0.48819444444444443 0.047265625 0.06597222222222222
0 0.434765625 0.47847222222222224 0.017578125 0.024305555555555556
0 0.3765625 0.47847222222222224 0.02265625 0.034027777777777775
0 0.266796875 0.46944444444444444 0.010546875 0.03888888888888889
0 0.40078125 0.46319444444444446 0.0109375 0.022916666666666665
8 0.54296875 0.4166666666666667 0.021875 0.034722222222222224
8 0.484765625 0.40069444444444446 0.012890625 0.03680555555555556
8 0.50234375 0.4083333333333333 0.0046875 0.02638888888888889
8 0.466015625 0.40347222222222223 0.006640625 0.011805555555555555
