0 0.025390625 0.7555555555555555 0.025390625 0.03888888888888889
0 0.047265625 0.7243055555555555 0.010546875 0.009027777777777777
0 0.081640625 0.7277777777777777 0.037890625 0.0375
0 0.146875 0.7180555555555556 0.03984375 0.034722222222222224
0 0.2171875 0.6965277777777777 0.0234375 0.027083333333333334
0 0.303125 0.6694444444444444 0.01171875 0.0125
4 0.46796875 0.6125 0.015625 0.03333333333333333
0 0.391015625 0.6388888888888888 0.006640625 0.008333333333333333
0 0.39765625 0.6361111111111111 0.0046875 0.008333333333333333
0 0.525390625 0.6263888888888889 0.014453125 0.025
0 0.490625 0.6159722222222223 0.00390625 0.010416666666666666
0 0.495703125 0.61875 0.003515625 0.01597222222222222
0 0.5015625 0.6201388888888889 0.0046875 0.014583333333333334
0 0.511328125 0.6229166666666667 0.007421875 0.021527777777777778
0 0.4109375 0.6333333333333333 0.00546875 0.006944444444444444
0 0.41796875 0.6319444444444444 0.00390625 0.008333333333333333
0 0.4265625 0.6298611111111111 0.0046875 0.00625
0 0.442578125 0.6256944444444444 0.005078125 0.00625
9 0.721484375 0.46319444444444446 0.010546875 0.017361111111111112
8 0.7171875 0.42569444444444443 0.02265625 0.010416666666666666
9 0.6953125 0.47152777777777777 0.009375 0.01875
8 0.320703125 0.5930555555555556 0.010546875 0.0125
8 0.069140625 0.6590277777777778 0.008203125 0.00625
9 0.269921875 0.6451388888888889 0.005078125 0.011805555555555555
9 0.2796875 0.6368055555555555 0.0046875 0.011805555555555555
0 0.376953125 0.6409722222222223 0.005859375 0.014583333333333334
