0 0.4875 0.49166666666666664 0.00546875 0.009722222222222222
0 0.481640625 0.4951388888888889 0.005859375 0.013194444444444444
0 0.475 0.5034722222222222 0.00703125 0.01597222222222222
0 0.678125 0.49236111111111114 0.03203125 0.06319444444444444
0 0.556640625 0.4895833333333333 0.005859375 0.011805555555555555
0 0.562890625 0.4951388888888889 0.005078125 0.017361111111111112
0 0.46328125 0.5034722222222222 0.0125 0.01875
0 0.578125 0.5013888888888889 0.01640625 0.02361111111111111
0 0.753515625 0.4895833333333333 0.073828125 0.08680555555555555
0 0.968359375 0.5416666666666666 0.030859375 0.08194444444444444
