8 0.22421875 0.3590277777777778 0.04765625 0.05486111111111111
0 0.629296875 0.43819444444444444 0.016796875 0.027083333333333334
0 0.656640625 0.44305555555555554 0.012109375 0.019444444444444445
0 0.680078125 0.4326388888888889 0.012109375 0.021527777777777778
0 0.7015625 0.43819444444444444 0.0125 0.017361111111111112
0 0.730859375 0.44166666666666665 0.013671875 0.015277777777777777
8 0.565234375 0.2361111111111111 0.008984375 0.018055555555555554
8 0.56484375 0.2791666666666667 0.0109375 0.016666666666666666
8 0.566015625 0.30972222222222223 0.008203125 0.009722222222222222
0 0.064453125 0.4173611111111111 0.055078125 0.04097222222222222
8 0.719140625 0.41388888888888886 0.005078125 0.009722222222222222
9 0.728515625 0.39166666666666666 0.004296875 0.009722222222222222
8 0.74453125 0.39444444444444443 0.00546875 0.009722222222222222
0 0.765625 0.4423611111111111 0.01484375 0.01597222222222222
0 0.79296875 0.44583333333333336 0.01171875 0.016666666666666666
