9 0.5828125 0.37222222222222223 0.0046875 0.0125
9 0.162890625 0.3458333333333333 0.003515625 0.015277777777777777
9 0.153515625 0.34375 0.002734375 0.011805555555555555
9 0.154296875 0.3763888888888889 0.005078125 0.008333333333333333
0 0.17421875 0.43194444444444446 0.01484375 0.015277777777777777
0 0.08984375 0.45625 0.08203125 0.07013888888888889
4 0.21953125 0.4263888888888889 0.0265625 0.022222222222222223
0 0.2640625 0.42916666666666664 0.0140625 0.018055555555555554
0 0.41875 0.51875 0.16875 0.26180555555555557
0 0.684765625 0.4395833333333333 0.019921875 0.021527777777777778
4 0.835546875 0.4340277777777778 0.163671875 0.4340277777777778
