0 0.828125 0.26944444444444443 0.021875 0.016666666666666666
0 0.847265625 0.2708333333333333 0.024609375 0.015277777777777777
0 0.883203125 0.27708333333333335 0.022265625 0.009027777777777777
0 0.909765625 0.2833333333333333 0.030078125 0.0125
0 0.8421875 0.3236111111111111 0.0484375 0.030555555555555555
0 0.89609375 0.33194444444444443 0.07890625 0.03611111111111111
0 0.905078125 0.3645833333333333 0.062109375 0.03958333333333333
0 0.921484375 0.37916666666666665 0.057421875 0.0375
0 0.948046875 0.39652777777777776 0.048046875 0.04513888888888889
0 0.962109375 0.41041666666666665 0.033984375 0.04513888888888889
0 0.973828125 0.4479166666666667 0.024609375 0.03958333333333333
0 0.1375 0.4361111111111111 0.01328125 0.019444444444444445
0 0.01953125 0.43125 0.01328125 0.050694444444444445
0 0.075390625 0.4548611111111111 0.056640625 0.08402777777777778
0 0.18828125 0.4479166666666667 0.02734375 0.03125
9 0.573046875 0.17152777777777778 0.011328125 0.05763888888888889
9 0.58515625 0.29791666666666666 0.01171875 0.025694444444444443
9 0.553125 0.30625 0.01328125 0.025694444444444443
