0 0.5234375 0.42430555555555555 0.0125 0.014583333333333334
0 0.542578125 0.4270833333333333 0.009765625 0.014583333333333334
0 0.5515625 0.43125 0.01171875 0.014583333333333334
0 0.578515625 0.45208333333333334 0.024609375 0.03819444444444445
0 0.48828125 0.46041666666666664 0.07109375 0.050694444444444445
0 0.41171875 0.4388888888888889 0.00703125 0.009722222222222222
0 0.38203125 0.4423611111111111 0.01015625 0.01597222222222222
0 0.3671875 0.44722222222222224 0.0078125 0.018055555555555554
0 0.347265625 0.46805555555555556 0.028515625 0.03888888888888889
0 0.290625 0.46041666666666664 0.015625 0.03125
0 0.24140625 0.46944444444444444 0.04296875 0.05
0 0.95 0.4340277777777778 0.04921875 0.05625
0 0.8015625 0.5125 0.1015625 0.09444444444444444
8 0.63828125 0.3076388888888889 0.009375 0.009027777777777777
8 0.628125 0.33611111111111114 0.0109375 0.009722222222222222
8 0.626171875 0.24513888888888888 0.007421875 0.024305555555555556
8 0.421875 0.3576388888888889 0.0109375 0.024305555555555556
8 0.396875 0.37569444444444444 0.00625 0.009027777777777777
8 0.614453125 0.3625 0.009765625 0.019444444444444445
8 0.023828125 0.1625 0.022265625 0.018055555555555554
9 0.134375 0.16944444444444445 0.01171875 0.0375
9 0.15546875 0.16805555555555557 0.009375 0.03611111111111111
9 0.82578125 0.2881944444444444 0.01015625 0.025694444444444443
9 0.5421875 0.23819444444444443 0.00703125 0.021527777777777778
9 0.1515625 0.40208333333333335 0.00703125 0.013194444444444444
2 0.66640625 0.4423611111111111 0.00546875 0.027083333333333334
2 0.65859375 0.45625 0.00625 0.035416666666666666
2 0.64765625 0.4479166666666667 0.00625 0.03125
2 0.644921875 0.4527777777777778 0.008984375 0.03194444444444444
2 0.64140625 0.4638888888888889 0.00703125 0.030555555555555555
2 0.628125 0.46597222222222223 0.00546875 0.029861111111111113
2 0.87421875 0.4263888888888889 0.01796875 0.044444444444444446
2 0.39765625 0.4583333333333333 0.0109375 0.04027777777777778
0 0.990234375 0.5993055555555555 0.008984375 0.0798611111111111
9 0.557421875 0.23958333333333334 0.008203125 0.021527777777777778
9 0.403515625 0.28125 0.003515625 0.02013888888888889
8 0.1703125 0.38125 0.0109375 0.009027777777777777
9 0.6296875 0.28541666666666665 0.00546875 0.013194444444444444
9 0.64453125 0.36875 0.00546875 0.009027777777777777
