9 0.584765625 0.3472222222222222 0.007421875 0.011111111111111112
9 0.733984375 0.35347222222222224 0.006640625 0.011805555555555555
9 0.128125 0.4847222222222222 0.0046875 0.008333333333333333
9 0.57265625 0.3263888888888889 0.00625 0.008333333333333333
9 0.846484375 0.42986111111111114 0.003515625 0.007638888888888889
9 0.119921875 0.34097222222222223 0.006640625 0.024305555555555556
9 0.1078125 0.34652777777777777 0.0046875 0.01875
8 0.0140625 0.3576388888888889 0.0140625 0.014583333333333334
8 0.128515625 0.4305555555555556 0.008984375 0.005555555555555556
8 0.137890625 0.45694444444444443 0.008203125 0.018055555555555554
8 0.13828125 0.5229166666666667 0.003125 0.003472222222222222
8 0.138671875 0.5319444444444444 0.003515625 0.002777777777777778
8 0.238671875 0.46875 0.004296875 0.004861111111111111
8 0.2390625 0.47847222222222224 0.00390625 0.003472222222222222
9 0.2515625 0.24791666666666667 0.0078125 0.03125
8 0.398046875 0.1284722222222222 0.017578125 0.009027777777777777
8 0.396875 0.09722222222222222 0.01953125 0.020833333333333332
8 0.39609375 0.009027777777777777 0.00703125 0.009027777777777777
8 0.62578125 0.4423611111111111 0.01328125 0.00625
8 0.627734375 0.48333333333333334 0.002734375 0.006944444444444444
8 0.864453125 0.3854166666666667 0.010546875 0.004861111111111111
8 0.970703125 0.4388888888888889 0.017578125 0.02638888888888889
4 0.272265625 0.5090277777777777 0.026953125 0.04791666666666667
4 0.6828125 0.47847222222222224 0.04296875 0.04236111111111111
0 0.234765625 0.5395833333333333 0.011328125 0.02013888888888889
0 0.601171875 0.5006944444444444 0.012109375 0.03680555555555556
0 0.6171875 0.5006944444444444 0.00703125 0.011805555555555555
0 0.6296875 0.5027777777777778 0.00625 0.009722222222222222
0 0.67265625 0.4909722222222222 0.0265625 0.025694444444444443
0 0.886328125 0.4965277777777778 0.036328125 0.03125
0 0.2046875 0.5430555555555555 0.02265625 0.022222222222222223
0 0.801953125 0.4930555555555556 0.048828125 0.05
0 0.4453125 0.5319444444444444 0.15859375 0.22361111111111112
