9 0.209765625 0.38055555555555554 0.005078125 0.009722222222222222
9 0.298046875 0.3236111111111111 0.001953125 0.009722222222222222
9 0.302734375 0.3229166666666667 0.002734375 0.010416666666666666
9 0.45390625 0.36041666666666666 0.00390625 0.009027777777777777
0 0.326953125 0.3701388888888889 0.004296875 0.00625
4 0.3359375 0.3638888888888889 0.0046875 0.0125
4 0.361328125 0.3680555555555556 0.004296875 0.011111111111111112
4 0.311328125 0.37569444444444444 0.006640625 0.010416666666666666
0 0.309765625 0.38819444444444445 0.005078125 0.009027777777777777
0 0.298046875 0.39305555555555555 0.006640625 0.0125
0 0.322265625 0.39305555555555555 0.005078125 0.015277777777777777
0 0.3328125 0.3972222222222222 0.003125 0.011111111111111112
0 0.348046875 0.4 0.015234375 0.022222222222222223
0 0.4 0.38819444444444445 0.0046875 0.01597222222222222
0 0.14453125 0.4340277777777778 0.015625 0.03263888888888889
0 0.103515625 0.43680555555555556 0.033984375 0.04097222222222222
0 0.42109375 0.39861111111111114 0.01015625 0.022222222222222223
0 0.42734375 0.41180555555555554 0.0125 0.02847222222222222
0 0.437890625 0.41805555555555557 0.012890625 0.04722222222222222
0 0.452734375 0.4263888888888889 0.016015625 0.0625
0 0.508984375 0.45902777777777776 0.066015625 0.10486111111111111
0 0.650390625 0.55 0.164453125 0.17083333333333334
0 0.279296875 0.4041666666666667 0.019921875 0.018055555555555554
0 0.376953125 0.41458333333333336 0.027734375 0.04236111111111111
0 0.03671875 0.4527777777777778 0.03671875 0.04861111111111111
0 0.848828125 0.6868055555555556 0.150390625 0.31180555555555556
2 0.795703125 0.3972222222222222 0.013671875 0.07777777777777778
3 0.812109375 0.42430555555555555 0.026953125 0.04513888888888889
8 0.269921875 0.32569444444444445 0.012890625 0.00625
8 0.258984375 0.36527777777777776 0.005859375 0.008333333333333333
8 0.64140625 0.36736111111111114 0.00546875 0.010416666666666666
