9 0.31328125 0.2791666666666667 0.00390625 0.015277777777777777
9 0.48203125 0.2722222222222222 0.00546875 0.016666666666666666
9 0.321875 0.2798611111111111 0.003125 0.017361111111111112
8 0.765625 0.18541666666666667 0.009375 0.01875
8 0.778125 0.22569444444444445 0.00859375 0.013194444444444444
8 0.757421875 0.22847222222222222 0.006640625 0.013194444444444444
8 0.7484375 0.22013888888888888 0.01484375 0.009027777777777777
8 0.501953125 0.2743055555555556 0.010546875 0.01597222222222222
8 0.283984375 0.28541666666666665 0.023046875 0.010416666666666666
8 0.223046875 0.34930555555555554 0.007421875 0.004861111111111111
0 0.4484375 0.38263888888888886 0.00859375 0.011805555555555555
0 0.425390625 0.3875 0.016796875 0.006944444444444444
0 0.458984375 0.4 0.007421875 0.020833333333333332
1 0.482421875 0.40694444444444444 0.019140625 0.0375
0 0.49609375 0.4263888888888889 0.01953125 0.043055555555555555
0 0.346484375 0.4013888888888889 0.019921875 0.022222222222222223
4 0.361328125 0.3736111111111111 0.027734375 0.022222222222222223
0 0.280859375 0.44375 0.052734375 0.07569444444444444
0 0.83203125 0.4076388888888889 0.06796875 0.04236111111111111
4 0.13359375 0.4076388888888889 0.0890625 0.13125
1 0.581640625 0.32083333333333336 0.007421875 0.002777777777777778
1 0.604296875 0.38055555555555554 0.107421875 0.16805555555555557
0 0.400390625 0.5145833333333333 0.087109375 0.12569444444444444
2 0.827734375 0.4111111111111111 0.010546875 0.0625
2 0.7421875 0.4048611111111111 0.00546875 0.025694444444444443
0 0.061328125 0.5729166666666666 0.061328125 0.2326388888888889
0 0.94921875 0.3888888888888889 0.05 0.058333333333333334
0 0.975390625 0.4263888888888889 0.023828125 0.034722222222222224
