8 0.316796875 0.4701388888888889 0.008984375 0.010416666666666666
8 0.33515625 0.47152777777777777 0.0109375 0.011805555555555555
0 0.073046875 0.5194444444444445 0.024609375 0.029166666666666667
0 0.45859375 0.5375 0.02109375 0.029166666666666667
0 0.288671875 0.5083333333333333 0.006640625 0.009722222222222222
8 0.65390625 0.46597222222222223 0.02109375 0.034027777777777775
0 0.29609375 0.7020833333333333 0.12109375 0.1798611111111111
0 0.595703125 0.6111111111111112 0.088671875 0.125
8 0.19453125 0.47847222222222224 0.00703125 0.011805555555555555
8 0.11875 0.5104166666666666 0.0046875 0.011805555555555555
0 0.381640625 0.5159722222222223 0.008203125 0.013194444444444444
0 0.99140625 0.6305555555555555 0.00625 0.02361111111111111
