8 0.6546875 0.5083333333333333 0.0109375 0.008333333333333333
8 0.576171875 0.4395833333333333 0.030859375 0.01597222222222222
9 0.494140625 0.40555555555555556 0.005859375 0.029166666666666667
9 0.476953125 0.4013888888888889 0.007421875 0.025
8 0.645703125 0.5833333333333334 0.016015625 0.0125
2 0.94296875 0.7222222222222222 0.01171875 0.06111111111111111
2 0.79453125 0.7069444444444445 0.0125 0.05555555555555555
2 0.752734375 0.7069444444444445 0.020703125 0.06111111111111111
2 0.73046875 0.7076388888888889 0.01328125 0.05625
2 0.615234375 0.6583333333333333 0.006640625 0.03333333333333333
2 0.59765625 0.6583333333333333 0.00703125 0.030555555555555555
2 0.584765625 0.6583333333333333 0.004296875 0.025
2 0.559765625 0.6583333333333333 0.005859375 0.02361111111111111
2 0.55 0.6555555555555556 0.00625 0.030555555555555555
2 0.53671875 0.6548611111111111 0.00390625 0.01875
2 0.5296875 0.6583333333333333 0.003125 0.022222222222222223
2 0.11875 0.6152777777777778 0.01015625 0.030555555555555555
2 0.08515625 0.6180555555555556 0.0078125 0.03333333333333333
2 0.09453125 0.6138888888888889 0.0046875 0.029166666666666667
3 0.00859375 0.6423611111111112 0.00859375 0.034027777777777775
0 0.157421875 0.6291666666666667 0.028515625 0.03888888888888889
0 0.26015625 0.6361111111111111 0.01640625 0.030555555555555555
0 0.398046875 0.63125 0.012890625 0.017361111111111112
0 0.421875 0.61875 0.00703125 0.00625
1 0.46015625 0.6208333333333333 0.015625 0.04027777777777778
0 0.4765625 0.6479166666666667 0.0171875 0.025694444444444443
0 0.426171875 0.65625 0.022265625 0.03263888888888889
0 0.33359375 0.6520833333333333 0.078125 0.059027777777777776
0 0.205859375 0.6368055555555555 0.043359375 0.049305555555555554
8 0.212109375 0.5284722222222222 0.007421875 0.01597222222222222
9 0.408984375 0.5583333333333333 0.002734375 0.011111111111111112
2 0.05078125 0.5930555555555556 0.00546875 0.03194444444444444
