8 0.70234375 0.3423611111111111 0.03046875 0.05486111111111111
8 0.9171875 0.1361111111111111 0.021875 0.0125
9 0.941796875 0.09097222222222222 0.012109375 0.050694444444444445
9 0.038671875 0.41388888888888886 0.005859375 0.013888888888888888
9 0.01953125 0.4131944444444444 0.00625 0.011805555555555555
9 0.617578125 0.0875 0.012890625 0.04722222222222222
9 0.91640625 0.2708333333333333 0.01015625 0.020833333333333332
9 0.6421875 0.08125 0.01015625 0.049305555555555554
0 0.186328125 0.5451388888888888 0.079296875 0.12152777777777778
0 0.03046875 0.6652777777777777 0.03046875 0.09444444444444444
0 0.903515625 0.5694444444444444 0.094921875 0.15833333333333333
0 0.45703125 0.4701388888888889 0.23046875 0.2548611111111111
