0 0.396875 0.4861111111111111 0.121875 0.075
0 0.880078125 0.42986111111111114 0.117578125 0.09930555555555555
0 0.09453125 0.5104166666666666 0.09296875 0.07569444444444444
0 0.180859375 0.43819444444444444 0.038671875 0.03958333333333333
0 0.2265625 0.43680555555555556 0.03046875 0.029861111111111113
0 0.261328125 0.4305555555555556 0.020703125 0.02361111111111111
0 0.28515625 0.43125 0.01484375 0.017361111111111112
0 0.299609375 0.42569444444444443 0.015234375 0.01875
0 0.78828125 0.41875 0.03203125 0.02847222222222222
0 0.753515625 0.4076388888888889 0.023828125 0.027083333333333334
0 0.73125 0.40694444444444444 0.01953125 0.016666666666666666
0 0.69453125 0.40208333333333335 0.01640625 0.01597222222222222
0 0.666796875 0.3958333333333333 0.013671875 0.015277777777777777
