8 0.287890625 0.43680555555555556 0.008984375 0.027083333333333334
8 0.67734375 0.4152777777777778 0.0078125 0.011111111111111112
0 0.390234375 0.4875 0.040234375 0.06111111111111111
0 0.454296875 0.49027777777777776 0.018359375 0.011111111111111112
0 0.680078125 0.4798611111111111 0.014453125 0.04236111111111111
0 0.691796875 0.4798611111111111 0.018359375 0.049305555555555554
0 0.723046875 0.48819444444444443 0.026171875 0.059027777777777776
0 0.755078125 0.4930555555555556 0.044140625 0.06944444444444445
0 0.8390625 0.5131944444444444 0.08984375 0.09652777777777778
0 0.887109375 0.5694444444444444 0.111328125 0.1736111111111111
0 0.604296875 0.48541666666666666 0.005859375 0.013194444444444444
0 0.61640625 0.48819444444444443 0.0125 0.01875
0 0.538671875 0.5069444444444444 0.056640625 0.07361111111111111
0 0.3203125 0.5083333333333333 0.05703125 0.06666666666666667
2 0.58515625 0.4701388888888889 0.00546875 0.01597222222222222
