0 0.02421875 0.7923611111111111 0.0234375 0.08958333333333333
0 0.3640625 0.7291666666666666 0.00625 0.018055555555555554
0 0.35078125 0.7368055555555556 0.00859375 0.01875
0 0.42109375 0.7256944444444444 0.0046875 0.010416666666666666
0 0.411328125 0.7277777777777777 0.005859375 0.011111111111111112
0 0.43671875 0.7347222222222223 0.0109375 0.019444444444444445
0 0.1265625 0.7152777777777778 0.028125 0.016666666666666666
0 0.46953125 0.7409722222222223 0.021875 0.03958333333333333
0 0.29140625 0.7493055555555556 0.0609375 0.08125
0 0.2171875 0.7034722222222223 0.01953125 0.021527777777777778
0 0.398828125 0.7347222222222223 0.011328125 0.018055555555555554
