8 0.410546875 0.4013888888888889 0.022265625 0.030555555555555555
8 0.410546875 0.4673611111111111 0.018359375 0.035416666666666666
8 0.11328125 0.40694444444444444 0.0078125 0.008333333333333333
8 0.058984375 0.44930555555555557 0.005078125 0.009027777777777777
2 0.638671875 0.2791666666666667 0.003515625 0.025
0 0.301171875 0.5291666666666667 0.015234375 0.043055555555555555
8 0.840234375 0.49027777777777776 0.005859375 0.0125
0 0.39296875 0.5416666666666666 0.07421875 0.07222222222222222
0 0.507421875 0.49027777777777776 0.008203125 0.005555555555555556
0 0.4859375 0.5118055555555555 0.02265625 0.025694444444444443
0 0.811328125 0.5194444444444445 0.018359375 0.029166666666666667
0 0.924609375 0.5145833333333333 0.019140625 0.021527777777777778
0 0.95390625 0.5368055555555555 0.03203125 0.04236111111111111
0 0.033203125 0.5326388888888889 0.033203125 0.04791666666666667
0 0.979296875 0.5409722222222222 0.019140625 0.06180555555555556
0 0.869921875 0.5430555555555555 0.053515625 0.05555555555555555
0 0.15625 0.5263888888888889 0.13125 0.12361111111111112
8 0.584375 0.35555555555555557 0.0078125 0.015277777777777777
8 0.60703125 0.35833333333333334 0.0046875 0.009722222222222222
8 0.63046875 0.3597222222222222 0.00859375 0.016666666666666666
0 0.632421875 0.6944444444444444 0.244140625 0.2513888888888889
2 0.183984375 0.33819444444444446 0.006640625 0.022916666666666665
2 0.8375 0.2569444444444444 0.009375 0.03333333333333333
2 0.86015625 0.27152777777777776 0.0046875 0.009027777777777777
0 0.85703125 0.27361111111111114 0.01171875 0.019444444444444445
