0 0.501171875 0.5486111111111112 0.007421875 0.008333333333333333
0 0.52421875 0.5486111111111112 0.01171875 0.011111111111111112
0 0.537890625 0.5527777777777778 0.007421875 0.009722222222222222
0 0.55234375 0.5527777777777778 0.009375 0.009722222222222222
0 0.566015625 0.5597222222222222 0.008203125 0.0125
0 0.61796875 0.5416666666666666 0.01796875 0.030555555555555555
0 0.64453125 0.5576388888888889 0.03359375 0.04375
0 0.678125 0.5368055555555555 0.01640625 0.022916666666666665
0 0.80625 0.51875 0.040625 0.021527777777777778
0 0.83984375 0.5791666666666667 0.05 0.06111111111111111
0 0.923046875 0.5986111111111111 0.076171875 0.11944444444444445
0 0.45 0.55 0.0109375 0.0125
0 0.418359375 0.5513888888888889 0.009765625 0.018055555555555554
4 0.404296875 0.5347222222222222 0.008984375 0.030555555555555555
0 0.39375 0.5388888888888889 0.01640625 0.030555555555555555
0 0.38203125 0.5444444444444444 0.015625 0.027777777777777776
0 0.3515625 0.5368055555555555 0.021875 0.035416666666666666
0 0.322265625 0.5409722222222222 0.023828125 0.034027777777777775
0 0.27109375 0.5333333333333333 0.03671875 0.03888888888888889
0 0.738671875 0.5673611111111111 0.066015625 0.0798611111111111
0 0.025390625 0.5381944444444444 0.024609375 0.04097222222222222
2 0.1625 0.5208333333333334 0.01171875 0.04861111111111111
2 0.223828125 0.5305555555555556 0.008984375 0.03888888888888889
2 0.600390625 0.5465277777777777 0.008203125 0.02847222222222222
8 0.7046875 0.4326388888888889 0.01015625 0.022916666666666665
8 0.598828125 0.4965277777777778 0.006640625 0.011805555555555555
8 0.346484375 0.4444444444444444 0.014453125 0.04027777777777778
0 0.4796875 0.5402777777777777 0.01015625 0.016666666666666666
