0 0.216796875 0.5729166666666666 0.138671875 0.13125
0 0.6625 0.5631944444444444 0.0828125 0.12152777777777778
0 0.9078125 0.5854166666666667 0.09140625 0.10347222222222222
0 0.401171875 0.5180555555555556 0.044140625 0.06388888888888888
0 0.446484375 0.5152777777777777 0.020703125 0.05138888888888889
0 0.484375 0.5055555555555555 0.01484375 0.020833333333333332
0 0.500390625 0.5 0.005859375 0.013888888888888888
0 0.506640625 0.4965277777777778 0.003515625 0.013194444444444444
0 0.5109375 0.49722222222222223 0.003125 0.011111111111111112
0 0.565234375 0.5208333333333334 0.029296875 0.05555555555555555
0 0.825390625 0.5486111111111112 0.080078125 0.08333333333333333
0 0.749609375 0.5513888888888889 0.008984375 0.0375
0 0.537109375 0.5027777777777778 0.005078125 0.013888888888888888
8 0.3875 0.4 0.00703125 0.008333333333333333
8 0.34296875 0.34305555555555556 0.0140625 0.013888888888888888
9 0.342578125 0.4236111111111111 0.006640625 0.011111111111111112
9 0.471484375 0.3625 0.003515625 0.019444444444444445
9 0.653515625 0.39375 0.004296875 0.01875
9 0.6640625 0.3923611111111111 0.0046875 0.014583333333333334
9 0.33203125 0.4201388888888889 0.0046875 0.011805555555555555
9 0.471875 0.4597222222222222 0.0046875 0.009722222222222222
