0 0.1890625 0.7701388888888889 0.18828125 0.22847222222222222
4 0.869140625 0.8208333333333333 0.130078125 0.1625
0 0.405078125 0.8888888888888888 0.045703125 0.09583333333333334
0 0.73671875 0.825 0.04375 0.09166666666666666
0 0.68828125 0.8229166666666666 0.0265625 0.052083333333333336
0 0.467578125 0.8430555555555556 0.031640625 0.041666666666666664
0 0.488671875 0.8201388888888889 0.026953125 0.04513888888888889
0 0.516796875 0.8236111111111111 0.008203125 0.029166666666666667
0 0.52890625 0.8222222222222222 0.0109375 0.020833333333333332
0 0.68046875 0.7930555555555555 0.03984375 0.059722222222222225
0 0.637109375 0.8138888888888889 0.017578125 0.029166666666666667
0 0.614453125 0.7979166666666667 0.016796875 0.03263888888888889
0 0.5953125 0.8083333333333333 0.00859375 0.018055555555555554
0 0.5890625 0.8076388888888889 0.0109375 0.01597222222222222
0 0.5359375 0.81875 0.009375 0.017361111111111112
0 0.543359375 0.8166666666666667 0.008984375 0.019444444444444445
7 0.559765625 0.8048611111111111 0.004296875 0.014583333333333334
3 0.560546875 0.8159722222222222 0.003515625 0.013194444444444444
1 0.5671875 0.7923611111111111 0.0265625 0.017361111111111112
9 0.544921875 0.7701388888888889 0.002734375 0.013194444444444444
