8 0.940625 0.6027777777777777 0.01015625 0.011111111111111112
8 0.94765625 0.5694444444444444 0.00859375 0.0125
8 0.9296875 0.4354166666666667 0.01953125 0.024305555555555556
8 0.923828125 0.37777777777777777 0.022265625 0.03194444444444444
8 0.7421875 0.6902777777777778 0.0078125 0.006944444444444444
8 0.389453125 0.7541666666666667 0.005859375 0.0125
8 0.234375 0.6388888888888888 0.0234375 0.013888888888888888
8 0.134765625 0.6659722222222222 0.008203125 0.007638888888888889
8 0.113671875 0.7006944444444444 0.010546875 0.00625
8 0.03671875 0.7208333333333333 0.0125 0.013888888888888888
8 0.32265625 0.7895833333333333 0.00546875 0.010416666666666666
9 0.134765625 0.7090277777777778 0.007421875 0.029861111111111113
9 0.275390625 0.6472222222222223 0.006640625 0.02638888888888889
9 0.31875 0.7444444444444445 0.00390625 0.006944444444444444
9 0.30859375 0.7875 0.00390625 0.008333333333333333
9 0.408203125 0.7013888888888888 0.002734375 0.015277777777777777
9 0.74609375 0.7305555555555555 0.00625 0.006944444444444444
9 0.1015625 0.7722222222222223 0.01015625 0.013888888888888888
9 0.289453125 0.6409722222222223 0.003515625 0.021527777777777778
9 0.9265625 0.5402777777777777 0.0109375 0.027777777777777776
9 0.73046875 0.6361111111111111 0.00546875 0.011111111111111112
9 0.7328125 0.6597222222222222 0.0046875 0.0125
0 0.416796875 0.8201388888888889 0.013671875 0.021527777777777778
0 0.36953125 0.8583333333333333 0.05390625 0.10277777777777777
0 0.804296875 0.8277777777777777 0.062890625 0.09027777777777778
0 0.07421875 0.8923611111111112 0.07421875 0.10486111111111111
0 0.216015625 0.8861111111111111 0.143359375 0.1111111111111111
0 0.58984375 0.7854166666666667 0.16015625 0.21180555555555555
0 0.903515625 0.7972222222222223 0.094921875 0.2
