8 0.621875 0.39861111111111114 0.0125 0.0125
8 0.6890625 0.28125 0.028125 0.06597222222222222
0 0.613671875 0.4465277777777778 0.005859375 0.00625
0 0.60234375 0.44722222222222224 0.00546875 0.006944444444444444
0 0.593359375 0.4534722222222222 0.005859375 0.011805555555555555
0 0.585546875 0.4513888888888889 0.006640625 0.011111111111111112
0 0.57734375 0.45208333333333334 0.0046875 0.010416666666666666
0 0.567578125 0.45208333333333334 0.007421875 0.014583333333333334
0 0.23125 0.44722222222222224 0.0328125 0.020833333333333332
0 0.300390625 0.4284722222222222 0.044921875 0.11180555555555556
0 0.4328125 0.5277777777777778 0.14375 0.25972222222222224
0 0.100390625 0.5625 0.100390625 0.18333333333333332
