9 0.498046875 0.55625 0.003515625 0.009027777777777777
9 0.508203125 0.5506944444444445 0.003515625 0.007638888888888889
9 0.449609375 0.55625 0.003515625 0.009027777777777777
0 0.940625 0.5652777777777778 0.0234375 0.02638888888888889
0 0.89453125 0.575 0.04375 0.029166666666666667
0 0.807421875 0.5798611111111112 0.041015625 0.024305555555555556
0 0.362890625 0.5909722222222222 0.015234375 0.017361111111111112
0 0.31796875 0.5972222222222222 0.03203125 0.02361111111111111
0 0.25 0.6048611111111111 0.04140625 0.03958333333333333
0 0.49453125 0.5951388888888889 0.0265625 0.03958333333333333
0 0.069140625 0.6201388888888889 0.069140625 0.06597222222222222
0 0.541015625 0.5854166666666667 0.018359375 0.022916666666666665
