2 0.79609375 0.5541666666666667 0.009375 0.04722222222222222
5 0.784765625 0.5472222222222223 0.016015625 0.029166666666666667
2 0.590234375 0.4895833333333333 0.001953125 0.013194444444444444
2 0.6234375 0.4951388888888889 0.0046875 0.01597222222222222
2 0.63203125 0.49166666666666664 0.00390625 0.013888888888888888
2 0.665234375 0.49583333333333335 0.005078125 0.013888888888888888
8 0.633203125 0.2798611111111111 0.044140625 0.013194444444444444
8 0.694140625 0.40208333333333335 0.004296875 0.027083333333333334
9 0.717578125 0.4409722222222222 0.007421875 0.011805555555555555
9 0.546875 0.23819444444444443 0.00546875 0.03125
9 0.559375 0.24166666666666667 0.00625 0.027777777777777776
9 0.532421875 0.2423611111111111 0.008984375 0.029861111111111113
9 0.039453125 0.3506944444444444 0.005859375 0.024305555555555556
9 0.38515625 0.44375 0.0015625 0.007638888888888889
9 0.46015625 0.44513888888888886 0.00234375 0.007638888888888889
8 0.36796875 0.44305555555555554 0.0109375 0.004166666666666667
8 0.0421875 0.39444444444444443 0.01484375 0.008333333333333333
8 0.028125 0.4201388888888889 0.0125 0.007638888888888889
8 0.05234375 0.42986111111111114 0.00390625 0.00625
9 0.031640625 0.5166666666666667 0.007421875 0.011111111111111112
2 0.2078125 0.53125 0.00625 0.021527777777777778
2 0.224609375 0.5270833333333333 0.004296875 0.014583333333333334
2 0.259375 0.5138888888888888 0.003125 0.015277777777777777
2 0.269921875 0.51875 0.003515625 0.011805555555555555
2 0.278125 0.5118055555555555 0.003125 0.010416666666666666
0 0.289453125 0.53125 0.015234375 0.010416666666666666
2 0.23515625 0.5881944444444445 0.0078125 0.052083333333333336
0 0.182421875 0.5951388888888889 0.041015625 0.04375
2 0.469140625 0.4930555555555556 0.010546875 0.016666666666666666
2 0.4546875 0.5513888888888889 0.0203125 0.04027777777777778
0 0.404296875 0.5548611111111111 0.056640625 0.052083333333333336
1 0.337109375 0.49166666666666664 0.034765625 0.03194444444444444
1 0.366796875 0.49444444444444446 0.027734375 0.030555555555555555
1 0.435546875 0.48194444444444445 0.025390625 0.03611111111111111
0 0.4890625 0.5173611111111112 0.02109375 0.03125
0 0.507421875 0.5333333333333333 0.019921875 0.030555555555555555
0 0.50234375 0.5576388888888889 0.0140625 0.03263888888888889
0 0.53125 0.49236111111111114 0.0171875 0.009027777777777777
0 0.558984375 0.5055555555555555 0.017578125 0.0125
0 0.58984375 0.5263888888888889 0.015625 0.020833333333333332
0 0.613671875 0.53125 0.030859375 0.021527777777777778
0 0.319140625 0.5881944444444445 0.105078125 0.05763888888888889
0 0.541015625 0.5569444444444445 0.042578125 0.04861111111111111
0 0.6578125 0.5659722222222222 0.09609375 0.05347222222222222
0 0.916796875 0.55625 0.081640625 0.06736111111111111
8 0.578515625 0.4388888888888889 0.004296875 0.006944444444444444
