0 0.447265625 0.30069444444444443 0.005078125 0.011805555555555555
0 0.421875 0.2902777777777778 0.009375 0.005555555555555556
0 0.433203125 0.3125 0.010546875 0.015277777777777777
0 0.146875 0.44722222222222224 0.146875 0.1527777777777778
8 0.490625 0.20972222222222223 0.00390625 0.013888888888888888
8 0.626953125 0.09652777777777778 0.015234375 0.03263888888888889
8 0.6328125 0.15555555555555556 0.0171875 0.020833333333333332
8 0.62890625 0.2111111111111111 0.00859375 0.020833333333333332
8 0.5390625 0.25833333333333336 0.00859375 0.008333333333333333
9 0.473828125 0.24027777777777778 0.003515625 0.009722222222222222
9 0.49140625 0.2375 0.00390625 0.008333333333333333
8 0.45546875 0.21458333333333332 0.00546875 0.010416666666666666
8 0.426171875 0.21597222222222223 0.005078125 0.009027777777777777
