0 0.097265625 0.59375 0.097265625 0.09513888888888888
0 0.320703125 0.7340277777777777 0.320703125 0.26319444444444445
8 0.10625 0.425 0.0109375 0.020833333333333332
8 0.390625 0.2111111111111111 0.01640625 0.027777777777777776
8 0.533203125 0.36527777777777776 0.016015625 0.019444444444444445
8 0.69453125 0.275 0.01171875 0.02638888888888889
8 0.06796875 0.44166666666666665 0.00859375 0.009722222222222222
9 0.43125 0.22291666666666668 0.01640625 0.017361111111111112
0 0.41484375 0.46805555555555556 0.00859375 0.009722222222222222
0 0.428515625 0.45069444444444445 0.007421875 0.009027777777777777
0 0.48515625 0.45625 0.01171875 0.02013888888888889
