8 0.633984375 0.11041666666666666 0.012890625 0.01875
8 0.63359375 0.15763888888888888 0.01640625 0.025694444444444443
8 0.63046875 0.3055555555555556 0.0125 0.019444444444444445
9 0.666015625 0.39166666666666666 0.019921875 0.025
9 0.039453125 0.30694444444444446 0.005078125 0.029166666666666667
9 0.195703125 0.3590277777777778 0.008203125 0.022916666666666665
1 0.390234375 0.49375 0.118359375 0.22708333333333333
0 0.09140625 0.5076388888888889 0.0125 0.009027777777777777
0 0.175390625 0.48819444444444443 0.012890625 0.013194444444444444
0 0.216796875 0.4861111111111111 0.012890625 0.011111111111111112
