0 0.26328125 0.5284722222222222 0.01171875 0.013194444444444444
0 0.290625 0.5194444444444445 0.0078125 0.009722222222222222
0 0.2484375 0.5166666666666667 0.0078125 0.008333333333333333
0 0.3828125 0.5048611111111111 0.0109375 0.014583333333333334
0 0.4125 0.5368055555555555 0.03203125 0.04375
4 0.44375 0.49444444444444446 0.02265625 0.05416666666666667
0 0.55625 0.5236111111111111 0.021875 0.04027777777777778
0 0.576953125 0.5256944444444445 0.017578125 0.04513888888888889
4 0.6390625 0.5090277777777777 0.05390625 0.08680555555555555
8 0.498828125 0.45416666666666666 0.009765625 0.009722222222222222
8 0.368359375 0.45208333333333334 0.012890625 0.011805555555555555
8 0.457421875 0.3840277777777778 0.025390625 0.04375
8 0.505859375 0.3819444444444444 0.026171875 0.04861111111111111
8 0.630859375 0.44583333333333336 0.040234375 0.07222222222222222
0 0.040234375 0.40208333333333335 0.035546875 0.01597222222222222
0 0.341015625 0.5638888888888889 0.063671875 0.08472222222222223
0 0.499609375 0.5451388888888888 0.052734375 0.09097222222222222
0 0.621875 0.36666666666666664 0.03671875 0.029166666666666667
