0 0.2328125 0.3472222222222222 0.015625 0.008333333333333333
0 0.281640625 0.3854166666666667 0.022265625 0.025694444444444443
0 0.465625 0.375 0.00703125 0.009722222222222222
0 0.479296875 0.3736111111111111 0.006640625 0.006944444444444444
0 0.54765625 0.37083333333333335 0.003125 0.005555555555555556
0 0.525 0.3701388888888889 0.00546875 0.00625
0 0.540234375 0.37222222222222223 0.005078125 0.008333333333333333
0 0.558984375 0.37083333333333335 0.002734375 0.005555555555555556
0 0.58828125 0.38680555555555557 0.0203125 0.022916666666666665
0 0.221484375 0.3909722222222222 0.041015625 0.03958333333333333
4 0.049609375 0.4048611111111111 0.049609375 0.06041666666666667
