8 0.742578125 0.13125 0.037890625 0.09791666666666667
8 0.886328125 0.022222222222222223 0.035546875 0.022222222222222223
8 0.89140625 0.14305555555555555 0.06171875 0.10138888888888889
8 0.41875 0.1076388888888889 0.14921875 0.1076388888888889
8 0.344921875 0.44375 0.009765625 0.007638888888888889
8 0.33515625 0.47847222222222224 0.0203125 0.029861111111111113
8 0.433203125 0.5 0.018359375 0.015277777777777777
8 0.478125 0.5027777777777778 0.0203125 0.015277777777777777
8 0.55703125 0.5506944444444445 0.015625 0.022916666666666665
8 0.326171875 0.5472222222222223 0.011328125 0.019444444444444445
0 0.178515625 0.6465277777777778 0.017578125 0.027083333333333334
0 0.31328125 0.6465277777777778 0.01328125 0.02013888888888889
4 0.340234375 0.63125 0.014453125 0.035416666666666666
0 0.0765625 0.6055555555555555 0.0765625 0.10972222222222222
4 0.235546875 0.5944444444444444 0.048046875 0.05277777777777778
0 0.24140625 0.6826388888888889 0.0671875 0.059027777777777776
0 0.594140625 0.6645833333333333 0.021484375 0.034027777777777775
0 0.694921875 0.6604166666666667 0.009765625 0.034027777777777775
0 0.7234375 0.6736111111111112 0.01875 0.03194444444444444
0 0.650390625 0.6645833333333333 0.034765625 0.04652777777777778
0 0.820703125 0.6861111111111111 0.097265625 0.1
0 0.953125 0.6958333333333333 0.046875 0.07777777777777778
0 0.455859375 0.6965277777777777 0.116796875 0.18125
