2 0.826171875 0.5159722222222223 0.016015625 0.049305555555555554
2 0.898828125 0.5694444444444444 0.030078125 0.12916666666666668
2 0.9859375 0.5694444444444444 0.01328125 0.13472222222222222
2 0.684375 0.5604166666666667 0.0203125 0.07430555555555556
2 0.725390625 0.5548611111111111 0.017578125 0.08263888888888889
2 0.7640625 0.55 0.01953125 0.07777777777777778
2 0.944140625 0.5645833333333333 0.030078125 0.15902777777777777
8 0.609375 0.21666666666666667 0.02421875 0.03194444444444444
8 0.612109375 0.32569444444444445 0.020703125 0.01597222222222222
8 0.576953125 0.39861111111111114 0.008203125 0.034722222222222224
0 0.344140625 0.5201388888888889 0.012890625 0.027083333333333334
0 0.2890625 0.53125 0.0515625 0.06458333333333334
0 0.49453125 0.5326388888888889 0.01640625 0.025694444444444443
0 0.140625 0.5986111111111111 0.140625 0.22777777777777777
0 0.416015625 0.5583333333333333 0.066015625 0.10138888888888889
9 0.43671875 0.05 0.0140625 0.04722222222222222
9 0.403515625 0.05277777777777778 0.016796875 0.05277777777777778
0 0.6125 0.5479166666666667 0.02109375 0.022916666666666665
9 0.636328125 0.4027777777777778 0.008984375 0.020833333333333332
9 0.62109375 0.4027777777777778 0.00625 0.022222222222222223
