7 0.46875 0.5729166666666666 0.00625 0.014583333333333334
3 0.467578125 0.6048611111111111 0.006640625 0.034027777777777775
8 0.53125 0.5159722222222223 0.00625 0.004861111111111111
8 0.59609375 0.48819444444444443 0.01171875 0.007638888888888889
8 0.597265625 0.5368055555555555 0.006640625 0.00625
8 0.58984375 0.5465277777777777 0.00546875 0.009027777777777777
1 0.133984375 0.5125 0.066015625 0.18194444444444444
0 0.050390625 0.6430555555555556 0.050390625 0.13194444444444445
8 0.005078125 0.40694444444444444 0.005078125 0.015277777777777777
1 0.330078125 0.4166666666666667 0.144140625 0.35694444444444445
0 0.798046875 0.6652777777777777 0.200390625 0.25
0 0.556640625 0.60625 0.047265625 0.06458333333333334
8 0.772265625 0.36180555555555555 0.017578125 0.011805555555555555
