8 0.73984375 0.3013888888888889 0.021875 0.03888888888888889
8 0.271875 0.34305555555555556 0.003125 0.005555555555555556
8 0.082421875 0.23819444444444443 0.012109375 0.025694444444444443
8 0.0859375 0.2701388888888889 0.0046875 0.00625
0 0.4796875 0.42916666666666664 0.00625 0.015277777777777777
0 0.49453125 0.4284722222222222 0.0125 0.022916666666666665
0 0.5 0.4395833333333333 0.0140625 0.02013888888888889
0 0.35234375 0.4027777777777778 0.01328125 0.029166666666666667
0 0.32421875 0.3993055555555556 0.0234375 0.03125
0 0.30546875 0.40347222222222223 0.0171875 0.03125
0 0.25390625 0.3951388888888889 0.0484375 0.04513888888888889
0 0.188671875 0.3972222222222222 0.082421875 0.04583333333333333
0 0.53203125 0.43194444444444446 0.03046875 0.04027777777777778
0 0.712109375 0.49236111111111114 0.081640625 0.08125
4 0.369140625 0.3902777777777778 0.037109375 0.03888888888888889
4 0.45390625 0.40625 0.01484375 0.022916666666666665
0 0.43125 0.39791666666666664 0.0046875 0.010416666666666666
