9 0.1421875 0.2 0.01328125 0.03888888888888889
9 0.01328125 0.36875 0.00859375 0.03680555555555556
9 0.0296875 0.37569444444444444 0.00859375 0.03263888888888889
9 0.42109375 0.3798611111111111 0.00703125 0.01875
9 0.6703125 0.075 0.02265625 0.075
9 0.75703125 0.05486111111111111 0.01640625 0.05347222222222222
8 0.964453125 0.26875 0.022265625 0.04097222222222222
8 0.762109375 0.4791666666666667 0.006640625 0.015277777777777777
0 0.112890625 0.4979166666666667 0.012890625 0.014583333333333334
0 0.062109375 0.5854166666666667 0.061328125 0.14791666666666667
8 0.6125 0.40694444444444444 0.00625 0.009722222222222222
0 0.340234375 0.47708333333333336 0.005859375 0.007638888888888889
9 0.720703125 0.20347222222222222 0.012109375 0.04652777777777778
9 0.6828125 0.20555555555555555 0.01484375 0.044444444444444446
8 0.698828125 0.47847222222222224 0.008984375 0.03958333333333333
