2 0.549609375 0.5631944444444444 0.002734375 0.01597222222222222
2 0.542578125 0.5583333333333333 0.003515625 0.016666666666666666
2 0.059765625 0.5548611111111111 0.008203125 0.05486111111111111
2 0.142578125 0.5909722222222222 0.024609375 0.12986111111111112
2 0.5890625 0.5659722222222222 0.0046875 0.024305555555555556
8 0.583984375 0.47847222222222224 0.010546875 0.027083333333333334
9 0.444140625 0.4951388888888889 0.002734375 0.00625
2 0.979296875 0.6486111111111111 0.018359375 0.14444444444444443
0 0.215234375 0.5298611111111111 0.048046875 0.03958333333333333
0 0.211328125 0.5930555555555556 0.052734375 0.0763888888888889
5 0.12734375 0.6291666666666667 0.06328125 0.06666666666666667
0 0.346875 0.5958333333333333 0.08828125 0.1361111111111111
0 0.437109375 0.5652777777777778 0.010546875 0.020833333333333332
0 0.4484375 0.5611111111111111 0.0078125 0.009722222222222222
0 0.466015625 0.5590277777777778 0.009765625 0.01597222222222222
0 0.7921875 0.6708333333333333 0.2046875 0.20833333333333334
0 0.036328125 0.68125 0.036328125 0.09930555555555555
