0 0.734375 0.5506944444444445 0.01171875 0.01875
0 0.7640625 0.5513888888888889 0.01875 0.02638888888888889
0 0.853125 0.56875 0.01484375 0.025694444444444443
0 0.62421875 0.5409722222222222 0.0109375 0.022916666666666665
0 0.668359375 0.5465277777777777 0.027734375 0.027083333333333334
0 0.712109375 0.5729166666666666 0.035546875 0.03680555555555556
0 0.15703125 0.5097222222222222 0.02734375 0.03194444444444444
0 0.19765625 0.5194444444444445 0.02890625 0.03194444444444444
0 0.244140625 0.5270833333333333 0.041015625 0.034027777777777775
0 0.3015625 0.5395833333333333 0.03515625 0.03263888888888889
0 0.3703125 0.5229166666666667 0.04140625 0.05347222222222222
0 0.444140625 0.5451388888888888 0.026171875 0.03819444444444445
0 0.0515625 0.5416666666666666 0.05 0.0625
0 0.5953125 0.5326388888888889 0.0109375 0.014583333333333334
0 0.81015625 0.5715277777777777 0.0375 0.03958333333333333
4 0.924609375 0.5111111111111111 0.074609375 0.07777777777777778
0 0.933984375 0.6527777777777778 0.065234375 0.09027777777777778
2 0.57109375 0.5493055555555556 0.00859375 0.03680555555555556
