9 0.34921875 0.46875 0.00546875 0.013194444444444444
9 0.51328125 0.4409722222222222 0.00546875 0.017361111111111112
9 0.575 0.4861111111111111 0.0046875 0.011111111111111112
9 0.4703125 0.5138888888888888 0.0046875 0.009722222222222222
9 0.42421875 0.5104166666666666 0.00390625 0.010416666666666666
9 0.58671875 0.5277777777777778 0.00390625 0.011111111111111112
9 0.2921875 0.5333333333333333 0.00546875 0.009722222222222222
8 0.21328125 0.4736111111111111 0.01171875 0.008333333333333333
9 0.21875 0.5166666666666667 0.0078125 0.006944444444444444
8 0.325390625 0.46805555555555556 0.018359375 0.006944444444444444
8 0.5546875 0.4361111111111111 0.025 0.009722222222222222
8 0.584765625 0.49583333333333335 0.008984375 0.008333333333333333
8 0.50234375 0.5166666666666667 0.00390625 0.009722222222222222
0 0.4296875 0.5722222222222222 0.0109375 0.022222222222222223
0 0.4078125 0.575 0.0125 0.019444444444444445
0 0.38125 0.5763888888888888 0.0140625 0.018055555555555554
0 0.361328125 0.5833333333333334 0.008203125 0.015277777777777777
0 0.319140625 0.5923611111111111 0.035546875 0.03263888888888889
0 0.251953125 0.5930555555555556 0.019140625 0.027777777777777776
0 0.221875 0.6013888888888889 0.021875 0.03611111111111111
0 0.103515625 0.6333333333333333 0.103515625 0.11666666666666667
0 0.4609375 0.5847222222222223 0.021875 0.030555555555555555
0 0.48515625 0.5618055555555556 0.00625 0.011805555555555555
0 0.498046875 0.5631944444444444 0.006640625 0.01597222222222222
0 0.509765625 0.5638888888888889 0.005859375 0.016666666666666666
0 0.5265625 0.5680555555555555 0.0109375 0.018055555555555554
0 0.566015625 0.5763888888888888 0.018359375 0.03888888888888889
0 0.592578125 0.5958333333333333 0.024609375 0.03888888888888889
0 0.639453125 0.6118055555555556 0.032421875 0.05486111111111111
0 0.702734375 0.6347222222222222 0.046484375 0.07083333333333333
0 0.837109375 0.6611111111111111 0.105078125 0.13055555555555556
0 0.94609375 0.6756944444444445 0.05234375 0.14097222222222222
