0 0.20625 0.6416666666666667 0.0375 0.03888888888888889
0 0.68203125 0.7631944444444444 0.12890625 0.15069444444444444
8 0.536328125 0.5 0.008203125 0.02361111111111111
8 0.466796875 0.6097222222222223 0.003515625 0.011111111111111112
0 0.30234375 0.6284722222222222 0.01171875 0.014583333333333334
9 0.386328125 0.5805555555555556 0.003515625 0.008333333333333333
9 0.425 0.5826388888888889 0.003125 0.007638888888888889
9 0.421484375 0.6027777777777777 0.002734375 0.005555555555555556
0 0.419921875 0.6173611111111111 0.006640625 0.007638888888888889
5 0.26484375 0.6222222222222222 0.00859375 0.015277777777777777
7 0.2625 0.6020833333333333 0.0046875 0.011805555555555555
