0 0.5625 0.5243055555555556 0.03359375 0.04791666666666667
0 0.511328125 0.5152777777777777 0.019140625 0.027777777777777776
0 0.26640625 0.5506944444444445 0.0375 0.04513888888888889
0 0.455859375 0.5180555555555556 0.013671875 0.019444444444444445
0 0.4125 0.5201388888888889 0.009375 0.013194444444444444
0 0.316015625 0.5388888888888889 0.019921875 0.03333333333333333
0 0.33828125 0.5333333333333333 0.01953125 0.025
0 0.4328125 0.5215277777777778 0.009375 0.007638888888888889
0 0.48046875 0.5173611111111112 0.00703125 0.009027777777777777
2 0.707421875 0.5055555555555555 0.012109375 0.05694444444444444
2 0.741015625 0.5145833333333333 0.008203125 0.03819444444444445
2 0.770703125 0.5125 0.008203125 0.04027777777777778
8 0.653515625 0.32916666666666666 0.018359375 0.0125
9 0.41328125 0.45694444444444443 0.0015625 0.008333333333333333
9 0.4765625 0.45208333333333334 0.0015625 0.007638888888888889
9 0.48046875 0.45 0.00234375 0.008333333333333333
9 0.417578125 0.45625 0.001953125 0.007638888888888889
9 0.473046875 0.45208333333333334 0.002734375 0.007638888888888889
8 0.933984375 0.30833333333333335 0.018359375 0.0125
