0 0.339453125 0.3763888888888889 0.007421875 0.006944444444444444
0 0.3265625 0.3680555555555556 0.00546875 0.008333333333333333
0 0.316015625 0.37083333333333335 0.005078125 0.005555555555555556
0 0.300390625 0.3527777777777778 0.006640625 0.006944444444444444
9 0.3578125 0.3472222222222222 0.003125 0.015277777777777777
9 0.334375 0.33194444444444443 0.0 0.009722222222222222
8 0.34296875 0.3159722222222222 0.0125 0.011805555555555555
9 0.4703125 0.3729166666666667 0.00390625 0.010416666666666666
9 0.41328125 0.36527777777777776 0.0046875 0.013888888888888888
9 0.52421875 0.37430555555555556 0.00390625 0.014583333333333334
9 0.576953125 0.37777777777777777 0.002734375 0.011111111111111112
9 0.62890625 0.3840277777777778 0.00390625 0.011805555555555555
9 0.688671875 0.38055555555555554 0.003515625 0.015277777777777777
0 0.604296875 0.3423611111111111 0.028515625 0.02013888888888889
0 0.53984375 0.33402777777777776 0.0203125 0.01875
0 0.4703125 0.33819444444444446 0.02265625 0.024305555555555556
0 0.431640625 0.3277777777777778 0.019140625 0.016666666666666666
8 0.9375 0.3333333333333333 0.01640625 0.030555555555555555
8 0.898046875 0.32708333333333334 0.025390625 0.03263888888888889
8 0.81640625 0.3173611111111111 0.0203125 0.03263888888888889
8 0.77265625 0.31527777777777777 0.0265625 0.03194444444444444
0 0.408984375 0.34305555555555556 0.016796875 0.020833333333333332
