9 0.700390625 0.4701388888888889 0.003515625 0.010416666666666666
9 0.90390625 0.5055555555555555 0.00625 0.009722222222222222
9 0.69375 0.4701388888888889 0.0046875 0.010416666666666666
9 0.838671875 0.4625 0.002734375 0.011111111111111112
9 0.843359375 0.46458333333333335 0.002734375 0.014583333333333334
0 0.840234375 0.5479166666666667 0.006640625 0.00625
0 0.853125 0.5479166666666667 0.00625 0.009027777777777777
0 0.865625 0.5479166666666667 0.00859375 0.01597222222222222
0 0.88671875 0.5548611111111111 0.01796875 0.025694444444444443
0 0.912109375 0.5673611111111111 0.016015625 0.049305555555555554
0 0.9484375 0.5791666666666667 0.03671875 0.059722222222222225
0 0.746875 0.5541666666666667 0.0078125 0.0125
0 0.7765625 0.5506944444444445 0.00546875 0.013194444444444444
0 0.78671875 0.5493055555555556 0.0046875 0.011805555555555555
0 0.792578125 0.5493055555555556 0.004296875 0.011805555555555555
0 0.733984375 0.5625 0.006640625 0.011111111111111112
0 0.71953125 0.5638888888888889 0.0078125 0.0125
0 0.58984375 0.5791666666666667 0.00625 0.018055555555555554
0 0.57578125 0.5819444444444445 0.0109375 0.018055555555555554
0 0.555078125 0.5923611111111111 0.020703125 0.024305555555555556
0 0.516796875 0.5986111111111111 0.023046875 0.030555555555555555
0 0.320703125 0.6326388888888889 0.055078125 0.052083333333333336
0 0.216796875 0.6486111111111111 0.045703125 0.05555555555555555
0 0.308203125 0.5729166666666666 0.012890625 0.014583333333333334
0 0.27890625 0.5868055555555556 0.01796875 0.02847222222222222
4 0.6328125 0.5506944444444445 0.040625 0.06458333333333334
0 0.45390625 0.6013888888888889 0.0453125 0.044444444444444446
0 0.69765625 0.5694444444444444 0.01953125 0.020833333333333332
0 0.7625 0.5527777777777778 0.009375 0.015277777777777777
0 0.112109375 0.6923611111111111 0.111328125 0.12152777777777778
0 0.971875 0.6020833333333333 0.02734375 0.08263888888888889
0 0.39921875 0.59375 0.0125 0.025694444444444443
0 0.36796875 0.5993055555555555 0.01640625 0.025694444444444443
0 0.818359375 0.5430555555555555 0.008203125 0.011111111111111112
8 0.52890625 0.47638888888888886 0.00390625 0.0125
8 0.52890625 0.49930555555555556 0.00546875 0.009027777777777777
