8 0.4890625 0.2520833333333333 0.0171875 0.01597222222222222
8 0.554296875 0.21805555555555556 0.012890625 0.03888888888888889
8 0.555078125 0.28680555555555554 0.012109375 0.027083333333333334
8 0.716796875 0.3784722222222222 0.004296875 0.007638888888888889
8 0.2359375 0.3486111111111111 0.0078125 0.0125
8 0.2359375 0.29583333333333334 0.00859375 0.020833333333333332
9 0.096875 0.32916666666666666 0.0046875 0.013888888888888888
9 0.154296875 0.37083333333333335 0.005078125 0.0125
9 0.215234375 0.3194444444444444 0.005078125 0.018055555555555554
0 0.034765625 0.3638888888888889 0.005078125 0.008333333333333333
0 0.048046875 0.3736111111111111 0.005859375 0.009722222222222222
0 0.05703125 0.3798611111111111 0.0078125 0.010416666666666666
0 0.07734375 0.38819444444444445 0.0109375 0.011805555555555555
0 0.1171875 0.4479166666666667 0.00859375 0.022916666666666665
0 0.05859375 0.44027777777777777 0.01171875 0.022222222222222223
0 0.0375 0.44375 0.01796875 0.029861111111111113
0 0.009765625 0.4583333333333333 0.009765625 0.030555555555555555
0 0.01875 0.45416666666666666 0.01875 0.029166666666666667
0 0.091015625 0.44375 0.022265625 0.029861111111111113
0 0.572265625 0.40208333333333335 0.013671875 0.011805555555555555
1 0.585546875 0.3819444444444444 0.034765625 0.018055555555555554
0 0.373828125 0.40902777777777777 0.008203125 0.010416666666666666
0 0.327734375 0.4125 0.008203125 0.0125
8 0.139453125 0.3770833333333333 0.004296875 0.00625
0 0.62109375 0.3923611111111111 0.015625 0.01875
