8 0.566796875 0.24375 0.033203125 0.025694444444444443
9 0.526171875 0.3229166666666667 0.021484375 0.035416666666666666
9 0.187109375 0.06944444444444445 0.005859375 0.0375
9 0.06796875 0.20416666666666666 0.0078125 0.027777777777777776
9 0.091015625 0.21458333333333332 0.007421875 0.03125
9 0.20234375 0.08402777777777778 0.0078125 0.03958333333333333
9 0.424609375 0.43680555555555556 0.006640625 0.01597222222222222
9 0.41171875 0.4354166666666667 0.00625 0.013194444444444444
0 0.85078125 0.5576388888888889 0.0453125 0.035416666666666666
0 0.800390625 0.5236111111111111 0.031640625 0.02638888888888889
0 0.75234375 0.5291666666666667 0.03125 0.030555555555555555
2 0.615625 0.5194444444444445 0.00859375 0.029166666666666667
2 0.5265625 0.525 0.00859375 0.0375
2 0.44140625 0.5131944444444444 0.00859375 0.04236111111111111
4 0.1140625 0.45069444444444445 0.11328125 0.21875
