9 0.58359375 0.4375 0.00859375 0.02361111111111111
9 0.134375 0.4951388888888889 0.00859375 0.02013888888888889
9 0.8328125 0.09861111111111111 0.01328125 0.043055555555555555
9 0.74140625 0.42291666666666666 0.0109375 0.034027777777777775
8 0.7546875 0.34791666666666665 0.0078125 0.029861111111111113
8 0.765234375 0.49375 0.008984375 0.01875
8 0.466015625 0.5145833333333333 0.006640625 0.01597222222222222
8 0.493359375 0.5152777777777777 0.005859375 0.020833333333333332
8 0.419921875 0.5111111111111111 0.004296875 0.005555555555555556
9 0.426953125 0.5381944444444444 0.005078125 0.011805555555555555
9 0.33359375 0.5465277777777777 0.003125 0.007638888888888889
0 0.010546875 0.7791666666666667 0.010546875 0.04861111111111111
0 0.8828125 0.5965277777777778 0.09453125 0.06597222222222222
0 0.433203125 0.58125 0.006640625 0.021527777777777778
0 0.45078125 0.5888888888888889 0.01875 0.027777777777777776
9 0.601171875 0.5298611111111111 0.012109375 0.02013888888888889
0 0.333203125 0.5701388888888889 0.006640625 0.009027777777777777
0 0.32109375 0.5729166666666666 0.00546875 0.013194444444444444
0 0.31328125 0.5791666666666667 0.0046875 0.013888888888888888
0 0.301953125 0.5902777777777778 0.007421875 0.020833333333333332
0 0.289453125 0.5951388888888889 0.007421875 0.021527777777777778
0 0.26640625 0.6034722222222222 0.01796875 0.029861111111111113
0 0.229296875 0.6277777777777778 0.031640625 0.043055555555555555
