9 0.36953125 0.3993055555555556 0.003125 0.00625
9 0.41875 0.3951388888888889 0.00390625 0.007638888888888889
9 0.474609375 0.38472222222222224 0.004296875 0.008333333333333333
9 0.509375 0.38333333333333336 0.00390625 0.006944444444444444
9 0.52734375 0.38819444444444445 0.00390625 0.00625
0 0.53984375 0.4048611111111111 0.00546875 0.009027777777777777
0 0.520703125 0.41041666666666665 0.005859375 0.010416666666666666
0 0.50390625 0.41944444444444445 0.00859375 0.011111111111111112
0 0.49140625 0.42430555555555555 0.0046875 0.00625
0 0.48046875 0.4236111111111111 0.00703125 0.008333333333333333
0 0.459375 0.4340277777777778 0.01171875 0.013194444444444444
0 0.537890625 0.43194444444444446 0.006640625 0.011111111111111112
0 0.4203125 0.4625 0.02890625 0.03888888888888889
0 0.346875 0.5125 0.05625 0.09444444444444444
0 0.2453125 0.48541666666666666 0.03125 0.04097222222222222
0 0.184765625 0.5097222222222222 0.048828125 0.05416666666666667
0 0.46484375 0.5798611111111112 0.08984375 0.13541666666666666
