9 0.22734375 0.4125 0.00390625 0.015277777777777777
9 0.21953125 0.41458333333333336 0.003125 0.013194444444444444
9 0.23515625 0.4152777777777778 0.00390625 0.013888888888888888
0 0.167578125 0.775 0.167578125 0.2222222222222222
0 0.391796875 0.6465277777777778 0.079296875 0.09791666666666667
0 0.30078125 0.5784722222222223 0.040625 0.059027777777777776
0 0.171484375 0.5416666666666666 0.051171875 0.015277777777777777
4 0.042578125 0.5298611111111111 0.042578125 0.12569444444444444
4 0.13515625 0.5180555555555556 0.01640625 0.016666666666666666
0 0.601171875 0.5208333333333334 0.026171875 0.008333333333333333
0 0.466015625 0.53125 0.020703125 0.011805555555555555
0 0.41328125 0.5333333333333333 0.0203125 0.015277777777777777
0 0.648828125 0.5194444444444445 0.012890625 0.008333333333333333
9 0.30703125 0.5104166666666666 0.009375 0.009027777777777777
0 0.767578125 0.5048611111111111 0.009765625 0.014583333333333334
9 0.240234375 0.48541666666666666 0.003515625 0.011805555555555555
9 0.24765625 0.5166666666666667 0.00546875 0.011111111111111112
9 0.16328125 0.4895833333333333 0.00234375 0.009027777777777777
0 0.396875 0.5423611111111111 0.02109375 0.010416666666666666
