0 0.63984375 0.5625 0.0109375 0.05
0 0.37421875 0.5326388888888889 0.01953125 0.04236111111111111
0 0.3390625 0.5548611111111111 0.04140625 0.04652777777777778
4 0.684765625 0.4736111111111111 0.066796875 0.07361111111111111
0 0.752734375 0.5944444444444444 0.115234375 0.13055555555555556
0 0.523046875 0.5951388888888889 0.123046875 0.22708333333333333
9 0.40390625 0.4409722222222222 0.003125 0.014583333333333334
9 0.3421875 0.46597222222222223 0.00234375 0.010416666666666666
2 0.3015625 0.5222222222222223 0.00625 0.013888888888888888
2 0.271484375 0.5354166666666667 0.003515625 0.024305555555555556
3 0.233984375 0.5763888888888888 0.008984375 0.029166666666666667
7 0.233984375 0.5381944444444444 0.011328125 0.035416666666666666
2 0.176953125 0.5479166666666667 0.014453125 0.05347222222222222
2 0.125 0.54375 0.01328125 0.052083333333333336
2 0.14921875 0.55 0.00703125 0.03611111111111111
2 0.1 0.5409722222222222 0.00625 0.04236111111111111
2 0.085546875 0.5451388888888888 0.012109375 0.049305555555555554
2 0.058984375 0.5423611111111111 0.012109375 0.04375
2 0.016015625 0.5451388888888888 0.012890625 0.04513888888888889
2 0.00625 0.5416666666666666 0.00625 0.041666666666666664
2 0.041015625 0.5409722222222222 0.009765625 0.04236111111111111
2 0.991796875 0.5777777777777777 0.007421875 0.07777777777777778
2 0.951171875 0.5638888888888889 0.018359375 0.06944444444444445
2 0.93125 0.5534722222222223 0.00859375 0.05347222222222222
