0 0.011328125 0.36180555555555555 0.011328125 0.03125
0 0.11015625 0.3611111111111111 0.02109375 0.025
0 0.039453125 0.36944444444444446 0.033203125 0.03194444444444444
0 0.188671875 0.37222222222222223 0.030078125 0.029166666666666667
0 0.25625 0.3701388888888889 0.0375 0.052083333333333336
0 0.375390625 0.4423611111111111 0.085546875 0.10625
2 0.619140625 0.3451388888888889 0.006640625 0.01875
2 0.66484375 0.35694444444444445 0.00859375 0.03888888888888889
2 0.740625 0.3701388888888889 0.01484375 0.04236111111111111
9 0.444921875 0.17152777777777778 0.005859375 0.02013888888888889
9 0.609765625 0.20208333333333334 0.008203125 0.03680555555555556
9 0.6328125 0.2604166666666667 0.0109375 0.021527777777777778
9 0.56171875 0.29375 0.00703125 0.014583333333333334
9 0.5375 0.26666666666666666 0.00546875 0.020833333333333332
8 0.537890625 0.225 0.005859375 0.008333333333333333
8 0.56171875 0.23333333333333334 0.0125 0.009722222222222222
8 0.549609375 0.26875 0.012109375 0.009027777777777777
9 0.93125 0.24305555555555555 0.00859375 0.019444444444444445
8 0.948828125 0.22152777777777777 0.023828125 0.017361111111111112
0 0.571484375 0.4152777777777778 0.084765625 0.07777777777777778
8 0.10546875 0.2423611111111111 0.01484375 0.025694444444444443
8 0.029296875 0.2673611111111111 0.009765625 0.017361111111111112
