8 0.886328125 0.5833333333333334 0.006640625 0.015277777777777777
0 0.9578125 0.6173611111111111 0.01640625 0.010416666666666666
0 0.941015625 0.6118055555555556 0.005859375 0.007638888888888889
0 0.926171875 0.6194444444444445 0.018359375 0.013888888888888888
8 0.8546875 0.6229166666666667 0.0203125 0.014583333333333334
4 0.8171875 0.6243055555555556 0.021875 0.01875
1 0.8921875 0.6076388888888888 0.01875 0.01597222222222222
1 0.851171875 0.6090277777777777 0.022265625 0.02013888888888889
0 0.76953125 0.6145833333333334 0.0078125 0.009027777777777777
0 0.7484375 0.6131944444444445 0.0125 0.010416666666666666
0 0.70546875 0.6166666666666667 0.01328125 0.006944444444444444
0 0.651171875 0.6361111111111111 0.018359375 0.029166666666666667
0 0.534375 0.6319444444444444 0.0078125 0.008333333333333333
0 0.425 0.6465277777777778 0.00703125 0.00625
0 0.47109375 0.6402777777777777 0.00625 0.006944444444444444
0 0.28984375 0.6465277777777778 0.01484375 0.007638888888888889
0 0.2625 0.6493055555555556 0.01484375 0.007638888888888889
4 0.619921875 0.6444444444444445 0.031640625 0.03611111111111111
8 0.189453125 0.6270833333333333 0.001953125 0.009027777777777777
