0 0.0765625 0.6659722222222222 0.0765625 0.06319444444444444
0 0.130078125 0.6416666666666667 0.068359375 0.06805555555555555
0 0.24609375 0.6409722222222223 0.053125 0.04375
0 0.415625 0.6368055555555555 0.01484375 0.03680555555555556
0 0.481640625 0.6520833333333333 0.045703125 0.03263888888888889
0 0.56953125 0.6569444444444444 0.04296875 0.030555555555555555
0 0.662109375 0.6597222222222222 0.036328125 0.027777777777777776
0 0.734375 0.6631944444444444 0.03359375 0.024305555555555556
0 0.7921875 0.6652777777777777 0.028125 0.02638888888888889
0 0.842578125 0.6701388888888888 0.023828125 0.021527777777777778
0 0.880078125 0.6722222222222223 0.017578125 0.019444444444444445
0 0.912109375 0.675 0.016796875 0.016666666666666666
0 0.945703125 0.6777777777777778 0.019140625 0.019444444444444445
0 0.968359375 0.6777777777777778 0.008984375 0.016666666666666666
0 0.98125 0.7055555555555556 0.01796875 0.05694444444444444
0 0.34609375 0.6555555555555556 0.08359375 0.058333333333333334
9 0.0703125 0.5715277777777777 0.0109375 0.050694444444444445
8 0.51484375 0.5868055555555556 0.0046875 0.013194444444444444
