0 0.18984375 0.65625 0.065625 0.05486111111111111
0 0.478125 0.6673611111111111 0.0390625 0.05763888888888889
0 0.261328125 0.6458333333333334 0.033984375 0.041666666666666664
0 0.32578125 0.6409722222222223 0.02890625 0.03125
0 0.34765625 0.6319444444444444 0.0234375 0.030555555555555555
0 0.3703125 0.6340277777777777 0.01328125 0.01875
0 0.387109375 0.6361111111111111 0.012890625 0.020833333333333332
0 0.39140625 0.6333333333333333 0.0140625 0.018055555555555554
0 0.446875 0.6326388888888889 0.0078125 0.014583333333333334
0 0.422265625 0.6333333333333333 0.019140625 0.030555555555555555
8 0.521875 0.5534722222222223 0.0109375 0.02013888888888889
8 0.52265625 0.5833333333333334 0.00625 0.0125
