9 0.47109375 0.5527777777777778 0.00390625 0.009722222222222222
9 0.51328125 0.5652777777777778 0.003125 0.011111111111111112
8 0.380859375 0.42430555555555555 0.018359375 0.03819444444444445
8 0.3953125 0.4861111111111111 0.00703125 0.0125
8 0.480859375 0.5916666666666667 0.003515625 0.008333333333333333
2 0.295703125 0.59375 0.009765625 0.05763888888888889
0 0.479296875 0.6222222222222222 0.009765625 0.018055555555555554
0 0.519140625 0.63125 0.014453125 0.017361111111111112
2 0.4453125 0.6159722222222223 0.00234375 0.010416666666666666
9 0.437109375 0.5840277777777778 0.001953125 0.007638888888888889
