0 0.504296875 0.4479166666666667 0.004296875 0.017361111111111112
0 0.523046875 0.44722222222222224 0.016796875 0.02638888888888889
0 0.542578125 0.45902777777777776 0.022265625 0.03125
0 0.591796875 0.4756944444444444 0.033984375 0.04513888888888889
0 0.651171875 0.49930555555555556 0.051953125 0.06319444444444444
0 0.473828125 0.44513888888888886 0.004296875 0.009027777777777777
0 0.463671875 0.44027777777777777 0.006640625 0.009722222222222222
0 0.435546875 0.45 0.022265625 0.034722222222222224
0 0.36953125 0.44375 0.0265625 0.03680555555555556
0 0.16875 0.5090277777777777 0.0921875 0.09097222222222222
0 0.310546875 0.4486111111111111 0.009765625 0.011111111111111112
0 0.05390625 0.5006944444444444 0.05390625 0.08541666666666667
0 0.848828125 0.5305555555555556 0.149609375 0.2388888888888889
2 0.2828125 0.4701388888888889 0.00546875 0.02847222222222222
2 0.301171875 0.44583333333333336 0.003515625 0.019444444444444445
8 0.666796875 0.325 0.015234375 0.03333333333333333
8 0.508203125 0.35625 0.008203125 0.004861111111111111
8 0.3625 0.375 0.009375 0.004166666666666667
9 0.379296875 0.36736111111111114 0.002734375 0.010416666666666666
9 0.48671875 0.3527777777777778 0.00234375 0.0125
9 0.407421875 0.6930555555555555 0.005859375 0.0
9 0.384375 0.3680555555555556 0.00234375 0.011111111111111112
9 0.37421875 0.3659722222222222 0.00234375 0.011805555555555555
9 0.4921875 0.3541666666666667 0.00234375 0.009722222222222222
9 0.48125 0.3541666666666667 0.003125 0.009722222222222222
9 0.335546875 0.4152777777777778 0.004296875 0.008333333333333333
