9 0.54453125 0.4041666666666667 0.003125 0.013888888888888888
9 0.45390625 0.38472222222222224 0.003125 0.011111111111111112
9 0.449609375 0.3840277777777778 0.003515625 0.013194444444444444
9 0.459375 0.38472222222222224 0.00234375 0.011111111111111112
9 0.53984375 0.4027777777777778 0.00390625 0.0125
9 0.549609375 0.40555555555555556 0.004296875 0.0125
9 0.642578125 0.49444444444444446 0.005078125 0.011111111111111112
8 0.398828125 0.3861111111111111 0.008203125 0.011111111111111112
8 0.608203125 0.47291666666666665 0.005859375 0.00625
8 0.606640625 0.4326388888888889 0.004296875 0.011805555555555555
0 0.536328125 0.5222222222222223 0.019921875 0.016666666666666666
0 0.576953125 0.5229166666666667 0.027734375 0.03680555555555556
0 0.604296875 0.5465277777777777 0.021484375 0.03125
0 0.65859375 0.5694444444444444 0.05078125 0.0625
0 0.276171875 0.6131944444444445 0.276171875 0.22847222222222222
