2 0.423046875 0.4638888888888889 0.001953125 0.013888888888888888
0 0.415234375 0.4638888888888889 0.005078125 0.0125
0 0.4015625 0.4673611111111111 0.0078125 0.011805555555555555
0 0.388671875 0.4701388888888889 0.008984375 0.011805555555555555
0 0.378515625 0.4736111111111111 0.008203125 0.0125
0 0.362890625 0.48055555555555557 0.015234375 0.016666666666666666
0 0.3390625 0.4777777777777778 0.0171875 0.02638888888888889
0 0.302734375 0.4861111111111111 0.023828125 0.03333333333333333
0 0.25703125 0.4888888888888889 0.03515625 0.043055555555555555
0 0.205078125 0.5027777777777778 0.048046875 0.05
0 0.0515625 0.54375 0.05078125 0.10069444444444445
0 0.535546875 0.6916666666666667 0.169140625 0.225
0 0.490625 0.4486111111111111 0.059375 0.016666666666666666
