0 0.472265625 0.5486111111111112 0.224609375 0.1625
2 0.056640625 0.4576388888888889 0.006640625 0.01597222222222222
2 0.06796875 0.46319444444444446 0.003125 0.013194444444444444
0 0.32265625 0.4791666666666667 0.03984375 0.058333333333333334
0 0.28671875 0.4673611111111111 0.01015625 0.022916666666666665
0 0.386328125 0.4423611111111111 0.012890625 0.017361111111111112
8 0.253515625 0.41180555555555554 0.008984375 0.01597222222222222
9 0.358984375 0.3875 0.002734375 0.015277777777777777
9 0.366796875 0.3909722222222222 0.000390625 0.011805555555555555
8 0.41484375 0.39375 0.0046875 0.011805555555555555
8 0.854296875 0.32916666666666666 0.022265625 0.016666666666666666
