0 0.356640625 0.5020833333333333 0.007421875 0.010416666666666666
0 0.33046875 0.5013888888888889 0.00546875 0.008333333333333333
0 0.321484375 0.5131944444444444 0.008203125 0.01597222222222222
0 0.303515625 0.53125 0.020703125 0.022916666666666665
0 0.2734375 0.5361111111111111 0.015625 0.027777777777777776
0 0.25703125 0.5458333333333333 0.015625 0.030555555555555555
0 0.394921875 0.5034722222222222 0.008984375 0.013194444444444444
0 0.4078125 0.5027777777777778 0.0046875 0.009722222222222222
0 0.417578125 0.5048611111111111 0.007421875 0.011805555555555555
0 0.430859375 0.5041666666666667 0.007421875 0.0125
0 0.211328125 0.5548611111111111 0.042578125 0.04236111111111111
0 0.49375 0.5166666666666667 0.01953125 0.02638888888888889
0 0.711328125 0.4861111111111111 0.051953125 0.0375
0 0.8046875 0.47638888888888886 0.034375 0.03611111111111111
0 0.915234375 0.4875 0.083203125 0.07916666666666666
