9 0.0234375 0.09236111111111112 0.0234375 0.03680555555555556
9 0.255859375 0.5354166666666667 0.005078125 0.009027777777777777
9 0.274609375 0.5180555555555556 0.004296875 0.009722222222222222
9 0.0875 0.5597222222222222 0.00546875 0.008333333333333333
9 0.21171875 0.5479166666666667 0.003125 0.004861111111111111
9 0.240625 0.5555555555555556 0.003125 0.006944444444444444
4 0.3953125 0.5034722222222222 0.00625 0.013194444444444444
4 0.3953125 0.5333333333333333 0.00625 0.015277777777777777
4 0.3109375 0.5569444444444445 0.0046875 0.008333333333333333
4 0.021875 0.4895833333333333 0.021875 0.05347222222222222
0 0.267578125 0.5875 0.006640625 0.008333333333333333
0 0.18515625 0.5861111111111111 0.00703125 0.006944444444444444
0 0.229296875 0.5784722222222223 0.002734375 0.004861111111111111
0 0.44453125 0.5993055555555555 0.04296875 0.04375
0 0.06640625 0.5756944444444444 0.01015625 0.013194444444444444
