0 0.475390625 0.4951388888888889 0.004296875 0.010416666666666666
0 0.467578125 0.49375 0.002734375 0.010416666666666666
0 0.457421875 0.49166666666666664 0.005859375 0.0125
0 0.44609375 0.4979166666666667 0.00546875 0.014583333333333334
0 0.437109375 0.49930555555555556 0.004296875 0.014583333333333334
0 0.427734375 0.49930555555555556 0.006640625 0.01597222222222222
0 0.41953125 0.5020833333333333 0.00625 0.02013888888888889
0 0.483203125 0.4965277777777778 0.007421875 0.011805555555555555
0 0.321484375 0.5194444444444445 0.037109375 0.058333333333333334
0 0.2671875 0.5333333333333333 0.03046875 0.0625
0 0.19296875 0.5402777777777777 0.07734375 0.09722222222222222
0 0.092578125 0.55 0.083984375 0.11666666666666667
0 0.392578125 0.4979166666666667 0.020703125 0.03263888888888889
0 0.506640625 0.5034722222222222 0.016015625 0.021527777777777778
0 0.57890625 0.5576388888888889 0.0328125 0.06736111111111111
0 0.603125 0.5708333333333333 0.034375 0.0763888888888889
0 0.79609375 0.6173611111111111 0.20234375 0.22291666666666668
0 0.0375 0.6354166666666666 0.0375 0.07847222222222222
0 0.89375 0.8513888888888889 0.1046875 0.14444444444444443
