0 0.640625 0.4013888888888889 0.0109375 0.0125
0 0.66015625 0.40902777777777777 0.01015625 0.013194444444444444
0 0.620703125 0.4083333333333333 0.013671875 0.015277777777777777
0 0.593359375 0.41180555555555554 0.015234375 0.02013888888888889
0 0.68046875 0.41041666666666665 0.0171875 0.027083333333333334
8 0.5421875 0.34444444444444444 0.009375 0.016666666666666666
0 0.462890625 0.42569444444444443 0.043359375 0.052083333333333336
0 0.764453125 0.4083333333333333 0.018359375 0.016666666666666666
0 0.8828125 0.4326388888888889 0.0140625 0.010416666666666666
8 0.33515625 0.2875 0.00859375 0.015277777777777777
8 0.788671875 0.1763888888888889 0.005078125 0.016666666666666666
8 0.81328125 0.19305555555555556 0.01796875 0.0125
8 0.8734375 0.36875 0.0078125 0.02847222222222222
