8 0.54453125 0.4340277777777778 0.0109375 0.009027777777777777
8 0.234375 0.3923611111111111 0.01171875 0.017361111111111112
8 0.35 0.43680555555555556 0.00703125 0.009027777777777777
9 0.382421875 0.4305555555555556 0.006640625 0.011111111111111112
9 0.325390625 0.39444444444444443 0.005078125 0.009722222222222222
9 0.268359375 0.41041666666666665 0.005078125 0.011805555555555555
9 0.25625 0.4270833333333333 0.0046875 0.009027777777777777
0 0.290625 0.44930555555555557 0.01171875 0.011805555555555555
0 0.31015625 0.4583333333333333 0.009375 0.009722222222222222
0 0.264453125 0.4576388888888889 0.010546875 0.009027777777777777
0 0.423828125 0.4791666666666667 0.027734375 0.034722222222222224
0 0.35546875 0.46319444444444446 0.0203125 0.013194444444444444
0 0.341796875 0.49375 0.036328125 0.03263888888888889
0 0.240625 0.45694444444444443 0.0109375 0.011111111111111112
0 0.20859375 0.45555555555555555 0.0203125 0.019444444444444445
0 0.17109375 0.4625 0.0171875 0.022222222222222223
0 0.133984375 0.45694444444444443 0.017578125 0.019444444444444445
0 0.088671875 0.4625 0.008984375 0.0125
0 0.055859375 0.45555555555555555 0.024609375 0.020833333333333332
8 0.534765625 0.3958333333333333 0.016015625 0.0125
8 0.461328125 0.43125 0.005078125 0.007638888888888889
