0 0.32890625 0.4583333333333333 0.00859375 0.011111111111111112
0 0.448046875 0.45694444444444443 0.013671875 0.020833333333333332
0 0.4984375 0.4861111111111111 0.040625 0.06527777777777778
0 0.360546875 0.4576388888888889 0.023046875 0.03680555555555556
0 0.391796875 0.48055555555555557 0.037109375 0.05277777777777778
0 0.251953125 0.4930555555555556 0.044921875 0.04861111111111111
0 0.021484375 0.5354166666666667 0.021484375 0.03958333333333333
0 0.03984375 0.7347222222222223 0.03984375 0.12361111111111112
8 0.51796875 0.19791666666666666 0.06015625 0.049305555555555554
8 0.49921875 0.2701388888888889 0.05078125 0.024305555555555556
8 0.823828125 0.33055555555555555 0.011328125 0.02638888888888889
8 0.834375 0.4305555555555556 0.009375 0.029166666666666667
9 0.428515625 0.18819444444444444 0.011328125 0.04513888888888889
9 0.0703125 0.1527777777777778 0.0109375 0.044444444444444446
9 0.098828125 0.15833333333333333 0.012109375 0.04722222222222222
8 0.508203125 0.4 0.012109375 0.013888888888888888
8 0.541015625 0.40347222222222223 0.013671875 0.022916666666666665
8 0.2265625 0.3715277777777778 0.02734375 0.024305555555555556
8 0.1125 0.39375 0.01015625 0.02013888888888889
9 0.6046875 0.22430555555555556 0.00703125 0.021527777777777778
