9 0.494140625 0.38055555555555554 0.003515625 0.0125
9 0.52578125 0.40208333333333335 0.0046875 0.010416666666666666
8 0.313671875 0.23055555555555557 0.024609375 0.041666666666666664
8 0.448046875 0.2986111111111111 0.011328125 0.022222222222222223
8 0.462109375 0.3506944444444444 0.008984375 0.013194444444444444
8 0.44921875 0.38472222222222224 0.00625 0.0125
8 0.51171875 0.39375 0.00546875 0.00625
0 0.134375 0.4826388888888889 0.0484375 0.05625
0 0.284375 0.4152777777777778 0.0140625 0.02361111111111111
0 0.33203125 0.4513888888888889 0.0390625 0.04722222222222222
0 0.394921875 0.43680555555555556 0.022265625 0.027083333333333334
0 0.480078125 0.48819444444444443 0.036328125 0.050694444444444445
0 0.223828125 0.4930555555555556 0.067578125 0.075
0 0.723828125 0.5416666666666666 0.091796875 0.09444444444444444
0 0.05703125 0.4666666666666667 0.05703125 0.06527777777777778
0 0.496484375 0.4166666666666667 0.005859375 0.008333333333333333
