9 0.285546875 0.06875 0.009765625 0.05347222222222222
9 0.62109375 0.21180555555555555 0.0109375 0.04097222222222222
9 0.60625 0.225 0.009375 0.03333333333333333
8 0.04140625 0.36944444444444446 0.00859375 0.006944444444444444
8 0.05 0.40208333333333335 0.0078125 0.007638888888888889
9 0.041796875 0.42777777777777776 0.006640625 0.011111111111111112
9 0.244140625 0.4125 0.003515625 0.0125
9 0.248828125 0.41458333333333336 0.002734375 0.011805555555555555
9 0.39921875 0.33402777777777776 0.00703125 0.017361111111111112
8 0.646484375 0.29305555555555557 0.016015625 0.0125
8 0.62734375 0.3138888888888889 0.01953125 0.013888888888888888
9 0.64453125 0.39444444444444443 0.0109375 0.019444444444444445
2 0.702734375 0.54375 0.014453125 0.06875
2 0.56328125 0.5215277777777778 0.01171875 0.05486111111111111
2 0.530078125 0.5423611111111111 0.010546875 0.06319444444444444
2 0.494921875 0.5034722222222222 0.004296875 0.022916666666666665
2 0.60703125 0.5222222222222223 0.01015625 0.04861111111111111
2 0.484765625 0.5027777777777778 0.005078125 0.019444444444444445
9 0.436328125 0.4597222222222222 0.003515625 0.006944444444444444
8 0.613671875 0.28194444444444444 0.008984375 0.020833333333333332
0 0.281640625 0.4979166666666667 0.006640625 0.014583333333333334
0 0.294140625 0.5076388888888889 0.012890625 0.03263888888888889
0 0.169921875 0.5013888888888889 0.019921875 0.020833333333333332
1 0.237109375 0.4708333333333333 0.039453125 0.05138888888888889
0 0.1046875 0.5013888888888889 0.0484375 0.04861111111111111
0 0.366796875 0.51875 0.065234375 0.10902777777777778
8 0.397265625 0.10972222222222222 0.023828125 0.04722222222222222
8 0.49765625 0.15208333333333332 0.05390625 0.022916666666666665
8 0.477734375 0.33819444444444446 0.005078125 0.00625
8 0.479296875 0.3680555555555556 0.005859375 0.013888888888888888
