2 0.06171875 0.6236111111111111 0.0203125 0.14166666666666666
2 0.04375 0.6229166666666667 0.0140625 0.11875
0 0.5625 0.5118055555555555 0.00625 0.017361111111111112
0 0.578515625 0.5159722222222223 0.017578125 0.02847222222222222
0 0.58671875 0.5215277777777778 0.01171875 0.027083333333333334
0 0.60546875 0.5402777777777777 0.02109375 0.05
0 0.648046875 0.5458333333333333 0.039453125 0.07916666666666666
0 0.542578125 0.5201388888888889 0.018359375 0.03263888888888889
0 0.51875 0.5284722222222222 0.01171875 0.02847222222222222
0 0.5 0.5368055555555555 0.02109375 0.04236111111111111
0 0.470703125 0.5548611111111111 0.031640625 0.05625
0 0.441015625 0.5659722222222222 0.042578125 0.06319444444444444
0 0.359375 0.6145833333333334 0.08203125 0.09791666666666667
0 0.815625 0.6416666666666667 0.18203125 0.2847222222222222
8 0.426171875 0.46111111111111114 0.005859375 0.0125
