8 0.303125 0.3215277777777778 0.0078125 0.01875
8 0.419140625 0.3625 0.009765625 0.008333333333333333
8 0.485546875 0.35 0.004296875 0.006944444444444444
0 0.030078125 0.4875 0.030078125 0.0763888888888889
0 0.187109375 0.4708333333333333 0.074609375 0.08611111111111111
0 0.377734375 0.4777777777777778 0.056640625 0.08194444444444444
0 0.30078125 0.4444444444444444 0.03046875 0.043055555555555555
0 0.25546875 0.43333333333333335 0.01640625 0.03194444444444444
0 0.430078125 0.43472222222222223 0.008203125 0.025
0 0.442578125 0.4166666666666667 0.004296875 0.0125
0 0.451953125 0.42291666666666666 0.005078125 0.009027777777777777
0 0.46328125 0.41875 0.00625 0.009027777777777777
0 0.473828125 0.41805555555555557 0.003515625 0.006944444444444444
2 0.7453125 0.5 0.02421875 0.030555555555555555
