0 0.280859375 0.43125 0.028515625 0.03819444444444445
0 0.32109375 0.4041666666666667 0.025 0.03888888888888889
0 0.50546875 0.4152777777777778 0.0140625 0.022222222222222223
0 0.57890625 0.4131944444444444 0.0109375 0.02013888888888889
0 0.61171875 0.4131944444444444 0.02578125 0.03263888888888889
0 0.621875 0.42083333333333334 0.01640625 0.02638888888888889
0 0.657421875 0.425 0.028515625 0.03333333333333333
0 0.755859375 0.4673611111111111 0.085546875 0.07430555555555556
0 0.90625 0.5125 0.0921875 0.16944444444444445
0 0.567578125 0.3819444444444444 0.018359375 0.019444444444444445
8 0.16875 0.3368055555555556 0.0125 0.009027777777777777
8 0.16015625 0.30416666666666664 0.01171875 0.008333333333333333
8 0.395703125 0.3472222222222222 0.008984375 0.005555555555555556
0 0.36328125 0.4041666666666667 0.015625 0.03194444444444444
8 0.266796875 0.2604166666666667 0.024609375 0.011805555555555555
8 0.65859375 0.23055555555555557 0.025 0.0125
8 0.51640625 0.34652777777777777 0.00859375 0.004861111111111111
8 0.545703125 0.35208333333333336 0.004296875 0.003472222222222222
8 0.500390625 0.36736111111111114 0.005859375 0.003472222222222222
9 0.155859375 0.15069444444444444 0.006640625 0.029861111111111113
9 0.741796875 0.3416666666666667 0.005859375 0.011111111111111112
9 0.58671875 0.36319444444444443 0.0046875 0.009027777777777777
9 0.161328125 0.3645833333333333 0.007421875 0.013194444444444444
9 0.360546875 0.24305555555555555 0.005078125 0.022222222222222223
9 0.41875 0.34375 0.00390625 0.010416666666666666
9 0.48984375 0.34444444444444444 0.003125 0.011111111111111112
9 0.58125 0.22152777777777777 0.00625 0.01875
9 0.948828125 0.10347222222222222 0.010546875 0.03680555555555556
0 0.546484375 0.4423611111111111 0.037109375 0.04652777777777778
0 0.43359375 0.46458333333333335 0.0671875 0.11597222222222223
0 0.1078125 0.4340277777777778 0.0125 0.02013888888888889
0 0.144140625 0.4354166666666667 0.005859375 0.017361111111111112
2 0.270703125 0.42569444444444443 0.014453125 0.03958333333333333
0 0.984375 0.8513888888888889 0.01484375 0.08611111111111111
