0 0.507421875 0.5340277777777778 0.007421875 0.009027777777777777
0 0.542578125 0.5347222222222222 0.009765625 0.0125
0 0.5953125 0.5395833333333333 0.00703125 0.013194444444444444
0 0.608984375 0.5381944444444444 0.006640625 0.01875
0 0.441796875 0.5388888888888889 0.013671875 0.013888888888888888
2 0.383203125 0.5506944444444445 0.006640625 0.03263888888888889
0 0.351171875 0.5520833333333334 0.034765625 0.034027777777777775
1 0.525390625 0.5256944444444445 0.008984375 0.017361111111111112
4 0.6375 0.5256944444444445 0.0234375 0.04236111111111111
0 0.696484375 0.5118055555555555 0.023046875 0.01597222222222222
0 0.64140625 0.5458333333333333 0.01953125 0.022222222222222223
0 0.725 0.5381944444444444 0.0234375 0.03263888888888889
0 0.78203125 0.5152777777777777 0.0265625 0.009722222222222222
0 0.78359375 0.5458333333333333 0.0546875 0.04027777777777778
0 0.6828125 0.5472222222222223 0.02890625 0.03194444444444444
0 0.87265625 0.5520833333333334 0.10859375 0.06597222222222222
1 0.135546875 0.45625 0.135546875 0.36736111111111114
