0 0.0578125 0.6270833333333333 0.0578125 0.08958333333333333
0 0.4375 0.5784722222222223 0.03515625 0.05347222222222222
0 0.53671875 0.5305555555555556 0.0046875 0.013888888888888888
0 0.528125 0.5333333333333333 0.00859375 0.011111111111111112
0 0.51640625 0.5340277777777778 0.00703125 0.011805555555555555
0 0.508203125 0.5291666666666667 0.008203125 0.011111111111111112
0 0.4765625 0.5402777777777777 0.02265625 0.025
0 0.586328125 0.5347222222222222 0.006640625 0.008333333333333333
0 0.601953125 0.5347222222222222 0.007421875 0.009722222222222222
0 0.6125 0.5333333333333333 0.00625 0.011111111111111112
0 0.62265625 0.5340277777777778 0.01015625 0.02013888888888889
0 0.64296875 0.5409722222222222 0.0203125 0.027083333333333334
0 0.65234375 0.5604166666666667 0.015625 0.027083333333333334
0 0.674609375 0.5666666666666667 0.022265625 0.029166666666666667
0 0.717578125 0.5763888888888888 0.041015625 0.04861111111111111
0 0.549609375 0.5375 0.012890625 0.020833333333333332
0 0.508203125 0.6013888888888889 0.041015625 0.059722222222222225
8 0.32734375 0.34791666666666665 0.01640625 0.009027777777777777
8 0.345703125 0.375 0.019921875 0.009722222222222222
8 0.350390625 0.3972222222222222 0.010546875 0.011111111111111112
8 0.689453125 0.48055555555555557 0.008203125 0.016666666666666666
0 0.567578125 0.5347222222222222 0.005078125 0.008333333333333333
8 0.493359375 0.4826388888888889 0.005078125 0.017361111111111112
8 0.44375 0.45902777777777776 0.0078125 0.007638888888888889
2 0.839453125 0.5701388888888889 0.012109375 0.021527777777777778
