9 0.905078125 0.11527777777777778 0.018359375 0.016666666666666666
9 0.694921875 0.10347222222222222 0.015234375 0.01597222222222222
9 0.254296875 0.07777777777777778 0.019140625 0.016666666666666666
9 0.035546875 0.06736111111111111 0.012890625 0.013194444444444444
9 0.477734375 0.09722222222222222 0.017578125 0.016666666666666666
8 0.980078125 0.30972222222222223 0.017578125 0.029166666666666667
8 0.938671875 0.2375 0.008984375 0.022222222222222223
8 0.754296875 0.2298611111111111 0.008203125 0.01875
8 0.565234375 0.21944444444444444 0.012109375 0.025
8 0.376171875 0.2152777777777778 0.008203125 0.02638888888888889
8 0.186328125 0.20416666666666666 0.010546875 0.02638888888888889
8 0.603515625 0.36041666666666666 0.009765625 0.00625
8 0.335546875 0.33402777777777776 0.006640625 0.010416666666666666
0 0.41796875 0.3527777777777778 0.0046875 0.009722222222222222
0 0.426953125 0.35625 0.007421875 0.011805555555555555
0 0.43828125 0.36180555555555555 0.00625 0.011805555555555555
0 0.44765625 0.3680555555555556 0.00859375 0.0125
0 0.458203125 0.35694444444444445 0.005078125 0.005555555555555556
0 0.468359375 0.3611111111111111 0.005078125 0.006944444444444444
0 0.4796875 0.3638888888888889 0.00625 0.008333333333333333
0 0.60078125 0.38472222222222224 0.00859375 0.013888888888888888
0 0.632421875 0.4215277777777778 0.035546875 0.04513888888888889
4 0.522265625 0.37569444444444444 0.014453125 0.027083333333333334
4 0.4390625 0.3423611111111111 0.0078125 0.013194444444444444
4 0.63984375 0.35625 0.03046875 0.02847222222222222
0 0.1828125 0.4388888888888889 0.08046875 0.08611111111111111
0 0.473046875 0.4673611111111111 0.057421875 0.08541666666666667
0 0.880859375 0.5402777777777777 0.117578125 0.1375
