0 0.01796875 0.3840277777777778 0.01796875 0.01597222222222222
0 0.025390625 0.3923611111111111 0.019140625 0.009027777777777777
0 0.046875 0.3958333333333333 0.0109375 0.011111111111111112
4 0.08828125 0.3861111111111111 0.0296875 0.025
4 0.11796875 0.3902777777777778 0.0234375 0.022222222222222223
4 0.1359375 0.3958333333333333 0.00625 0.02361111111111111
8 0.11484375 0.3611111111111111 0.00859375 0.013888888888888888
0 0.26796875 0.4263888888888889 0.00859375 0.02638888888888889
0 0.283203125 0.4013888888888889 0.022265625 0.03333333333333333
1 0.311328125 0.4 0.016796875 0.018055555555555554
4 0.204296875 0.3993055555555556 0.065234375 0.12013888888888889
0 0.3703125 0.40625 0.01484375 0.009027777777777777
0 0.387109375 0.4083333333333333 0.006640625 0.008333333333333333
0 0.37578125 0.41180555555555554 0.00859375 0.013194444444444444
0 0.401171875 0.41388888888888886 0.008984375 0.015277777777777777
0 0.415625 0.4152777777777778 0.009375 0.016666666666666666
0 0.431640625 0.4131944444444444 0.005859375 0.014583333333333334
0 0.466015625 0.4125 0.008984375 0.0125
0 0.450390625 0.41805555555555557 0.011328125 0.018055555555555554
0 0.480078125 0.41388888888888886 0.007421875 0.009722222222222222
0 0.491015625 0.42291666666666666 0.006640625 0.014583333333333334
0 0.50390625 0.42777777777777776 0.009375 0.0125
0 0.6046875 0.4263888888888889 0.01875 0.013888888888888888
0 0.558984375 0.44166666666666665 0.033984375 0.025
0 0.68984375 0.4388888888888889 0.015625 0.018055555555555554
0 0.64296875 0.44583333333333336 0.0375 0.030555555555555555
0 0.71640625 0.44513888888888886 0.0203125 0.01597222222222222
0 0.755078125 0.4479166666666667 0.026171875 0.024305555555555556
0 0.79453125 0.4375 0.0203125 0.0125
0 0.834375 0.44305555555555554 0.01875 0.011111111111111112
0 0.809375 0.46319444444444446 0.034375 0.021527777777777778
0 0.872265625 0.46041666666666664 0.029296875 0.024305555555555556
0 0.897265625 0.46875 0.044921875 0.02847222222222222
0 0.958203125 0.46458333333333335 0.016796875 0.02013888888888889
0 0.971484375 0.47708333333333336 0.026953125 0.03263888888888889
9 0.21953125 0.07430555555555556 0.01328125 0.04791666666666667
9 0.245703125 0.07430555555555556 0.012890625 0.049305555555555554
9 0.4296875 0.14722222222222223 0.009375 0.034722222222222224
9 0.44453125 0.15555555555555556 0.00703125 0.034722222222222224
9 0.41484375 0.15416666666666667 0.00390625 0.03194444444444444
8 0.4390625 0.3597222222222222 0.00625 0.016666666666666666
8 0.503515625 0.35555555555555557 0.016015625 0.029166666666666667
8 0.606640625 0.3368055555555556 0.011328125 0.007638888888888889
8 0.60234375 0.31527777777777777 0.015625 0.006944444444444444
8 0.590625 0.3368055555555556 0.0046875 0.009027777777777777
9 0.5953125 0.3659722222222222 0.00546875 0.013194444444444444
