0 0.86796875 0.39861111111111114 0.0953125 0.06111111111111111
9 0.378515625 0.2875 0.004296875 0.015277777777777777
0 0.393359375 0.3819444444444444 0.015234375 0.02361111111111111
0 0.366015625 0.3958333333333333 0.026953125 0.03333333333333333
0 0.471484375 0.39305555555555555 0.007421875 0.0125
0 0.494921875 0.3875 0.012890625 0.025
0 0.506640625 0.3923611111111111 0.010546875 0.02847222222222222
0 0.516015625 0.40208333333333335 0.012890625 0.03680555555555556
0 0.54921875 0.40555555555555556 0.034375 0.05
0 0.574609375 0.4263888888888889 0.036328125 0.06111111111111111
0 0.6484375 0.44930555555555557 0.07109375 0.09652777777777778
0 0.437109375 0.39652777777777776 0.025390625 0.03263888888888889
4 0.222265625 0.44375 0.126171875 0.15069444444444444
