9 0.473828125 0.4076388888888889 0.006640625 0.024305555555555556
9 0.73359375 0.5048611111111111 0.00390625 0.02013888888888889
9 0.33359375 0.5013888888888889 0.0046875 0.025
9 0.588671875 0.5756944444444444 0.003515625 0.011805555555555555
9 0.13203125 0.3451388888888889 0.00703125 0.03680555555555556
9 0.5640625 0.5402777777777777 0.0046875 0.018055555555555554
9 0.478125 0.525 0.003125 0.011111111111111112
8 0.57265625 0.5493055555555556 0.0078125 0.004861111111111111
8 0.730078125 0.5520833333333334 0.004296875 0.011805555555555555
2 0.820703125 0.6722222222222223 0.019921875 0.07361111111111111
2 0.799609375 0.6520833333333333 0.019140625 0.08541666666666667
2 0.977734375 0.6805555555555556 0.020703125 0.09166666666666666
2 0.739453125 0.6347222222222222 0.006640625 0.034722222222222224
2 0.71640625 0.6243055555555556 0.00703125 0.03263888888888889
2 0.623046875 0.6291666666666667 0.008984375 0.029166666666666667
2 0.354296875 0.6222222222222222 0.005078125 0.02361111111111111
2 0.334765625 0.6243055555555556 0.007421875 0.03125
2 0.31796875 0.61875 0.00859375 0.035416666666666666
2 0.298828125 0.6173611111111111 0.006640625 0.035416666666666666
2 0.287109375 0.6097222222222223 0.007421875 0.041666666666666664
2 0.311328125 0.6138888888888889 0.005859375 0.034722222222222224
2 0.22265625 0.6138888888888889 0.00546875 0.034722222222222224
2 0.23046875 0.6194444444444445 0.0046875 0.029166666666666667
2 0.20703125 0.5958333333333333 0.00703125 0.019444444444444445
8 0.846875 0.45902777777777776 0.00703125 0.01875
9 0.8359375 0.5194444444444445 0.00546875 0.022222222222222223
0 0.600390625 0.6180555555555556 0.011328125 0.015277777777777777
0 0.80234375 0.6430555555555556 0.0609375 0.03333333333333333
2 0.768359375 0.6111111111111112 0.006640625 0.018055555555555554
0 0.951171875 0.6458333333333334 0.047265625 0.0375
0 0.471875 0.6972222222222222 0.1015625 0.16805555555555557
0 0.121484375 0.6993055555555555 0.121484375 0.19791666666666666
8 0.57265625 0.6118055555555556 0.00390625 0.013194444444444444
