8 0.74609375 0.3 0.015625 0.03194444444444444
8 0.617578125 0.5569444444444445 0.009765625 0.013888888888888888
8 0.5796875 0.5798611111111112 0.00390625 0.011805555555555555
8 0.415625 0.5569444444444445 0.00859375 0.015277777777777777
0 0.531640625 0.6298611111111111 0.004296875 0.009027777777777777
0 0.541796875 0.6291666666666667 0.006640625 0.015277777777777777
0 0.558984375 0.6340277777777777 0.015234375 0.01597222222222222
0 0.5828125 0.6444444444444445 0.01328125 0.030555555555555555
0 0.60078125 0.6513888888888889 0.021875 0.0375
0 0.63359375 0.6631944444444444 0.02734375 0.05625
0 0.406640625 0.6361111111111111 0.004296875 0.008333333333333333
0 0.3984375 0.6361111111111111 0.00546875 0.013888888888888888
0 0.3859375 0.6368055555555555 0.003125 0.007638888888888889
0 0.379296875 0.6395833333333333 0.006640625 0.010416666666666666
0 0.35390625 0.6409722222222223 0.00390625 0.007638888888888889
0 0.3296875 0.6340277777777777 0.00703125 0.009027777777777777
0 0.339453125 0.6423611111111112 0.010546875 0.011805555555555555
0 0.316015625 0.6465277777777778 0.016015625 0.010416666666666666
0 0.046484375 0.6756944444444445 0.045703125 0.029861111111111113
4 0.122265625 0.6673611111111111 0.031640625 0.02847222222222222
0 0.034375 0.6666666666666666 0.034375 0.03333333333333333
0 0.69140625 0.6881944444444444 0.071875 0.08125
0 0.87734375 0.7868055555555555 0.12109375 0.2048611111111111
