0 0.219140625 0.3638888888888889 0.048046875 0.04722222222222222
0 0.424609375 0.35555555555555557 0.025390625 0.03194444444444444
0 0.546484375 0.35347222222222224 0.006640625 0.011805555555555555
0 0.667578125 0.3770833333333333 0.039453125 0.04791666666666667
0 0.392578125 0.3527777777777778 0.010546875 0.02361111111111111
0 0.555078125 0.3576388888888889 0.007421875 0.013194444444444444
0 0.571875 0.3597222222222222 0.01015625 0.016666666666666666
0 0.721875 0.4013888888888889 0.0546875 0.05555555555555555
0 0.3453125 0.3770833333333333 0.053125 0.05625
0 0.49375 0.38125 0.04609375 0.05625
0 0.103125 0.4951388888888889 0.10234375 0.22847222222222222
8 0.345703125 0.27708333333333335 0.006640625 0.010416666666666666
8 0.391015625 0.30833333333333335 0.007421875 0.009722222222222222
8 0.880078125 0.19791666666666666 0.011328125 0.01875
8 0.87109375 0.09444444444444444 0.02578125 0.041666666666666664
