9 0.762890625 0.31666666666666665 0.004296875 0.013888888888888888
9 0.60546875 0.32430555555555557 0.0046875 0.013194444444444444
9 0.75703125 0.3159722222222222 0.00390625 0.010416666666666666
9 0.392578125 0.2986111111111111 0.005078125 0.011111111111111112
9 0.822265625 0.3854166666666667 0.005078125 0.009027777777777777
9 0.8765625 0.3770833333333333 0.00703125 0.009027777777777777
8 0.876953125 0.3104166666666667 0.010546875 0.010416666666666666
8 0.865625 0.33402777777777776 0.0109375 0.00625
8 0.890625 0.3784722222222222 0.00703125 0.009027777777777777
2 0.312109375 0.4166666666666667 0.006640625 0.022222222222222223
2 0.234375 0.43125 0.00625 0.009027777777777777
2 0.588671875 0.4236111111111111 0.005078125 0.027777777777777776
2 0.580859375 0.4270833333333333 0.006640625 0.03263888888888889
0 0.215234375 0.41944444444444445 0.022265625 0.020833333333333332
0 0.259765625 0.4236111111111111 0.008203125 0.016666666666666666
0 0.269140625 0.4083333333333333 0.007421875 0.008333333333333333
0 0.45703125 0.41041666666666665 0.01015625 0.01597222222222222
0 0.4328125 0.41875 0.0140625 0.021527777777777778
0 0.49296875 0.4125 0.0109375 0.018055555555555554
0 0.52265625 0.40625 0.01484375 0.01597222222222222
0 0.58203125 0.4131944444444444 0.0328125 0.03680555555555556
0 0.635546875 0.4 0.005859375 0.009722222222222222
0 0.650390625 0.4013888888888889 0.006640625 0.011111111111111112
0 0.66640625 0.3958333333333333 0.0046875 0.009722222222222222
0 0.67578125 0.40555555555555556 0.01015625 0.016666666666666666
0 0.696484375 0.4 0.006640625 0.0125
0 0.70234375 0.40625 0.00703125 0.011805555555555555
0 0.715234375 0.40555555555555556 0.008203125 0.015277777777777777
0 0.74765625 0.41388888888888886 0.00625 0.016666666666666666
0 0.764453125 0.4131944444444444 0.012890625 0.025694444444444443
0 0.77578125 0.41805555555555557 0.01953125 0.02638888888888889
0 0.724609375 0.41597222222222224 0.012109375 0.014583333333333334
0 0.83515625 0.4423611111111111 0.0265625 0.03680555555555556
0 0.864453125 0.4534722222222222 0.031640625 0.03263888888888889
0 0.901953125 0.46597222222222223 0.029296875 0.04236111111111111
0 0.953515625 0.4708333333333333 0.044140625 0.059722222222222225
0 0.977734375 0.49375 0.020703125 0.05763888888888889
