0 0.493359375 0.5520833333333334 0.081640625 0.13958333333333334
0 0.420703125 0.49236111111111114 0.006640625 0.007638888888888889
0 0.385546875 0.5229166666666667 0.034765625 0.05486111111111111
0 0.30390625 0.5243055555555556 0.01640625 0.025694444444444443
0 0.27890625 0.5305555555555556 0.01875 0.025
0 0.24921875 0.5402777777777777 0.02578125 0.02638888888888889
0 0.203515625 0.5479166666666667 0.036328125 0.03125
0 0.132421875 0.5576388888888889 0.048828125 0.04652777777777778
0 0.05078125 0.5777777777777777 0.05 0.05416666666666667
9 0.3390625 0.4847222222222222 0.00390625 0.0125
9 0.42734375 0.42083333333333334 0.00390625 0.0125
8 0.01171875 0.44583333333333336 0.01171875 0.0375
