0 0.189453125 0.48819444444444443 0.006640625 0.00625
0 0.199609375 0.48819444444444443 0.005859375 0.009027777777777777
0 0.231640625 0.4875 0.009765625 0.016666666666666666
8 0.111328125 0.46111111111111114 0.004296875 0.009722222222222222
8 0.127734375 0.40902777777777777 0.003515625 0.013194444444444444
9 0.173046875 0.4111111111111111 0.003515625 0.008333333333333333
9 0.178515625 0.41458333333333336 0.002734375 0.010416666666666666
9 0.214453125 0.41805555555555557 0.002734375 0.011111111111111112
2 0.01640625 0.5069444444444444 0.00859375 0.04027777777777778
2 0.093359375 0.46875 0.004296875 0.007638888888888889
0 0.10625 0.5798611111111112 0.09296875 0.11319444444444444
0 0.423046875 0.47847222222222224 0.006640625 0.011805555555555555
0 0.446875 0.48055555555555557 0.0078125 0.0125
0 0.380859375 0.51875 0.042578125 0.06458333333333334
8 0.2671875 0.45 0.0046875 0.006944444444444444
8 0.138671875 0.3541666666666667 0.010546875 0.020833333333333332
9 0.378515625 0.40069444444444446 0.002734375 0.010416666666666666
9 0.426953125 0.4097222222222222 0.004296875 0.0125
