0 0.408984375 0.375 0.004296875 0.0125
0 0.448046875 0.3875 0.015234375 0.027777777777777776
0 0.430078125 0.39444444444444443 0.019921875 0.03194444444444444
0 0.34296875 0.40694444444444444 0.05703125 0.09583333333333334
0 0.50859375 0.4215277777777778 0.04296875 0.04791666666666667
0 0.600390625 0.4125 0.039453125 0.05138888888888889
0 0.790234375 0.4986111111111111 0.208984375 0.3055555555555556
0 0.119921875 0.38680555555555557 0.071484375 0.04513888888888889
0 0.023046875 0.39652777777777776 0.023046875 0.04375
8 0.474609375 0.3055555555555556 0.005859375 0.011111111111111112
8 0.4734375 0.32430555555555557 0.0046875 0.007638888888888889
