0 0.025390625 0.6284722222222222 0.024609375 0.04652777777777778
0 0.497265625 0.5701388888888889 0.011328125 0.014583333333333334
0 0.39296875 0.5763888888888888 0.009375 0.015277777777777777
4 0.528515625 0.5576388888888889 0.012109375 0.02013888888888889
0 0.408984375 0.5743055555555555 0.005859375 0.009027777777777777
0 0.419140625 0.5736111111111111 0.004296875 0.008333333333333333
0 0.428515625 0.5722222222222222 0.005859375 0.011111111111111112
9 0.32109375 0.42986111111111114 0.00625 0.017361111111111112
9 0.5296875 0.46111111111111114 0.00390625 0.013888888888888888
9 0.49296875 0.4625 0.00390625 0.013888888888888888
9 0.616796875 0.47291666666666665 0.005078125 0.017361111111111112
8 0.50625 0.46041666666666664 0.00546875 0.011805555555555555
2 0.72421875 0.5715277777777777 0.01015625 0.04791666666666667
8 0.834765625 0.42916666666666664 0.009765625 0.022222222222222223
8 0.49609375 0.5361111111111111 0.00390625 0.009722222222222222
8 0.508203125 0.5375 0.003515625 0.006944444444444444
