9 0.43203125 0.2222222222222222 0.01328125 0.05138888888888889
9 0.67578125 0.39444444444444443 0.01328125 0.044444444444444446
8 0.666015625 0.3159722222222222 0.009765625 0.02013888888888889
8 0.505859375 0.2638888888888889 0.039453125 0.02361111111111111
8 0.933203125 0.4583333333333333 0.019140625 0.04027777777777778
8 0.9265625 0.3902777777777778 0.0203125 0.016666666666666666
0 0.82578125 0.5541666666666667 0.05234375 0.027777777777777776
0 0.715625 0.5729166666666666 0.01640625 0.02013888888888889
0 0.670703125 0.5756944444444444 0.015234375 0.02013888888888889
0 0.136328125 0.7590277777777777 0.136328125 0.18680555555555556
8 0.322265625 0.6090277777777777 0.008984375 0.024305555555555556
