8 0.3703125 0.44027777777777777 0.01953125 0.030555555555555555
8 0.340234375 0.4354166666666667 0.011328125 0.017361111111111112
0 0.283984375 0.5152777777777777 0.019140625 0.020833333333333332
0 0.2375 0.5159722222222223 0.02890625 0.025694444444444443
0 0.13359375 0.5166666666666667 0.03359375 0.02361111111111111
0 0.40234375 0.5180555555555556 0.00703125 0.018055555555555554
0 0.414453125 0.5236111111111111 0.008203125 0.02361111111111111
0 0.381640625 0.5201388888888889 0.013671875 0.02847222222222222
0 0.536328125 0.5305555555555556 0.007421875 0.030555555555555555
0 0.6046875 0.5444444444444444 0.04765625 0.06666666666666667
0 0.4734375 0.5479166666666667 0.06171875 0.09930555555555555
0 0.3390625 0.5243055555555556 0.04140625 0.06597222222222222
