0 0.0734375 0.15763888888888888 0.071875 0.12986111111111112
0 0.1734375 0.1284722222222222 0.05 0.0798611111111111
0 0.230078125 0.11180555555555556 0.023828125 0.052083333333333336
0 0.262109375 0.10069444444444445 0.021484375 0.04097222222222222
0 0.287109375 0.09791666666666667 0.012109375 0.03263888888888889
0 0.303515625 0.09236111111111112 0.009765625 0.03125
0 0.317578125 0.08541666666666667 0.010546875 0.02847222222222222
0 0.3296875 0.08263888888888889 0.0078125 0.014583333333333334
0 0.95 0.47291666666666665 0.04765625 0.16875
0 0.825390625 0.2659722222222222 0.169921875 0.18819444444444444
0 0.62890625 0.17083333333333334 0.07578125 0.1
0 0.55 0.13541666666666666 0.046875 0.07569444444444444
0 0.48203125 0.1111111111111111 0.02578125 0.03611111111111111
0 0.464453125 0.09791666666666667 0.021484375 0.03263888888888889
0 0.43828125 0.09722222222222222 0.00703125 0.018055555555555554
0 0.430078125 0.08263888888888889 0.009765625 0.013194444444444444
0 0.3671875 0.08541666666666667 0.0109375 0.017361111111111112
0 0.3984375 0.09930555555555555 0.0234375 0.03958333333333333
4 0.396875 0.05694444444444444 0.0140625 0.011111111111111112
4 0.322265625 0.052083333333333336 0.016015625 0.013194444444444444
