0 0.38203125 0.5055555555555555 0.06796875 0.08055555555555556
0 0.483984375 0.4465277777777778 0.019140625 0.034027777777777775
0 0.09375 0.5041666666666667 0.09375 0.07361111111111111
0 0.2671875 0.4395833333333333 0.0140625 0.01875
0 0.308203125 0.4583333333333333 0.033984375 0.043055555555555555
0 0.462109375 0.4361111111111111 0.008984375 0.019444444444444445
0 0.44140625 0.4465277777777778 0.01875 0.027083333333333334
0 0.51953125 0.42291666666666666 0.00625 0.010416666666666666
0 0.50625 0.4305555555555556 0.00859375 0.015277777777777777
0 0.50546875 0.44305555555555554 0.00625 0.013888888888888888
0 0.541015625 0.4465277777777778 0.014453125 0.03958333333333333
0 0.568359375 0.4638888888888889 0.033984375 0.05555555555555555
2 0.60625 0.48333333333333334 0.01328125 0.08194444444444444
2 0.66796875 0.4840277777777778 0.01484375 0.08263888888888889
2 0.729296875 0.47638888888888886 0.012109375 0.0763888888888889
2 0.76484375 0.46875 0.01328125 0.07430555555555556
2 0.8671875 0.48333333333333334 0.021875 0.10416666666666667
2 0.709375 0.44513888888888886 0.00859375 0.04513888888888889
2 0.251953125 0.4409722222222222 0.004296875 0.011805555555555555
2 0.2453125 0.4423611111111111 0.0046875 0.013194444444444444
2 0.215625 0.44305555555555554 0.00390625 0.016666666666666666
2 0.211328125 0.44305555555555554 0.004296875 0.016666666666666666
2 0.20390625 0.44583333333333336 0.0046875 0.015277777777777777
2 0.196484375 0.4444444444444444 0.005078125 0.015277777777777777
9 0.467578125 0.01597222222222222 0.009765625 0.01597222222222222
9 0.437109375 0.02013888888888889 0.014453125 0.02013888888888889
9 0.707421875 0.33194444444444443 0.016796875 0.020833333333333332
8 0.6734375 0.1111111111111111 0.0078125 0.015277777777777777
8 0.701953125 0.23958333333333334 0.018359375 0.013194444444444444
8 0.677734375 0.26805555555555555 0.012109375 0.013888888888888888
8 0.68359375 0.2972222222222222 0.02109375 0.015277777777777777
8 0.679296875 0.024305555555555556 0.023046875 0.024305555555555556
8 0.578125 0.37916666666666665 0.0046875 0.018055555555555554
8 0.55390625 0.3680555555555556 0.00546875 0.006944444444444444
8 0.371875 0.3138888888888889 0.009375 0.03194444444444444
8 0.2265625 0.20972222222222223 0.0 0.008333333333333333
