8 0.245703125 0.19375 0.033984375 0.029861111111111113
8 0.834375 0.059027777777777776 0.01328125 0.017361111111111112
8 0.338671875 0.18055555555555555 0.005859375 0.009722222222222222
8 0.57578125 0.21666666666666667 0.0078125 0.0125
8 0.594140625 0.1951388888888889 0.005859375 0.007638888888888889
8 0.594140625 0.15416666666666667 0.005859375 0.011111111111111112
9 0.40234375 0.15416666666666667 0.0046875 0.008333333333333333
9 0.497265625 0.15902777777777777 0.003515625 0.00625
9 0.482421875 0.21458333333333332 0.003515625 0.00625
9 0.1375 0.13055555555555556 0.00703125 0.016666666666666666
8 0.5109375 0.22013888888888888 0.01484375 0.009027777777777777
0 0.515625 0.24305555555555555 0.0078125 0.011111111111111112
0 0.50703125 0.24861111111111112 0.00546875 0.008333333333333333
0 0.48984375 0.2625 0.01328125 0.020833333333333332
0 0.478515625 0.25833333333333336 0.008984375 0.015277777777777777
0 0.453125 0.2708333333333333 0.02421875 0.03194444444444444
0 0.535546875 0.3138888888888889 0.048828125 0.07222222222222222
0 0.386328125 0.29097222222222224 0.051953125 0.06875
0 0.287109375 0.25069444444444444 0.012890625 0.01875
0 0.18671875 0.2513888888888889 0.021875 0.019444444444444445
0 0.228125 0.29305555555555557 0.0671875 0.06111111111111111
0 0.101953125 0.2548611111111111 0.051171875 0.03263888888888889
0 0.025 0.51875 0.025 0.12430555555555556
0 0.665625 0.27152777777777776 0.0296875 0.024305555555555556
0 0.744921875 0.26805555555555555 0.027734375 0.030555555555555555
