0 0.278125 0.4027777777777778 0.01171875 0.009722222222222222
0 0.3 0.39791666666666664 0.00859375 0.009027777777777777
0 0.31640625 0.3958333333333333 0.0078125 0.006944444444444444
0 0.338671875 0.3958333333333333 0.006640625 0.006944444444444444
0 0.24921875 0.4048611111111111 0.0171875 0.011805555555555555
0 0.19375 0.40902777777777777 0.025 0.017361111111111112
0 0.145703125 0.41458333333333336 0.015234375 0.011805555555555555
0 0.074609375 0.4201388888888889 0.027734375 0.017361111111111112
0 0.435546875 0.3951388888888889 0.007421875 0.010416666666666666
0 0.422265625 0.39305555555555555 0.007421875 0.013888888888888888
4 0.448046875 0.3972222222222222 0.008203125 0.019444444444444445
4 0.496875 0.3701388888888889 0.025 0.049305555555555554
0 0.578515625 0.3854166666666667 0.012109375 0.013194444444444444
0 0.57109375 0.40625 0.0125 0.017361111111111112
0 0.708203125 0.40625 0.028515625 0.04791666666666667
0 0.75625 0.40208333333333335 0.02109375 0.024305555555555556
0 0.79453125 0.40069444444444446 0.0171875 0.021527777777777778
4 0.05390625 0.39861111111111114 0.04765625 0.0375
0 0.00390625 0.41875 0.00390625 0.025694444444444443
0 0.971484375 0.40069444444444446 0.027734375 0.035416666666666666
0 0.395703125 0.42291666666666666 0.032421875 0.04375
0 0.5328125 0.4097222222222222 0.0296875 0.0375
0 0.463671875 0.40069444444444446 0.018359375 0.025694444444444443
0 0.648828125 0.4486111111111111 0.084765625 0.0875
4 0.891796875 0.41597222222222224 0.086328125 0.06458333333333334
