0 0.023828125 0.56875 0.023828125 0.03125
0 0.09609375 0.5659722222222222 0.02734375 0.017361111111111112
0 0.24609375 0.5291666666666667 0.00546875 0.0125
0 0.2234375 0.5319444444444444 0.0171875 0.013888888888888888
0 0.325 0.5340277777777778 0.01875 0.021527777777777778
0 0.27890625 0.5513888888888889 0.03125 0.04027777777777778
0 0.3671875 0.5527777777777778 0.0265625 0.03611111111111111
0 0.387109375 0.5243055555555556 0.007421875 0.011805555555555555
0 0.3953125 0.5159722222222223 0.00703125 0.007638888888888889
0 0.405859375 0.5048611111111111 0.005078125 0.009027777777777777
0 0.30234375 0.5222222222222223 0.00546875 0.008333333333333333
0 0.358203125 0.5104166666666666 0.008984375 0.009027777777777777
8 0.384765625 0.28402777777777777 0.025390625 0.013194444444444444
8 0.386328125 0.3402777777777778 0.048828125 0.043055555555555555
8 0.4984375 0.4111111111111111 0.00703125 0.022222222222222223
