8 0.360546875 0.3958333333333333 0.005078125 0.009722222222222222
8 0.64140625 0.32916666666666666 0.0078125 0.008333333333333333
8 0.630078125 0.3638888888888889 0.012109375 0.009722222222222222
8 0.572265625 0.3770833333333333 0.008203125 0.007638888888888889
8 0.538671875 0.3923611111111111 0.005859375 0.009027777777777777
8 0.495703125 0.4222222222222222 0.003515625 0.006944444444444444
2 0.80078125 0.45625 0.0078125 0.01875
0 0.415234375 0.4423611111111111 0.006640625 0.011805555555555555
0 0.399609375 0.4409722222222222 0.010546875 0.017361111111111112
0 0.3828125 0.4444444444444444 0.0109375 0.020833333333333332
0 0.4546875 0.4444444444444444 0.00859375 0.011111111111111112
0 0.494140625 0.45208333333333334 0.006640625 0.011805555555555555
0 0.488671875 0.4479166666666667 0.007421875 0.010416666666666666
0 0.503515625 0.44930555555555557 0.008203125 0.014583333333333334
0 0.51484375 0.45555555555555555 0.009375 0.018055555555555554
0 0.6078125 0.48125 0.0359375 0.050694444444444445
0 0.63671875 0.5 0.04140625 0.05555555555555555
0 0.707421875 0.5243055555555556 0.066015625 0.07708333333333334
0 0.2109375 0.4618055555555556 0.0484375 0.05625
0 0.126171875 0.46597222222222223 0.067578125 0.07569444444444444
0 0.03671875 0.47291666666666665 0.03671875 0.11041666666666666
0 0.865625 0.575 0.1328125 0.12222222222222222
0 0.362890625 0.4465277777777778 0.020703125 0.025694444444444443
0 0.533203125 0.46458333333333335 0.016796875 0.022916666666666665
0 0.437890625 0.44166666666666665 0.008984375 0.015277777777777777
9 0.358203125 0.29305555555555557 0.008203125 0.018055555555555554
9 0.513671875 0.3277777777777778 0.007421875 0.015277777777777777
