3 0.015625 0.4027777777777778 0.015625 0.05694444444444444
7 0.009765625 0.2798611111111111 0.009765625 0.07569444444444444
0 0.1078125 0.26944444444444443 0.02421875 0.0125
4 0.209375 0.27291666666666664 0.03515625 0.04652777777777778
0 0.256640625 0.2881944444444444 0.010546875 0.025694444444444443
2 0.295703125 0.2847222222222222 0.008984375 0.0375
2 0.3421875 0.2902777777777778 0.00546875 0.03194444444444444
0 0.437890625 0.27847222222222223 0.011328125 0.01875
0 0.502734375 0.3375 0.068359375 0.11527777777777778
9 0.518359375 0.21944444444444444 0.004296875 0.011111111111111112
9 0.46640625 0.21666666666666667 0.00390625 0.011111111111111112
4 0.091015625 0.23194444444444445 0.079296875 0.06111111111111111
0 0.065625 0.2743055555555556 0.025 0.022916666666666665
0 0.591796875 0.29930555555555555 0.028515625 0.03958333333333333
4 0.837890625 0.2965277777777778 0.159765625 0.2965277777777778
