8 0.528125 0.35208333333333336 0.0078125 0.007638888888888889
8 0.528125 0.3840277777777778 0.00546875 0.017361111111111112
8 0.222265625 0.3680555555555556 0.004296875 0.008333333333333333
8 0.273046875 0.3701388888888889 0.005078125 0.010416666666666666
0 0.493359375 0.40625 0.007421875 0.009027777777777777
0 0.415234375 0.4 0.008984375 0.011111111111111112
0 0.390234375 0.39861111111111114 0.008984375 0.009722222222222222
0 0.34453125 0.4041666666666667 0.00859375 0.011111111111111112
0 0.58671875 0.43472222222222223 0.0734375 0.09027777777777778
4 0.162890625 0.37569444444444444 0.023046875 0.017361111111111112
