8 0.25078125 0.20833333333333334 0.0125 0.013888888888888888
8 0.250390625 0.23055555555555557 0.013671875 0.0125
1 0.384765625 0.3729166666666667 0.003515625 0.011805555555555555
4 0.462109375 0.34097222222222223 0.051953125 0.09513888888888888
1 0.406640625 0.3715277777777778 0.014453125 0.034027777777777775
0 0.3484375 0.37777777777777777 0.00625 0.015277777777777777
1 0.331640625 0.3701388888888889 0.019140625 0.03263888888888889
0 0.539453125 0.4076388888888889 0.051171875 0.06875
8 0.74453125 0.33819444444444446 0.01015625 0.04791666666666667
0 0.643359375 0.4236111111111111 0.086328125 0.10694444444444444
1 0.394140625 0.36527777777777776 0.008203125 0.02638888888888889
1 0.3796875 0.37430555555555556 0.0078125 0.014583333333333334
1 0.369921875 0.37569444444444444 0.005859375 0.01597222222222222
