8 0.337890625 0.1763888888888889 0.027734375 0.05555555555555555
8 0.3953125 0.20555555555555555 0.02265625 0.05277777777777778
8 0.397265625 0.33541666666666664 0.041015625 0.06180555555555556
8 0.483984375 0.3472222222222222 0.044140625 0.05
8 0.928515625 0.4354166666666667 0.007421875 0.00625
8 0.426171875 0.49027777777777776 0.006640625 0.0125
0 0.4390625 0.5263888888888889 0.0171875 0.025
0 0.673046875 0.49444444444444446 0.010546875 0.015277777777777777
0 0.734375 0.4777777777777778 0.0078125 0.011111111111111112
0 0.761328125 0.4979166666666667 0.012890625 0.02013888888888889
0 0.730859375 0.5333333333333333 0.022265625 0.027777777777777776
8 0.54609375 0.4708333333333333 0.00703125 0.018055555555555554
0 0.891796875 0.46875 0.006640625 0.00625
0 0.8734375 0.4777777777777778 0.00859375 0.008333333333333333
0 0.928125 0.5076388888888889 0.0078125 0.022916666666666665
0 0.859765625 0.47847222222222224 0.007421875 0.007638888888888889
0 0.84375 0.48055555555555557 0.00859375 0.005555555555555556
0 0.827734375 0.48055555555555557 0.008984375 0.005555555555555556
0 0.9078125 0.4701388888888889 0.0078125 0.004861111111111111
0 0.31796875 0.5868055555555556 0.11796875 0.17708333333333334
0 0.091796875 0.3993055555555556 0.091796875 0.1909722222222222
0 0.666796875 0.5458333333333333 0.016796875 0.027777777777777776
0 0.597265625 0.5368055555555555 0.016796875 0.01875
