2 0.0234375 0.45555555555555555 0.0140625 0.03333333333333333
2 0.084765625 0.4638888888888889 0.009765625 0.03611111111111111
2 0.065234375 0.4638888888888889 0.009765625 0.03611111111111111
2 0.0046875 0.45416666666666666 0.0046875 0.025
2 0.792578125 0.4152777777777778 0.007421875 0.034722222222222224
2 0.77109375 0.4125 0.01015625 0.03611111111111111
2 0.72265625 0.41597222222222224 0.0078125 0.035416666666666666
2 0.7125 0.4173611111111111 0.0078125 0.03680555555555556
2 0.63828125 0.42430555555555555 0.00625 0.027083333333333334
2 0.669140625 0.42986111111111114 0.006640625 0.035416666666666666
2 0.799609375 0.4097222222222222 0.008984375 0.04027777777777778
2 0.76484375 0.4097222222222222 0.00703125 0.03333333333333333
2 0.70859375 0.4173611111111111 0.00546875 0.03680555555555556
2 0.700390625 0.41875 0.007421875 0.03680555555555556
2 0.676953125 0.4270833333333333 0.006640625 0.03263888888888889
2 0.646875 0.42083333333333334 0.00703125 0.030555555555555555
2 0.625390625 0.41388888888888886 0.004296875 0.016666666666666666
9 0.162109375 0.24791666666666667 0.006640625 0.02013888888888889
9 0.516015625 0.27291666666666664 0.003515625 0.01597222222222222
9 0.17421875 0.25 0.00546875 0.020833333333333332
9 0.153125 0.25069444444444444 0.00546875 0.02013888888888889
8 0.14375 0.25555555555555554 0.00703125 0.0125
8 0.152734375 0.29930555555555555 0.014453125 0.021527777777777778
8 0.12890625 0.3423611111111111 0.00859375 0.00625
8 0.67265625 0.2638888888888889 0.009375 0.020833333333333332
8 0.68359375 0.3055555555555556 0.0046875 0.005555555555555556
8 0.564453125 0.3715277777777778 0.006640625 0.013194444444444444
8 0.395703125 0.36527777777777776 0.006640625 0.013888888888888888
8 0.39609375 0.39652777777777776 0.0046875 0.004861111111111111
8 0.379296875 0.3972222222222222 0.003515625 0.008333333333333333
9 0.159375 0.39861111111111114 0.00625 0.0125
9 0.5421875 0.3611111111111111 0.00234375 0.008333333333333333
0 0.480078125 0.4173611111111111 0.005859375 0.010416666666666666
0 0.494140625 0.4152777777777778 0.005859375 0.008333333333333333
0 0.46953125 0.42777777777777776 0.01171875 0.020833333333333332
0 0.509375 0.4152777777777778 0.00546875 0.008333333333333333
0 0.51640625 0.41458333333333336 0.0046875 0.007638888888888889
0 0.521484375 0.4152777777777778 0.005859375 0.008333333333333333
0 0.53125 0.41944444444444445 0.00625 0.013888888888888888
0 0.538671875 0.4215277777777778 0.007421875 0.013194444444444444
0 0.54609375 0.4236111111111111 0.00546875 0.015277777777777777
0 0.43359375 0.4305555555555556 0.00703125 0.013888888888888888
0 0.415625 0.4340277777777778 0.01484375 0.02013888888888889
0 0.4 0.4395833333333333 0.00625 0.01597222222222222
0 0.39375 0.4409722222222222 0.00859375 0.01597222222222222
0 0.38125 0.44027777777777777 0.0109375 0.022222222222222223
0 0.369921875 0.4423611111111111 0.014453125 0.02013888888888889
0 0.3546875 0.44583333333333336 0.01015625 0.02638888888888889
0 0.55234375 0.4236111111111111 0.00859375 0.016666666666666666
9 0.68046875 0.35833333333333334 0.003125 0.006944444444444444
0 0.180859375 0.46458333333333335 0.035546875 0.06736111111111111
0 0.26875 0.4548611111111111 0.05859375 0.08680555555555555
0 0.45390625 0.4388888888888889 0.01875 0.02638888888888889
0 0.5890625 0.4326388888888889 0.0390625 0.049305555555555554
0 0.02734375 0.5631944444444444 0.02734375 0.08958333333333333
0 0.916015625 0.4826388888888889 0.083203125 0.1076388888888889
2 0.98984375 0.3590277777777778 0.00859375 0.01597222222222222
2 0.97265625 0.35833333333333334 0.01171875 0.020833333333333332
9 0.735546875 0.14375 0.009765625 0.027083333333333334
9 0.7140625 0.14375 0.01015625 0.02847222222222222
8 0.905859375 0.09652777777777778 0.020703125 0.029861111111111113
8 0.86484375 0.07916666666666666 0.025 0.030555555555555555
2 0.94765625 0.3576388888888889 0.0140625 0.02013888888888889
0 0.335546875 0.45208333333333334 0.015234375 0.022916666666666665
