4 0.44140625 0.4173611111111111 0.01875 0.03958333333333333
4 0.394921875 0.425 0.031640625 0.059722222222222225
0 0.36015625 0.4756944444444444 0.04453125 0.05486111111111111
0 0.180859375 0.5222222222222223 0.116796875 0.10416666666666667
0 0.516796875 0.46111111111111114 0.035546875 0.05138888888888889
9 0.519140625 0.38055555555555554 0.004296875 0.008333333333333333
4 0.5625 0.4173611111111111 0.0078125 0.03263888888888889
4 0.573046875 0.4152777777777778 0.008984375 0.034722222222222224
4 0.6015625 0.41805555555555557 0.0234375 0.04583333333333333
0 0.61015625 0.4388888888888889 0.02421875 0.03333333333333333
7 0.65546875 0.44375 0.01875 0.06180555555555556
3 0.6546875 0.4791666666666667 0.0203125 0.05416666666666667
4 0.685546875 0.40069444444444446 0.037890625 0.09930555555555555
4 0.803515625 0.39166666666666666 0.098828125 0.15833333333333333
4 0.925390625 0.3715277777777778 0.071484375 0.2465277777777778
