8 0.740234375 0.22152777777777777 0.030078125 0.052083333333333336
8 0.68984375 0.17291666666666666 0.01171875 0.010416666666666666
8 0.125390625 0.31527777777777777 0.009765625 0.006944444444444444
0 0.330078125 0.46319444444444446 0.026171875 0.03125
0 0.495703125 0.44722222222222224 0.018359375 0.02361111111111111
0 0.372265625 0.45555555555555555 0.017578125 0.020833333333333332
0 0.3984375 0.4486111111111111 0.0078125 0.016666666666666666
0 0.415234375 0.44166666666666665 0.005859375 0.011111111111111112
0 0.424609375 0.44027777777777777 0.005859375 0.0125
0 0.473828125 0.44166666666666665 0.012109375 0.016666666666666666
0 0.4625 0.44375 0.00859375 0.011805555555555555
