9 0.34609375 0.42777777777777776 0.00234375 0.008333333333333333
9 0.369921875 0.4236111111111111 0.001953125 0.008333333333333333
9 0.396484375 0.4305555555555556 0.001953125 0.006944444444444444
8 0.921484375 0.27847222222222223 0.010546875 0.03819444444444445
8 0.92578125 0.3625 0.0140625 0.03888888888888889
0 0.96640625 0.4166666666666667 0.009375 0.009722222222222222
0 0.77578125 0.44166666666666665 0.0390625 0.03333333333333333
0 0.71953125 0.45 0.03203125 0.022222222222222223
0 0.67890625 0.4513888888888889 0.03203125 0.020833333333333332
0 0.402734375 0.46458333333333335 0.005078125 0.007638888888888889
0 0.369140625 0.46597222222222223 0.013671875 0.021527777777777778
8 0.844140625 0.44375 0.020703125 0.02847222222222222
0 0.352734375 0.46805555555555556 0.004296875 0.008333333333333333
