0 0.2984375 0.42569444444444443 0.0546875 0.04236111111111111
0 0.428125 0.4125 0.03359375 0.03888888888888889
0 0.462109375 0.4013888888888889 0.008203125 0.022222222222222223
0 0.392578125 0.38263888888888886 0.005859375 0.00625
0 0.408984375 0.37916666666666665 0.008203125 0.011111111111111112
0 0.447265625 0.35833333333333334 0.005078125 0.006944444444444444
0 0.387890625 0.3625 0.004296875 0.005555555555555556
0 0.378515625 0.38680555555555557 0.005859375 0.004861111111111111
0 0.459765625 0.3548611111111111 0.003515625 0.004861111111111111
0 0.39453125 0.4013888888888889 0.0078125 0.009722222222222222
0 0.378125 0.3701388888888889 0.00390625 0.00625
