9 0.47265625 0.4111111111111111 0.00234375 0.009722222222222222
9 0.31796875 0.3770833333333333 0.003125 0.014583333333333334
9 0.3109375 0.375 0.00390625 0.011111111111111112
0 0.333984375 0.48333333333333334 0.014453125 0.019444444444444445
4 0.478125 0.4965277777777778 0.01796875 0.03263888888888889
0 0.30703125 0.4979166666666667 0.0171875 0.034027777777777775
0 0.18515625 0.50625 0.0390625 0.049305555555555554
0 0.261328125 0.5194444444444445 0.032421875 0.04861111111111111
0 0.4015625 0.5854166666666667 0.08359375 0.14097222222222222
4 0.631640625 0.54375 0.116796875 0.18125
1 0.06171875 0.41875 0.06171875 0.2465277777777778
