9 0.70078125 0.09444444444444444 0.01171875 0.05
8 0.862109375 0.3055555555555556 0.011328125 0.015277777777777777
8 0.896484375 0.32083333333333336 0.016015625 0.009722222222222222
8 0.889453125 0.34375 0.007421875 0.01597222222222222
8 0.883203125 0.375 0.022265625 0.013888888888888888
8 0.8875 0.4409722222222222 0.0140625 0.049305555555555554
9 0.9125 0.46111111111111114 0.015625 0.025
2 0.4890625 0.6104166666666667 0.00625 0.01597222222222222
2 0.54921875 0.6125 0.00625 0.025
2 0.563671875 0.6104166666666667 0.005078125 0.027083333333333334
8 0.4125 0.55 0.01328125 0.015277777777777777
9 0.265625 0.5583333333333333 0.00546875 0.0125
8 0.03828125 0.5444444444444444 0.0046875 0.020833333333333332
0 0.2875 0.61875 0.01015625 0.01875
1 0.25390625 0.5895833333333333 0.0171875 0.02013888888888889
0 0.26796875 0.6298611111111111 0.01328125 0.024305555555555556
0 0.2484375 0.6340277777777777 0.01171875 0.021527777777777778
0 0.1125 0.6451388888888889 0.02734375 0.04513888888888889
0 0.425 0.6215277777777778 0.02578125 0.050694444444444445
0 0.351171875 0.6354166666666666 0.057421875 0.09236111111111112
0 0.183203125 0.6423611111111112 0.060546875 0.0798611111111111
0 0.687109375 0.5972222222222222 0.087890625 0.12083333333333333
0 0.04453125 0.71875 0.04453125 0.17291666666666666
