0 0.46640625 0.5694444444444444 0.00546875 0.015277777777777777
0 0.478515625 0.5708333333333333 0.008984375 0.016666666666666666
0 0.492578125 0.5694444444444444 0.015234375 0.02361111111111111
0 0.5875 0.5763888888888888 0.015625 0.030555555555555555
0 0.62578125 0.5743055555555555 0.03359375 0.049305555555555554
0 0.68984375 0.5909722222222222 0.0484375 0.06180555555555556
0 0.3296875 0.56875 0.0046875 0.010416666666666666
0 0.325390625 0.5736111111111111 0.005859375 0.011111111111111112
0 0.319921875 0.5756944444444444 0.007421875 0.01597222222222222
0 0.31640625 0.5784722222222223 0.009375 0.013194444444444444
0 0.296484375 0.58125 0.019921875 0.025694444444444443
0 0.287109375 0.5902777777777778 0.010546875 0.027777777777777776
0 0.23359375 0.5736111111111111 0.04609375 0.05416666666666667
0 0.176953125 0.6027777777777777 0.033984375 0.04722222222222222
0 0.371875 0.5645833333333333 0.01015625 0.01597222222222222
0 0.3546875 0.5625 0.00703125 0.008333333333333333
4 0.4453125 0.5631944444444444 0.02265625 0.03680555555555556
0 0.417578125 0.5861111111111111 0.041015625 0.05416666666666667
0 0.078515625 0.6111111111111112 0.078515625 0.06944444444444445
0 0.80390625 0.6069444444444444 0.09765625 0.09444444444444444
0 0.538671875 0.5756944444444444 0.034765625 0.05347222222222222
8 0.57109375 0.5104166666666666 0.00625 0.00625
8 0.693359375 0.4534722222222222 0.009765625 0.011805555555555555
9 0.332421875 0.5277777777777778 0.003515625 0.011111111111111112
