2 0.04375 0.49166666666666664 0.01015625 0.027777777777777776
2 0.007421875 0.5041666666666667 0.006640625 0.043055555555555555
2 0.015625 0.5006944444444444 0.009375 0.03680555555555556
2 0.051953125 0.4527777777777778 0.007421875 0.011111111111111112
2 0.0640625 0.47708333333333336 0.0046875 0.013194444444444444
2 0.091015625 0.4722222222222222 0.012890625 0.018055555555555554
2 0.119921875 0.4791666666666667 0.005859375 0.009722222222222222
2 0.3171875 0.5527777777777778 0.01640625 0.0625
0 0.93671875 0.7895833333333333 0.0625 0.16041666666666668
0 0.096484375 0.5659722222222222 0.096484375 0.08263888888888889
0 0.869140625 0.6256944444444444 0.114453125 0.10069444444444445
0 0.985546875 0.6493055555555556 0.013671875 0.014583333333333334
0 0.217578125 0.5236111111111111 0.065234375 0.09305555555555556
0 0.3 0.5222222222222223 0.02265625 0.06805555555555555
0 0.337109375 0.5402777777777777 0.014453125 0.04027777777777778
0 0.35546875 0.5493055555555556 0.009375 0.03125
0 0.3703125 0.5534722222222223 0.0109375 0.024305555555555556
4 0.3921875 0.5222222222222223 0.01640625 0.022222222222222223
4 0.41484375 0.51875 0.0046875 0.010416666666666666
4 0.462109375 0.5368055555555555 0.008203125 0.011805555555555555
4 0.441015625 0.5277777777777778 0.007421875 0.009722222222222222
0 0.407421875 0.5583333333333333 0.023046875 0.029166666666666667
0 0.5953125 0.6020833333333333 0.0828125 0.14097222222222222
0 0.43125 0.5493055555555556 0.01015625 0.024305555555555556
4 0.51796875 0.5423611111111111 0.01796875 0.06319444444444444
0 0.4921875 0.5659722222222222 0.009375 0.024305555555555556
0 0.7296875 0.5965277777777778 0.05625 0.06458333333333334
0 0.473046875 0.55625 0.008203125 0.014583333333333334
9 0.443359375 0.4909722222222222 0.002734375 0.011805555555555555
8 0.221875 0.37777777777777777 0.01328125 0.030555555555555555
