0 0.346484375 0.33819444444444446 0.008984375 0.010416666666666666
0 0.326171875 0.3333333333333333 0.009765625 0.009722222222222222
0 0.3046875 0.33125 0.0109375 0.011805555555555555
0 0.2828125 0.3347222222222222 0.0109375 0.011111111111111112
0 0.420703125 0.3597222222222222 0.011328125 0.020833333333333332
0 0.35234375 0.34930555555555554 0.01015625 0.017361111111111112
0 0.35859375 0.35208333333333336 0.00859375 0.011805555555555555
0 0.391796875 0.34930555555555554 0.029296875 0.017361111111111112
0 0.403125 0.4048611111111111 0.01953125 0.04236111111111111
0 0.370703125 0.42083333333333334 0.030078125 0.06111111111111111
0 0.255078125 0.46319444444444446 0.105859375 0.11875
0 0.063671875 0.5680555555555555 0.063671875 0.17083333333333334
8 0.3734375 0.31180555555555556 0.00546875 0.007638888888888889
