0 0.05390625 0.42430555555555555 0.028125 0.04236111111111111
0 0.125 0.4131944444444444 0.015625 0.01597222222222222
0 0.1578125 0.4041666666666667 0.01015625 0.013888888888888888
0 0.180859375 0.40555555555555556 0.006640625 0.008333333333333333
0 0.223828125 0.41597222222222224 0.005078125 0.010416666666666666
9 0.23046875 0.39305555555555555 0.00625 0.008333333333333333
9 0.04140625 0.3298611111111111 0.00625 0.013194444444444444
9 0.15859375 0.3597222222222222 0.00625 0.009722222222222222
9 0.203125 0.36944444444444446 0.0046875 0.008333333333333333
9 0.16640625 0.3819444444444444 0.00390625 0.008333333333333333
8 0.265234375 0.30833333333333335 0.008203125 0.030555555555555555
8 0.506640625 0.27708333333333335 0.012109375 0.024305555555555556
8 0.547265625 0.2708333333333333 0.009765625 0.018055555555555554
0 0.01640625 0.4340277777777778 0.01640625 0.03958333333333333
