9 0.522265625 0.5395833333333333 0.003515625 0.014583333333333334
9 0.564453125 0.5576388888888889 0.003515625 0.011805555555555555
8 0.91875 0.5458333333333333 0.0078125 0.020833333333333332
8 0.948046875 0.5527777777777778 0.010546875 0.03194444444444444
0 0.537890625 0.6395833333333333 0.005859375 0.021527777777777778
0 0.5640625 0.6354166666666666 0.0203125 0.04236111111111111
0 0.622265625 0.6270833333333333 0.013671875 0.013194444444444444
0 0.62421875 0.6534722222222222 0.01328125 0.024305555555555556
0 0.583203125 0.6652777777777777 0.037109375 0.05138888888888889
0 0.5125 0.6645833333333333 0.03359375 0.06736111111111111
0 0.40234375 0.6888888888888889 0.10078125 0.17222222222222222
0 0.646484375 0.6222222222222222 0.021484375 0.013888888888888888
0 0.794140625 0.6145833333333334 0.037890625 0.01875
0 0.840234375 0.6125 0.041796875 0.009722222222222222
1 0.79453125 0.5881944444444445 0.06328125 0.021527777777777778
