9 0.3359375 0.3145833333333333 0.009375 0.01597222222222222
9 0.433203125 0.36041666666666666 0.008203125 0.01597222222222222
9 0.205859375 0.42569444444444443 0.005078125 0.010416666666666666
9 0.13671875 0.425 0.00546875 0.006944444444444444
9 0.129296875 0.4375 0.005859375 0.006944444444444444
9 0.165625 0.43819444444444444 0.0046875 0.00625
8 0.074609375 0.39375 0.006640625 0.01597222222222222
8 0.103515625 0.45902777777777776 0.005859375 0.00625
8 0.608203125 0.4076388888888889 0.021484375 0.03958333333333333
0 0.676171875 0.5236111111111111 0.006640625 0.020833333333333332
8 0.429296875 0.45069444444444445 0.008984375 0.010416666666666666
8 0.428515625 0.4826388888888889 0.012890625 0.011805555555555555
9 0.43203125 0.4215277777777778 0.0046875 0.010416666666666666
9 0.012109375 0.4479166666666667 0.003515625 0.009027777777777777
8 0.23828125 0.4361111111111111 0.0046875 0.008333333333333333
0 0.184375 0.45069444444444445 0.009375 0.00625
0 0.178515625 0.46319444444444446 0.008203125 0.00625
0 0.19375 0.4652777777777778 0.00703125 0.008333333333333333
0 0.2046875 0.4618055555555556 0.0078125 0.009027777777777777
0 0.218359375 0.46597222222222223 0.005859375 0.011805555555555555
0 0.164453125 0.45416666666666666 0.008203125 0.006944444444444444
0 0.152734375 0.4638888888888889 0.012890625 0.011111111111111112
0 0.128515625 0.45208333333333334 0.014453125 0.009027777777777777
0 0.126171875 0.47152777777777777 0.016015625 0.010416666666666666
0 0.18203125 0.4777777777777778 0.01640625 0.0125
0 0.231640625 0.47847222222222224 0.013671875 0.02013888888888889
