0 0.29609375 0.34444444444444444 0.009375 0.0125
0 0.31953125 0.34791666666666665 0.0078125 0.011805555555555555
0 0.336328125 0.36180555555555555 0.018359375 0.022916666666666665
4 0.3734375 0.3277777777777778 0.0078125 0.029166666666666667
4 0.40234375 0.32569444444444445 0.02109375 0.04375
8 0.121484375 0.06805555555555555 0.016015625 0.016666666666666666
8 0.12421875 0.11736111111111111 0.0171875 0.025694444444444443
8 0.1421875 0.18819444444444444 0.0125 0.034027777777777775
8 0.126953125 0.24861111111111112 0.012890625 0.022222222222222223
8 0.54375 0.22083333333333333 0.01328125 0.008333333333333333
8 0.527734375 0.2465277777777778 0.009765625 0.007638888888888889
9 0.23671875 0.05625 0.0078125 0.02847222222222222
9 0.4296875 0.1284722222222222 0.0078125 0.022916666666666665
8 0.890234375 0.12291666666666666 0.013671875 0.024305555555555556
9 0.550390625 0.26944444444444443 0.005078125 0.015277777777777777
9 0.5328125 0.2701388888888889 0.0046875 0.010416666666666666
2 0.959375 0.3458333333333333 0.0046875 0.020833333333333332
2 0.945703125 0.34444444444444444 0.005078125 0.022222222222222223
4 0.199609375 0.33055555555555555 0.019140625 0.027777777777777776
4 0.15703125 0.32708333333333334 0.02109375 0.034027777777777775
