8 0.4671875 0.3638888888888889 0.0421875 0.02638888888888889
8 0.496875 0.4638888888888889 0.0046875 0.008333333333333333
8 0.12109375 0.4986111111111111 0.0078125 0.009722222222222222
0 0.480078125 0.4895833333333333 0.005078125 0.009027777777777777
0 0.473046875 0.48125 0.004296875 0.010416666666666666
0 0.464453125 0.49444444444444446 0.008984375 0.013888888888888888
0 0.438671875 0.4756944444444444 0.021484375 0.03958333333333333
0 0.425390625 0.5097222222222222 0.016796875 0.02638888888888889
0 0.425390625 0.4777777777777778 0.015234375 0.019444444444444445
0 0.493359375 0.5006944444444444 0.019140625 0.024305555555555556
4 0.258984375 0.45902777777777776 0.157421875 0.21597222222222223
0 0.165234375 0.4965277777777778 0.025390625 0.011805555555555555
0 0.1 0.5243055555555556 0.0171875 0.01875
0 0.062109375 0.5861111111111111 0.062109375 0.07777777777777778
