2 0.398828125 0.5236111111111111 0.016015625 0.06388888888888888
2 0.3546875 0.51875 0.01796875 0.05625
2 0.3265625 0.5138888888888888 0.0171875 0.06388888888888888
2 0.45 0.5243055555555556 0.00546875 0.035416666666666666
2 0.459375 0.5215277777777778 0.009375 0.03819444444444445
2 0.49453125 0.5173611111111112 0.00859375 0.04236111111111111
2 0.513671875 0.5215277777777778 0.005078125 0.025694444444444443
2 0.521875 0.5277777777777778 0.00703125 0.02361111111111111
2 0.911328125 0.5951388888888889 0.012890625 0.05625
2 0.889453125 0.58125 0.016796875 0.07013888888888889
2 0.869140625 0.5743055555555555 0.013671875 0.06597222222222222
2 0.832421875 0.5395833333333333 0.013671875 0.03819444444444445
2 0.98125 0.6375 0.01640625 0.10555555555555556
7 0.623828125 0.5375 0.023046875 0.059722222222222225
2 0.521484375 0.53125 0.008203125 0.05347222222222222
2 0.424609375 0.5118055555555555 0.016015625 0.03958333333333333
2 0.476953125 0.5236111111111111 0.015234375 0.04861111111111111
3 0.426171875 0.5416666666666666 0.014453125 0.030555555555555555
3 0.533984375 0.56875 0.020703125 0.035416666666666666
3 0.626953125 0.5666666666666667 0.022265625 0.04861111111111111
0 0.612890625 0.5340277777777778 0.029296875 0.03819444444444445
0 0.5796875 0.5305555555555556 0.0078125 0.029166666666666667
0 0.56640625 0.5340277777777778 0.00859375 0.03263888888888889
0 0.553515625 0.53125 0.012890625 0.035416666666666666
0 0.35703125 0.5291666666666667 0.0328125 0.030555555555555555
0 0.97421875 0.5673611111111111 0.025 0.05347222222222222
0 0.751953125 0.6451388888888889 0.122265625 0.15902777777777777
4 0.193359375 0.5076388888888889 0.192578125 0.43680555555555556
8 0.423828125 0.38263888888888886 0.012109375 0.011805555555555555
8 0.883203125 0.4166666666666667 0.014453125 0.011111111111111112
8 0.41328125 0.3993055555555556 0.01015625 0.009027777777777777
8 0.0734375 0.10486111111111111 0.02265625 0.022916666666666665
9 0.734375 0.3416666666666667 0.0046875 0.018055555555555554
9 0.5671875 0.3590277777777778 0.00625 0.022916666666666665
8 0.198046875 0.12916666666666668 0.023828125 0.05555555555555555
9 0.875 0.4513888888888889 0.0078125 0.022222222222222223
9 0.891796875 0.4895833333333333 0.012109375 0.014583333333333334
9 0.411328125 0.4465277777777778 0.012109375 0.010416666666666666
8 0.197265625 0.20277777777777778 0.023828125 0.03194444444444444
9 0.724609375 0.3423611111111111 0.005078125 0.01875
2 0.66953125 0.5173611111111112 0.00546875 0.024305555555555556
2 0.65546875 0.5319444444444444 0.0078125 0.03888888888888889
