8 0.82890625 0.3263888888888889 0.01171875 0.016666666666666666
8 0.724609375 0.4326388888888889 0.007421875 0.010416666666666666
8 0.6859375 0.4777777777777778 0.0078125 0.0125
8 0.65 0.47152777777777777 0.00390625 0.009027777777777777
0 0.450390625 0.5270833333333333 0.005078125 0.00625
0 0.438671875 0.5395833333333333 0.011328125 0.01875
0 0.415625 0.5416666666666666 0.015625 0.02361111111111111
0 0.3921875 0.5451388888888888 0.0125 0.027083333333333334
0 0.375 0.5493055555555556 0.015625 0.03263888888888889
0 0.333984375 0.5486111111111112 0.032421875 0.05
0 0.283203125 0.5673611111111111 0.037890625 0.050694444444444445
4 0.15625 0.5673611111111111 0.0984375 0.10625
0 0.040234375 0.5916666666666667 0.040234375 0.12083333333333333
0 0.582421875 0.5472222222222223 0.008203125 0.025
0 0.60859375 0.5479166666666667 0.025 0.04097222222222222
0 0.646875 0.5652777777777778 0.03046875 0.06388888888888888
0 0.709375 0.5833333333333334 0.0578125 0.09305555555555556
0 0.83828125 0.6159722222222223 0.1328125 0.14097222222222222
0 0.510546875 0.5604166666666667 0.068359375 0.13958333333333334
