0 0.069140625 0.6576388888888889 0.069140625 0.10486111111111111
9 0.641796875 0.5388888888888889 0.005078125 0.008333333333333333
9 0.677734375 0.49930555555555556 0.003515625 0.013194444444444444
0 0.766015625 0.5527777777777778 0.008203125 0.018055555555555554
0 0.75390625 0.5604166666666667 0.00625 0.010416666666666666
0 0.734765625 0.5604166666666667 0.005859375 0.009027777777777777
0 0.709375 0.5576388888888889 0.00546875 0.007638888888888889
0 0.694921875 0.5597222222222222 0.008203125 0.009722222222222222
0 0.70546875 0.5680555555555555 0.00859375 0.011111111111111112
0 0.6234375 0.5798611111111112 0.01328125 0.022916666666666665
0 0.52109375 0.5729166666666666 0.0109375 0.013194444444444444
0 0.490625 0.5875 0.025 0.029166666666666667
0 0.575 0.5854166666666667 0.03515625 0.049305555555555554
0 0.660546875 0.5951388888888889 0.036328125 0.049305555555555554
0 0.7203125 0.5715277777777777 0.01171875 0.01597222222222222
0 0.373046875 0.6416666666666667 0.107421875 0.12361111111111112
2 0.11953125 0.58125 0.0125 0.01875
2 0.183984375 0.6138888888888889 0.018359375 0.02638888888888889
2 0.185546875 0.6173611111111111 0.010546875 0.02847222222222222
1 0.886328125 0.46875 0.112890625 0.3854166666666667
