8 0.659375 0.2791666666666667 0.009375 0.013888888888888888
8 0.533203125 0.2513888888888889 0.007421875 0.016666666666666666
8 0.5328125 0.2798611111111111 0.00703125 0.011805555555555555
8 0.5328125 0.3104166666666667 0.0078125 0.01597222222222222
8 0.500390625 0.35 0.004296875 0.008333333333333333
8 0.35625 0.375 0.00234375 0.008333333333333333
9 0.473046875 0.3736111111111111 0.001171875 0.008333333333333333
9 0.46953125 0.37222222222222223 0.0015625 0.008333333333333333
9 0.458984375 0.33819444444444446 0.001953125 0.007638888888888889
9 0.4546875 0.3375 0.00234375 0.006944444444444444
9 0.405859375 0.35694444444444445 0.001953125 0.008333333333333333
2 0.6421875 0.39791666666666664 0.00703125 0.029861111111111113
3 0.552734375 0.4305555555555556 0.011328125 0.018055555555555554
3 0.555859375 0.43125 0.012109375 0.017361111111111112
3 0.556640625 0.4326388888888889 0.008984375 0.01597222222222222
3 0.565625 0.4263888888888889 0.0140625 0.02361111111111111
3 0.573046875 0.42916666666666664 0.016015625 0.025
3 0.583203125 0.4305555555555556 0.020703125 0.030555555555555555
3 0.592578125 0.4326388888888889 0.013671875 0.027083333333333334
3 0.600390625 0.4305555555555556 0.008984375 0.027777777777777776
2 0.578125 0.4201388888888889 0.0109375 0.03958333333333333
0 0.376171875 0.4222222222222222 0.008984375 0.019444444444444445
0 0.35546875 0.42291666666666666 0.01171875 0.024305555555555556
0 0.393359375 0.42777777777777776 0.015234375 0.02361111111111111
0 0.475390625 0.41805555555555557 0.005078125 0.009722222222222222
0 0.30390625 0.4340277777777778 0.0453125 0.06458333333333334
0 0.4390625 0.44513888888888886 0.03984375 0.06319444444444444
3 0.63828125 0.4548611111111111 0.01328125 0.03125
