0 0.113671875 0.4534722222222222 0.113671875 0.16458333333333333
0 0.562109375 0.39444444444444443 0.056640625 0.07777777777777778
0 0.341015625 0.38680555555555557 0.036328125 0.04236111111111111
0 0.381640625 0.3548611111111111 0.008984375 0.011805555555555555
0 0.50390625 0.37777777777777777 0.015625 0.03888888888888889
0 0.503125 0.3625 0.0234375 0.043055555555555555
0 0.478515625 0.35694444444444445 0.008203125 0.02638888888888889
0 0.394140625 0.3527777777777778 0.004296875 0.0125
0 0.40546875 0.35 0.00546875 0.011111111111111112
0 0.417578125 0.34652777777777777 0.005859375 0.010416666666666666
0 0.428125 0.3486111111111111 0.003125 0.008333333333333333
0 0.437109375 0.34791666666666665 0.005078125 0.011805555555555555
0 0.453515625 0.3388888888888889 0.007421875 0.013888888888888888
8 0.28828125 0.2881944444444444 0.01328125 0.022916666666666665
8 0.348828125 0.2881944444444444 0.005078125 0.00625
9 0.412109375 0.26875 0.005078125 0.013194444444444444
9 0.350390625 0.3159722222222222 0.005859375 0.011805555555555555
8 0.04140625 0.19652777777777777 0.0078125 0.01875
8 0.723046875 0.04652777777777778 0.031640625 0.021527777777777778
8 0.757421875 0.006944444444444444 0.029296875 0.006944444444444444
9 0.758203125 0.16805555555555557 0.016796875 0.030555555555555555
