9 0.403125 0.29375 0.003125 0.01597222222222222
9 0.514453125 0.3 0.002734375 0.013888888888888888
9 0.790625 0.3229166666666667 0.00546875 0.01597222222222222
9 0.411328125 0.29375 0.001953125 0.01597222222222222
8 0.255078125 0.31875 0.016796875 0.03263888888888889
8 0.390234375 0.2708333333333333 0.009765625 0.006944444444444444
8 0.4046875 0.30625 0.02421875 0.02847222222222222
8 0.341015625 0.3472222222222222 0.005859375 0.008333333333333333
0 0.405859375 0.42430555555555555 0.012890625 0.01875
0 0.361328125 0.43333333333333335 0.023828125 0.03611111111111111
4 0.44375 0.4125 0.0234375 0.05416666666666667
0 0.5953125 0.44375 0.05859375 0.08958333333333333
3 0.79765625 0.4361111111111111 0.0125 0.02638888888888889
7 0.798046875 0.40625 0.007421875 0.03263888888888889
2 0.755078125 0.4131944444444444 0.005078125 0.02013888888888889
0 0.896875 0.41041666666666665 0.0390625 0.03263888888888889
9 0.698828125 0.34305555555555556 0.003515625 0.015277777777777777
2 0.716015625 0.4152777777777778 0.005859375 0.020833333333333332
2 0.771484375 0.4173611111111111 0.005078125 0.021527777777777778
9 0.402734375 0.2902777777777778 0.001953125 0.018055555555555554
