0 0.0390625 0.6326388888888889 0.0390625 0.11041666666666666
0 0.13046875 0.5173611111111112 0.1296875 0.13819444444444445
0 0.289453125 0.49722222222222223 0.055078125 0.0763888888888889
0 0.334375 0.4527777777777778 0.05 0.06805555555555555
0 0.397265625 0.4791666666666667 0.015234375 0.034722222222222224
0 0.426171875 0.49166666666666664 0.016015625 0.020833333333333332
0 0.79296875 0.45625 0.13359375 0.11041666666666666
0 0.587890625 0.47638888888888886 0.080859375 0.1125
0 0.864453125 0.5020833333333333 0.071484375 0.08958333333333333
0 0.488671875 0.49930555555555556 0.012890625 0.01597222222222222
