0 0.32109375 0.5743055555555555 0.06953125 0.14791666666666667
0 0.394921875 0.5951388888888889 0.009765625 0.03125
0 0.251171875 0.5861111111111111 0.005859375 0.011111111111111112
0 0.22109375 0.5944444444444444 0.028125 0.043055555555555555
0 0.138671875 0.5923611111111111 0.033203125 0.02847222222222222
0 0.431640625 0.6041666666666666 0.032421875 0.04583333333333333
9 0.069140625 0.4423611111111111 0.005859375 0.01597222222222222
9 0.080078125 0.4465277777777778 0.005078125 0.02013888888888889
9 0.0921875 0.5145833333333333 0.0046875 0.014583333333333334
9 0.0828125 0.5368055555555555 0.00703125 0.010416666666666666
8 0.02734375 0.29375 0.02734375 0.06458333333333334
8 0.04140625 0.2125 0.01015625 0.013888888888888888
0 0.0375 0.5840277777777778 0.0375 0.024305555555555556
8 0.036328125 0.43125 0.005859375 0.010416666666666666
0 0.182421875 0.5861111111111111 0.009765625 0.019444444444444445
0 0.534765625 0.59375 0.008984375 0.011805555555555555
