2 0.223046875 0.35138888888888886 0.009765625 0.041666666666666664
2 0.17890625 0.34375 0.0078125 0.034027777777777775
2 0.169921875 0.3659722222222222 0.008984375 0.04097222222222222
2 0.156640625 0.34791666666666665 0.010546875 0.04791666666666667
2 0.140625 0.3458333333333333 0.009375 0.04583333333333333
2 0.128125 0.33611111111111114 0.00859375 0.05
2 0.107421875 0.30972222222222223 0.009765625 0.022222222222222223
2 0.882421875 0.44583333333333336 0.011328125 0.03611111111111111
2 0.866015625 0.4395833333333333 0.008203125 0.034027777777777775
2 0.85078125 0.43333333333333335 0.01015625 0.03333333333333333
2 0.828125 0.43125 0.00859375 0.03263888888888889
2 0.81171875 0.4305555555555556 0.009375 0.030555555555555555
7 0.9765625 0.4847222222222222 0.02265625 0.07777777777777778
3 0.9703125 0.5354166666666667 0.02890625 0.05486111111111111
2 0.946484375 0.4534722222222222 0.010546875 0.03125
0 0.513671875 0.39166666666666666 0.010546875 0.02361111111111111
0 0.7 0.43194444444444446 0.0171875 0.06666666666666667
0 0.494921875 0.3854166666666667 0.011328125 0.03125
0 0.4625 0.38263888888888886 0.025 0.050694444444444445
0 0.559765625 0.4013888888888889 0.027734375 0.043055555555555555
0 0.304296875 0.3875 0.058203125 0.06666666666666667
0 0.408984375 0.4111111111111111 0.051953125 0.059722222222222225
0 0.634765625 0.45625 0.070703125 0.10902777777777778
4 0.551953125 0.34097222222222223 0.022265625 0.024305555555555556
9 0.5 0.2388888888888889 0.0046875 0.016666666666666666
9 0.521875 0.3104166666666667 0.00390625 0.013194444444444444
9 0.753125 0.25972222222222224 0.0046875 0.016666666666666666
8 0.297265625 0.24444444444444444 0.007421875 0.0125
0 0.094140625 0.47430555555555554 0.094140625 0.3076388888888889
