0 0.05859375 0.3194444444444444 0.05703125 0.0625
4 0.168359375 0.24513888888888888 0.078515625 0.09652777777777778
0 0.2625 0.2722222222222222 0.02109375 0.04027777777777778
4 0.352734375 0.20902777777777778 0.094140625 0.16875
0 0.45234375 0.2548611111111111 0.0125 0.04652777777777778
0 0.46875 0.25277777777777777 0.01328125 0.030555555555555555
0 0.76796875 0.27361111111111114 0.06953125 0.06388888888888888
0 0.853125 0.2652777777777778 0.0453125 0.05555555555555555
0 0.71796875 0.24097222222222223 0.02734375 0.04097222222222222
0 0.683984375 0.24166666666666667 0.019140625 0.03333333333333333
0 0.658984375 0.24722222222222223 0.010546875 0.02361111111111111
4 0.643359375 0.22430555555555556 0.017578125 0.03819444444444445
0 0.57734375 0.2375 0.0109375 0.020833333333333332
0 0.5984375 0.24097222222222223 0.0046875 0.01597222222222222
0 0.5921875 0.24027777777777778 0.00234375 0.0125
0 0.5125 0.25 0.00625 0.011111111111111112
0 0.49609375 0.24583333333333332 0.00703125 0.0125
9 0.993359375 0.06111111111111111 0.005859375 0.029166666666666667
