0 0.80859375 0.42986111111111114 0.10703125 0.09930555555555555
0 0.669921875 0.3770833333333333 0.023046875 0.027083333333333334
0 0.584765625 0.35694444444444445 0.011328125 0.013888888888888888
0 0.52734375 0.35138888888888886 0.0078125 0.015277777777777777
0 0.5546875 0.3486111111111111 0.00703125 0.0125
0 0.60234375 0.34652777777777777 0.0078125 0.010416666666666666
0 0.574609375 0.34791666666666665 0.005859375 0.009027777777777777
4 0.575 0.3326388888888889 0.00625 0.003472222222222222
4 0.642578125 0.3416666666666667 0.005078125 0.009722222222222222
0 0.29921875 0.3611111111111111 0.01328125 0.009722222222222222
0 0.36171875 0.3638888888888889 0.00703125 0.011111111111111112
0 0.3734375 0.36041666666666666 0.00859375 0.010416666666666666
0 0.383984375 0.35625 0.005859375 0.010416666666666666
0 0.3953125 0.3548611111111111 0.00703125 0.009027777777777777
0 0.409375 0.35208333333333336 0.0078125 0.013194444444444444
0 0.422265625 0.3506944444444444 0.004296875 0.007638888888888889
0 0.44296875 0.3458333333333333 0.0046875 0.008333333333333333
0 0.20234375 0.36736111111111114 0.015625 0.010416666666666666
0 0.173828125 0.37430555555555556 0.016015625 0.010416666666666666
0 0.1296875 0.38263888888888886 0.0171875 0.01875
0 0.059765625 0.39305555555555555 0.034765625 0.022222222222222223
8 0.34765625 0.30833333333333335 0.00859375 0.006944444444444444
8 0.358203125 0.30486111111111114 0.005859375 0.00625
8 0.546484375 0.2986111111111111 0.005859375 0.004166666666666667
8 0.633203125 0.31527777777777777 0.005859375 0.011111111111111112
8 0.670703125 0.3076388888888889 0.004296875 0.011805555555555555
8 0.7 0.2916666666666667 0.00703125 0.006944444444444444
9 0.662890625 0.3 0.002734375 0.008333333333333333
8 0.89609375 0.15138888888888888 0.009375 0.006944444444444444
8 0.902734375 0.13472222222222222 0.008203125 0.006944444444444444
8 0.916015625 0.21875 0.009765625 0.013194444444444444
9 0.5640625 0.2951388888888889 0.003125 0.007638888888888889
0 0.907421875 0.3527777777777778 0.019921875 0.0125
