0 0.3890625 0.3590277777777778 0.0046875 0.00625
0 0.105859375 0.3875 0.039453125 0.027777777777777776
0 0.1890625 0.3659722222222222 0.03203125 0.014583333333333334
0 0.193359375 0.38263888888888886 0.021484375 0.022916666666666665
0 0.38359375 0.35833333333333334 0.00546875 0.008333333333333333
0 0.37890625 0.3590277777777778 0.0046875 0.009027777777777777
0 0.37265625 0.3590277777777778 0.00625 0.009027777777777777
0 0.369140625 0.36180555555555555 0.005078125 0.007638888888888889
0 0.36171875 0.3625 0.0078125 0.0125
0 0.3265625 0.3680555555555556 0.0171875 0.02361111111111111
0 0.435546875 0.35555555555555557 0.007421875 0.013888888888888888
0 0.445703125 0.3680555555555556 0.008984375 0.016666666666666666
0 0.46015625 0.36875 0.01484375 0.025694444444444443
0 0.46875 0.37916666666666665 0.0125 0.027777777777777776
0 0.483984375 0.37569444444444444 0.017578125 0.03125
0 0.3078125 0.3819444444444444 0.0140625 0.016666666666666666
0 0.280859375 0.38125 0.019921875 0.02847222222222222
0 0.141796875 0.42291666666666666 0.057421875 0.05625
0 0.23984375 0.38819444444444445 0.03046875 0.04097222222222222
0 0.351171875 0.3659722222222222 0.009765625 0.011805555555555555
0 0.41328125 0.38263888888888886 0.028125 0.04513888888888889
0 0.949609375 0.4027777777777778 0.048828125 0.08611111111111111
4 0.51953125 0.38819444444444445 0.03828125 0.04652777777777778
8 0.6625 0.16666666666666666 0.0125 0.0125
9 0.669921875 0.25833333333333336 0.012890625 0.020833333333333332
