9 0.109765625 0.1701388888888889 0.007421875 0.034027777777777775
9 0.426953125 0.11666666666666667 0.008203125 0.027777777777777776
9 0.51640625 0.3680555555555556 0.0078125 0.013888888888888888
9 0.006640625 0.3375 0.006640625 0.013888888888888888
9 0.096484375 0.17291666666666666 0.005859375 0.035416666666666666
9 0.123828125 0.17291666666666666 0.006640625 0.03958333333333333
9 0.410546875 0.12222222222222222 0.007421875 0.030555555555555555
9 0.44296875 0.12083333333333333 0.009375 0.03611111111111111
8 0.05390625 0.2048611111111111 0.034375 0.017361111111111112
2 0.482421875 0.44166666666666665 0.010546875 0.025
2 0.4671875 0.44027777777777777 0.01484375 0.02361111111111111
2 0.4328125 0.4409722222222222 0.00859375 0.025694444444444443
2 0.04765625 0.4076388888888889 0.00859375 0.035416666666666666
0 0.328125 0.43125 0.03046875 0.04236111111111111
0 0.532421875 0.6055555555555555 0.102734375 0.15138888888888888
0 0.23125 0.4041666666666667 0.0046875 0.011111111111111112
0 0.223828125 0.4076388888888889 0.008203125 0.011805555555555555
0 0.212890625 0.4097222222222222 0.007421875 0.013888888888888888
0 0.203515625 0.4097222222222222 0.007421875 0.013888888888888888
0 0.194921875 0.41388888888888886 0.010546875 0.015277777777777777
0 0.180859375 0.41597222222222224 0.011328125 0.017361111111111112
0 0.16171875 0.41805555555555557 0.01171875 0.02638888888888889
0 0.136328125 0.41944444444444445 0.017578125 0.034722222222222224
0 0.255078125 0.4076388888888889 0.015234375 0.01875
0 0.105078125 0.43333333333333335 0.037109375 0.04027777777777778
0 0.2828125 0.5083333333333333 0.071875 0.10555555555555556
0 0.00703125 0.6284722222222222 0.00703125 0.09375
0 0.778515625 0.5895833333333333 0.220703125 0.40902777777777777
