8 0.6203125 0.3645833333333333 0.01484375 0.024305555555555556
8 0.621484375 0.3902777777777778 0.014453125 0.009722222222222222
0 0.5375 0.45555555555555555 0.00859375 0.011111111111111112
0 0.5125 0.4548611111111111 0.01171875 0.017361111111111112
0 0.49375 0.4576388888888889 0.01171875 0.022916666666666665
0 0.47265625 0.4576388888888889 0.0140625 0.024305555555555556
0 0.44609375 0.4583333333333333 0.0203125 0.027777777777777776
0 0.410546875 0.4673611111111111 0.022265625 0.03263888888888889
0 0.354296875 0.4701388888888889 0.041796875 0.052083333333333336
0 0.58046875 0.47430555555555554 0.01875 0.024305555555555556
8 0.48984375 0.41388888888888886 0.00625 0.011111111111111112
