0 0.030078125 0.48194444444444445 0.029296875 0.07083333333333333
0 0.10703125 0.45069444444444445 0.0640625 0.07152777777777777
0 0.198046875 0.45625 0.030859375 0.04236111111111111
0 0.234765625 0.44375 0.031640625 0.04097222222222222
0 0.29375 0.4222222222222222 0.015625 0.015277777777777777
0 0.459375 0.42569444444444443 0.0140625 0.022916666666666665
0 0.475 0.4361111111111111 0.01015625 0.022222222222222223
0 0.4921875 0.4479166666666667 0.021875 0.034027777777777775
0 0.54296875 0.4548611111111111 0.0421875 0.05763888888888889
2 0.426953125 0.42777777777777776 0.005078125 0.02361111111111111
0 0.82265625 0.53125 0.1765625 0.18541666666666667
0 0.309375 0.3923611111111111 0.00625 0.010416666666666666
0 0.321875 0.3951388888888889 0.00703125 0.010416666666666666
0 0.333203125 0.39791666666666664 0.006640625 0.011805555555555555
0 0.346484375 0.40555555555555556 0.005078125 0.009722222222222222
0 0.362109375 0.41041666666666665 0.006640625 0.009027777777777777
0 0.375390625 0.40902777777777777 0.006640625 0.010416666666666666
0 0.392578125 0.41944444444444445 0.010546875 0.013888888888888888
9 0.4140625 0.35833333333333334 0.0046875 0.009722222222222222
9 0.46015625 0.36041666666666666 0.0046875 0.011805555555555555
8 0.236328125 0.29791666666666666 0.005859375 0.009027777777777777
