4 0.166015625 0.3680555555555556 0.135546875 0.1986111111111111
0 0.03828125 0.46805555555555556 0.03828125 0.06805555555555555
0 0.385546875 0.44583333333333336 0.013671875 0.020833333333333332
0 0.347265625 0.4409722222222222 0.013671875 0.01875
4 0.308984375 0.42430555555555555 0.015234375 0.027083333333333334
8 0.30703125 0.38819444444444445 0.01171875 0.009027777777777777
8 0.346484375 0.3888888888888889 0.012890625 0.011111111111111112
8 0.366015625 0.39375 0.005859375 0.013194444444444444
4 0.34765625 0.40902777777777777 0.01484375 0.007638888888888889
0 0.0640625 0.41944444444444445 0.0125 0.018055555555555554
