9 0.046875 0.6923611111111111 0.0140625 0.021527777777777778
9 0.022265625 0.6923611111111111 0.008203125 0.024305555555555556
9 0.38671875 0.65625 0.00546875 0.011805555555555555
9 0.4765625 0.5395833333333333 0.00390625 0.01875
9 0.6953125 0.41041666666666665 0.00546875 0.027083333333333334
9 0.823828125 0.61875 0.009765625 0.013194444444444444
9 0.487109375 0.5402777777777777 0.005859375 0.020833333333333332
9 0.469921875 0.5395833333333333 0.003515625 0.017361111111111112
9 0.68203125 0.41388888888888886 0.00703125 0.025
9 0.708203125 0.4125 0.006640625 0.027777777777777776
8 0.849609375 0.39652777777777776 0.024609375 0.027083333333333334
8 0.842578125 0.55625 0.009765625 0.009027777777777777
8 0.433984375 0.5631944444444444 0.023828125 0.01597222222222222
4 0.13046875 0.7444444444444445 0.13046875 0.12361111111111112
0 0.044140625 0.9145833333333333 0.044140625 0.08263888888888889
0 0.565234375 0.8638888888888889 0.123828125 0.13055555555555556
0 0.641796875 0.6826388888888889 0.008203125 0.010416666666666666
0 0.628515625 0.6645833333333333 0.004296875 0.009027777777777777
0 0.627734375 0.6805555555555556 0.005078125 0.009722222222222222
0 0.534765625 0.6888888888888889 0.008984375 0.0125
0 0.59609375 0.675 0.0203125 0.020833333333333332
0 0.622265625 0.7159722222222222 0.033984375 0.03263888888888889
0 0.553515625 0.7131944444444445 0.026953125 0.03263888888888889
0 0.463671875 0.7444444444444445 0.091796875 0.059722222222222225
0 0.666796875 0.6881944444444444 0.016015625 0.021527777777777778
0 0.620703125 0.6625 0.004296875 0.008333333333333333
9 0.5328125 0.63125 0.00390625 0.007638888888888889
9 0.6078125 0.6381944444444444 0.003125 0.009027777777777777
