9 0.284375 0.2986111111111111 0.00546875 0.025
9 0.27265625 0.2986111111111111 0.0046875 0.027777777777777776
8 0.25859375 0.2902777777777778 0.0109375 0.016666666666666666
8 0.173828125 0.37916666666666665 0.013671875 0.008333333333333333
8 0.30625 0.44930555555555557 0.00546875 0.010416666666666666
8 0.335546875 0.43333333333333335 0.008984375 0.009722222222222222
8 0.6546875 0.3472222222222222 0.021875 0.013888888888888888
8 0.687109375 0.36666666666666664 0.012109375 0.015277777777777777
8 0.746875 0.40069444444444446 0.0109375 0.010416666666666666
9 0.611328125 0.34305555555555556 0.005859375 0.018055555555555554
0 0.393359375 0.4861111111111111 0.006640625 0.009722222222222222
0 0.41015625 0.49930555555555556 0.0109375 0.01597222222222222
0 0.37109375 0.49166666666666664 0.02265625 0.018055555555555554
1 0.36875 0.45694444444444443 0.021875 0.025
0 0.330859375 0.4888888888888889 0.008203125 0.008333333333333333
0 0.309765625 0.4965277777777778 0.012890625 0.024305555555555556
0 0.2859375 0.49722222222222223 0.0125 0.02638888888888889
0 0.28046875 0.5076388888888889 0.0109375 0.01597222222222222
0 0.4890625 0.5104166666666666 0.0109375 0.014583333333333334
0 0.42578125 0.5055555555555555 0.01640625 0.020833333333333332
0 0.465625 0.5027777777777778 0.01484375 0.020833333333333332
0 0.550390625 0.5590277777777778 0.068359375 0.08402777777777778
0 0.359375 0.5347222222222222 0.03671875 0.05277777777777778
0 0.794921875 0.5520833333333334 0.088671875 0.07847222222222222
0 0.64296875 0.5125 0.04921875 0.06666666666666667
0 0.23828125 0.4798611111111111 0.0390625 0.06875
0 0.87890625 0.6506944444444445 0.1203125 0.18541666666666667
2 0.12578125 0.4986111111111111 0.0109375 0.04722222222222222
2 0.100390625 0.49930555555555556 0.008203125 0.04791666666666667
2 0.083203125 0.4847222222222222 0.008984375 0.04027777777777778
2 0.070703125 0.48680555555555555 0.005078125 0.04513888888888889
2 0.042578125 0.49375 0.008203125 0.052083333333333336
2 0.022265625 0.4909722222222222 0.007421875 0.04513888888888889
7 0.26015625 0.4979166666666667 0.01015625 0.04236111111111111
3 0.2609375 0.5333333333333333 0.0109375 0.027777777777777776
