9 0.24453125 0.5118055555555555 0.00546875 0.027083333333333334
9 0.51796875 0.4847222222222222 0.00625 0.02638888888888889
9 0.77578125 0.3472222222222222 0.01328125 0.06388888888888888
9 0.615234375 0.425 0.008984375 0.04027777777777778
9 0.731640625 0.3638888888888889 0.014453125 0.05277777777777778
8 0.125390625 0.5743055555555555 0.016796875 0.024305555555555556
8 0.307421875 0.6041666666666666 0.013671875 0.0125
8 0.3921875 0.5986111111111111 0.01796875 0.013888888888888888
8 0.95 0.34375 0.0125 0.05625
8 0.19296875 0.6159722222222223 0.0078125 0.010416666666666666
0 0.36171875 0.6069444444444444 0.00546875 0.006944444444444444
0 0.329296875 0.6097222222222223 0.004296875 0.004166666666666667
8 0.462890625 0.5416666666666666 0.021484375 0.018055555555555554
