0 0.61015625 0.6229166666666667 0.025 0.027083333333333334
0 0.205859375 0.6916666666666667 0.205859375 0.2916666666666667
0 0.542578125 0.6125 0.019921875 0.025
0 0.563671875 0.6055555555555555 0.010546875 0.022222222222222223
0 0.498828125 0.6097222222222223 0.019140625 0.02361111111111111
0 0.51953125 0.5902777777777778 0.0140625 0.02361111111111111
0 0.497265625 0.5770833333333333 0.008203125 0.010416666666666666
0 0.47890625 0.5881944444444445 0.01015625 0.01597222222222222
0 0.462890625 0.5881944444444445 0.005859375 0.009027777777777777
4 0.451953125 0.5784722222222223 0.010546875 0.024305555555555556
9 0.88828125 0.5048611111111111 0.00703125 0.03263888888888889
9 0.60078125 0.4722222222222222 0.00625 0.015277777777777777
9 0.4859375 0.44930555555555557 0.0046875 0.017361111111111112
9 0.5953125 0.4701388888888889 0.0046875 0.02013888888888889
9 0.353515625 0.4305555555555556 0.005859375 0.0125
9 0.2625 0.3736111111111111 0.0140625 0.05
8 0.667578125 0.5416666666666666 0.008203125 0.020833333333333332
8 0.65859375 0.5840277777777778 0.00390625 0.011805555555555555
9 0.741796875 0.5305555555555556 0.009765625 0.006944444444444444
9 0.67109375 0.5923611111111111 0.00390625 0.011805555555555555
8 0.676171875 0.5715277777777777 0.006640625 0.010416666666666666
8 0.844921875 0.5569444444444445 0.010546875 0.008333333333333333
8 0.56796875 0.5208333333333334 0.00546875 0.022222222222222223
8 0.573828125 0.5604166666666667 0.007421875 0.013194444444444444
9 0.90546875 0.5576388888888889 0.01171875 0.017361111111111112
2 0.805078125 0.6493055555555556 0.006640625 0.02847222222222222
2 0.83203125 0.65625 0.00859375 0.029861111111111113
8 0.884375 0.65625 0.009375 0.035416666666666666
2 0.720703125 0.6354166666666666 0.006640625 0.027083333333333334
2 0.732421875 0.6347222222222222 0.005078125 0.030555555555555555
9 0.6515625 0.4722222222222222 0.00546875 0.013888888888888888
9 0.38984375 0.4930555555555556 0.00546875 0.015277777777777777
9 0.78046875 0.5840277777777778 0.0078125 0.011805555555555555
9 0.4640625 0.5027777777777778 0.00390625 0.015277777777777777
0 0.43203125 0.5798611111111112 0.00625 0.013194444444444444
9 0.467578125 0.5479166666666667 0.002734375 0.011805555555555555
9 0.552734375 0.5118055555555555 0.003515625 0.013194444444444444
8 0.463671875 0.4388888888888889 0.008203125 0.0125
8 0.4078125 0.5354166666666667 0.0046875 0.01875
2 0.788671875 0.63125 0.004296875 0.02013888888888889
2 0.908984375 0.6652777777777777 0.008203125 0.02361111111111111
2 0.76875 0.6291666666666667 0.00234375 0.016666666666666666
2 0.760546875 0.6340277777777777 0.002734375 0.010416666666666666
