9 0.391796875 0.28541666666666665 0.006640625 0.021527777777777778
9 0.525390625 0.2125 0.006640625 0.02638888888888889
9 0.770703125 0.25833333333333336 0.007421875 0.015277777777777777
9 0.65546875 0.3263888888888889 0.00625 0.011111111111111112
8 0.395703125 0.3423611111111111 0.005078125 0.01875
8 0.644140625 0.22569444444444445 0.008984375 0.017361111111111112
8 0.6453125 0.30069444444444443 0.01015625 0.00625
8 0.653125 0.2722222222222222 0.00703125 0.009722222222222222
8 0.770703125 0.20347222222222222 0.019140625 0.03125
8 0.909375 0.2076388888888889 0.028125 0.06041666666666667
8 0.780078125 0.3125 0.027734375 0.03888888888888889
8 0.643359375 0.32430555555555557 0.005859375 0.00625
9 0.74921875 0.12152777777777778 0.0109375 0.034027777777777775
9 0.95078125 0.13680555555555557 0.0109375 0.029861111111111113
9 0.119140625 0.36736111111111114 0.007421875 0.011805555555555555
0 0.378515625 0.39444444444444443 0.014453125 0.020833333333333332
0 0.277734375 0.3993055555555556 0.021484375 0.03125
0 0.32890625 0.39791666666666664 0.02890625 0.03680555555555556
0 0.624609375 0.41875 0.042578125 0.06319444444444444
0 0.7453125 0.4527777777777778 0.1078125 0.10138888888888889
0 0.491796875 0.45555555555555555 0.080859375 0.125
0 0.025390625 0.4201388888888889 0.025390625 0.04513888888888889
8 0.19921875 0.36319444444444443 0.00546875 0.011805555555555555
8 0.390625 0.23055555555555557 0.0078125 0.025
2 0.183984375 0.4048611111111111 0.005859375 0.024305555555555556
2 0.209765625 0.40694444444444444 0.003515625 0.018055555555555554
2 0.223828125 0.4027777777777778 0.005859375 0.020833333333333332
