8 0.0890625 0.37222222222222223 0.0421875 0.09861111111111111
0 0.182421875 0.46597222222222223 0.039453125 0.04097222222222222
0 0.303125 0.46319444444444446 0.0265625 0.024305555555555556
0 0.3859375 0.4423611111111111 0.034375 0.03680555555555556
0 0.565234375 0.4326388888888889 0.023828125 0.02013888888888889
0 0.534765625 0.42569444444444443 0.010546875 0.017361111111111112
0 0.501953125 0.4270833333333333 0.010546875 0.01597222222222222
8 0.766796875 0.08611111111111111 0.066015625 0.03888888888888889
9 0.53828125 0.05486111111111111 0.01640625 0.029861111111111113
8 0.923828125 0.2222222222222222 0.024609375 0.0125
4 0.953125 0.4270833333333333 0.0453125 0.08958333333333333
4 0.870703125 0.4326388888888889 0.045703125 0.06736111111111111
9 0.869921875 0.2847222222222222 0.005078125 0.020833333333333332
8 0.650390625 0.41944444444444445 0.003515625 0.006944444444444444
8 0.60703125 0.39652777777777776 0.0046875 0.00625
9 0.513671875 0.04236111111111111 0.009765625 0.034027777777777775
