0 0.020703125 0.5472222222222223 0.019140625 0.058333333333333334
0 0.605078125 0.46111111111111114 0.016015625 0.019444444444444445
0 0.555859375 0.47291666666666665 0.012109375 0.010416666666666666
0 0.53359375 0.47638888888888886 0.00859375 0.016666666666666666
0 0.4984375 0.47847222222222224 0.01640625 0.022916666666666665
0 0.3578125 0.49236111111111114 0.03359375 0.03958333333333333
0 0.276953125 0.5013888888888889 0.045703125 0.04861111111111111
0 0.14296875 0.51875 0.08359375 0.059027777777777776
1 0.04375 0.4527777777777778 0.04296875 0.06111111111111111
0 0.906640625 0.48680555555555555 0.070703125 0.06180555555555556
0 0.965625 0.5743055555555555 0.03359375 0.11736111111111111
0 0.7796875 0.6666666666666666 0.18125 0.2263888888888889
9 0.580859375 0.4041666666666667 0.006640625 0.015277777777777777
9 0.658984375 0.40902777777777777 0.006640625 0.014583333333333334
0 0.641796875 0.4791666666666667 0.011328125 0.015277777777777777
