9 0.50390625 0.40555555555555556 0.0046875 0.016666666666666666
9 0.65 0.43194444444444446 0.00390625 0.015277777777777777
9 0.451953125 0.4270833333333333 0.004296875 0.010416666666666666
8 0.67734375 0.4340277777777778 0.00546875 0.010416666666666666
8 0.97265625 0.08055555555555556 0.0265625 0.08055555555555556
2 0.155859375 0.44027777777777777 0.005859375 0.009722222222222222
2 0.1375 0.45208333333333334 0.01015625 0.021527777777777778
0 0.61328125 0.4979166666666667 0.00859375 0.013194444444444444
0 0.46171875 0.49236111111111114 0.01640625 0.03263888888888889
0 0.574609375 0.4930555555555556 0.029296875 0.0625
0 0.198828125 0.5013888888888889 0.066015625 0.06388888888888888
0 0.4078125 0.5201388888888889 0.05703125 0.06597222222222222
0 0.28046875 0.5055555555555555 0.07265625 0.06111111111111111
0 0.525 0.5527777777777778 0.0640625 0.09861111111111111
0 0.6265625 0.5104166666666666 0.0140625 0.01875
0 0.6546875 0.50625 0.0125 0.01875
0 0.0265625 0.5472222222222223 0.0265625 0.09444444444444444
0 0.101953125 0.5166666666666667 0.064453125 0.06805555555555555
