9 0.645703125 0.11041666666666666 0.009765625 0.04375
9 0.810546875 0.4340277777777778 0.003515625 0.009027777777777777
9 0.730078125 0.40625 0.002734375 0.009027777777777777
9 0.994140625 0.2847222222222222 0.004296875 0.022222222222222223
9 0.144921875 0.4041666666666667 0.009765625 0.013888888888888888
8 0.171484375 0.4354166666666667 0.004296875 0.009027777777777777
8 0.151953125 0.28055555555555556 0.014453125 0.009722222222222222
8 0.178515625 0.30277777777777776 0.009765625 0.006944444444444444
8 0.16875 0.3472222222222222 0.0125 0.006944444444444444
8 0.517578125 0.2743055555555556 0.017578125 0.010416666666666666
8 0.819921875 0.3993055555555556 0.005859375 0.004861111111111111
0 0.725 0.4798611111111111 0.00546875 0.014583333333333334
0 0.783984375 0.48055555555555557 0.005859375 0.015277777777777777
0 0.76953125 0.4826388888888889 0.00703125 0.02013888888888889
0 0.799609375 0.49027777777777776 0.017578125 0.03333333333333333
0 0.710546875 0.47847222222222224 0.009765625 0.022916666666666665
0 0.65234375 0.47708333333333336 0.01796875 0.02013888888888889
0 0.60234375 0.48055555555555557 0.02265625 0.019444444444444445
1 0.437890625 0.4201388888888889 0.086328125 0.050694444444444445
2 0.534375 0.45416666666666666 0.01015625 0.022222222222222223
2 0.884375 0.48333333333333334 0.00625 0.027777777777777776
2 0.20625 0.49236111111111114 0.009375 0.04097222222222222
2 0.021875 0.5229166666666667 0.021875 0.17847222222222223
2 0.094921875 0.5229166666666667 0.035546875 0.1673611111111111
2 0.6 0.5125 0.01015625 0.05
2 0.673046875 0.5118055555555555 0.019921875 0.06041666666666667
0 0.748046875 0.4826388888888889 0.017578125 0.029861111111111113
8 0.69921875 0.43125 0.00546875 0.004861111111111111
7 0.839453125 0.5465277777777777 0.030078125 0.14375
3 0.847265625 0.5979166666666667 0.044140625 0.10486111111111111
0 0.45 0.5055555555555555 0.13125 0.10277777777777777
0 0.56875 0.48125 0.009375 0.017361111111111112
0 0.695703125 0.4875 0.017578125 0.02361111111111111
