0 0.628125 0.4951388888888889 0.01484375 0.025694444444444443
0 0.616796875 0.4951388888888889 0.015234375 0.021527777777777778
1 0.578515625 0.4576388888888889 0.012890625 0.009027777777777777
0 0.580078125 0.50625 0.028515625 0.03958333333333333
0 0.44921875 0.5097222222222222 0.071875 0.09166666666666666
0 0.3109375 0.4756944444444444 0.03359375 0.02847222222222222
0 0.703515625 0.5645833333333333 0.081640625 0.12152777777777778
0 0.17734375 0.6423611111111112 0.17734375 0.3548611111111111
8 0.4109375 0.29305555555555557 0.009375 0.020833333333333332
0 0.51171875 0.47430555555555554 0.0140625 0.022916666666666665
