0 0.207421875 0.5229166666666667 0.207421875 0.3104166666666667
0 0.59921875 0.4756944444444444 0.0078125 0.010416666666666666
0 0.487890625 0.4638888888888889 0.012890625 0.006944444444444444
0 0.517578125 0.4638888888888889 0.011328125 0.005555555555555556
0 0.545703125 0.4652777777777778 0.009765625 0.005555555555555556
8 0.741015625 0.3798611111111111 0.034765625 0.01597222222222222
8 0.66953125 0.42291666666666666 0.0171875 0.009027777777777777
8 0.680859375 0.4548611111111111 0.010546875 0.01597222222222222
8 0.80234375 0.4840277777777778 0.00703125 0.017361111111111112
8 0.641015625 0.4423611111111111 0.010546875 0.010416666666666666
8 0.6171875 0.45416666666666666 0.00703125 0.004166666666666667
8 0.737890625 0.43194444444444446 0.034765625 0.034722222222222224
8 0.660546875 0.4534722222222222 0.008984375 0.017361111111111112
0 0.565234375 0.4666666666666667 0.006640625 0.006944444444444444
