8 0.6546875 0.14583333333333334 0.02109375 0.016666666666666666
8 0.63359375 0.21180555555555555 0.0453125 0.049305555555555554
8 0.530078125 0.43125 0.006640625 0.007638888888888889
8 0.54609375 0.43333333333333335 0.00703125 0.005555555555555556
0 0.183203125 0.7069444444444445 0.183203125 0.28888888888888886
0 0.71015625 0.5881944444444445 0.121875 0.19791666666666666
0 0.566015625 0.5208333333333334 0.044140625 0.06388888888888888
0 0.39921875 0.5270833333333333 0.10546875 0.14097222222222222
0 0.243359375 0.51875 0.069921875 0.0798611111111111
0 0.183984375 0.47291666666666665 0.057421875 0.04236111111111111
0 0.1359375 0.4395833333333333 0.0515625 0.029861111111111113
0 0.502734375 0.4861111111111111 0.017578125 0.043055555555555555
0 0.53515625 0.46944444444444444 0.01875 0.02361111111111111
