0 0.53359375 0.45902777777777776 0.02734375 0.04097222222222222
0 0.472265625 0.5027777777777778 0.054296875 0.06388888888888888
0 0.904296875 0.5402777777777777 0.091796875 0.12083333333333333
0 0.2171875 0.5256944444444445 0.20625 0.26319444444444445
9 0.51875 0.30069444444444443 0.00625 0.017361111111111112
9 0.6125 0.3 0.0078125 0.016666666666666666
9 0.745703125 0.3416666666666667 0.006640625 0.013888888888888888
8 0.475390625 0.30833333333333335 0.013671875 0.009722222222222222
8 0.519140625 0.3597222222222222 0.009765625 0.006944444444444444
8 0.828515625 0.3597222222222222 0.015234375 0.009722222222222222
8 0.744921875 0.3993055555555556 0.008984375 0.00625
8 0.753515625 0.3715277777777778 0.006640625 0.004861111111111111
9 0.755078125 0.42986111111111114 0.006640625 0.013194444444444444
0 0.8078125 0.5027777777777778 0.0375 0.02638888888888889
2 0.77421875 0.47708333333333336 0.00546875 0.02013888888888889
2 0.759375 0.47847222222222224 0.0046875 0.024305555555555556
2 0.742578125 0.4798611111111111 0.003515625 0.017361111111111112
0 0.64375 0.6347222222222222 0.14765625 0.20277777777777778
