8 0.6953125 0.41458333333333336 0.0171875 0.017361111111111112
8 0.6578125 0.42083333333333334 0.01953125 0.0125
8 0.568359375 0.44583333333333336 0.008203125 0.011111111111111112
8 0.5234375 0.43819444444444444 0.0078125 0.01597222222222222
0 0.608984375 0.48125 0.013671875 0.021527777777777778
0 0.478515625 0.43819444444444444 0.033203125 0.01597222222222222
0 0.583984375 0.4826388888888889 0.017578125 0.027083333333333334
0 0.546875 0.4888888888888889 0.02890625 0.04861111111111111
0 0.40625 0.4777777777777778 0.0296875 0.041666666666666664
0 0.346484375 0.48333333333333334 0.055078125 0.06944444444444445
0 0.641796875 0.48541666666666666 0.030078125 0.03680555555555556
0 0.672265625 0.5472222222222223 0.061328125 0.08055555555555556
0 0.475390625 0.5159722222222223 0.062109375 0.06875
0 0.18828125 0.5798611111111112 0.18828125 0.32569444444444445
