9 0.740234375 0.24583333333333332 0.008984375 0.0375
9 0.94765625 0.4895833333333333 0.0015625 0.010416666666666666
9 0.92890625 0.44930555555555557 0.00234375 0.013194444444444444
9 0.784765625 0.44930555555555557 0.003515625 0.013194444444444444
9 0.8640625 0.475 0.00234375 0.008333333333333333
9 0.723828125 0.23680555555555555 0.007421875 0.02847222222222222
9 0.426171875 0.33194444444444443 0.014453125 0.020833333333333332
8 0.43828125 0.2111111111111111 0.021875 0.013888888888888888
8 0.45859375 0.2701388888888889 0.02265625 0.014583333333333334
8 0.675 0.2722222222222222 0.028125 0.0125
8 0.9578125 0.4597222222222222 0.00625 0.008333333333333333
0 0.881640625 0.49930555555555556 0.012890625 0.011805555555555555
0 0.84609375 0.48680555555555555 0.009375 0.011805555555555555
0 0.87265625 0.5152777777777777 0.009375 0.016666666666666666
0 0.829296875 0.53125 0.043359375 0.052083333333333336
0 0.979296875 0.5354166666666667 0.020703125 0.035416666666666666
0 0.59921875 0.6048611111111111 0.2328125 0.28541666666666665
0 0.2453125 0.5888888888888889 0.159375 0.18472222222222223
8 0.398046875 0.22916666666666666 0.016015625 0.025
8 0.33828125 0.33402777777777776 0.01484375 0.04652777777777778
