0 0.24296875 0.50625 0.02734375 0.025694444444444443
0 0.3578125 0.48541666666666666 0.0125 0.010416666666666666
0 0.31171875 0.4888888888888889 0.01015625 0.0125
0 0.33359375 0.48194444444444445 0.0078125 0.011111111111111112
0 0.01953125 0.5041666666666667 0.01875 0.03194444444444444
0 0.16484375 0.4951388888888889 0.0171875 0.01597222222222222
8 0.105078125 0.25625 0.045703125 0.06458333333333334
8 0.2140625 0.25069444444444444 0.04453125 0.06180555555555556
8 0.482421875 0.26944444444444443 0.013671875 0.030555555555555555
8 0.464453125 0.4027777777777778 0.012109375 0.025
8 0.40546875 0.42083333333333334 0.00390625 0.009722222222222222
8 0.35703125 0.44583333333333336 0.00859375 0.011111111111111112
8 0.369140625 0.44583333333333336 0.005078125 0.009722222222222222
8 0.34296875 0.44513888888888886 0.00390625 0.00625
8 0.334375 0.45 0.00625 0.005555555555555556
