0 0.133203125 0.4479166666666667 0.133203125 0.33125
0 0.278125 0.41388888888888886 0.04609375 0.07777777777777778
0 0.42578125 0.37083333333333335 0.05390625 0.0875
0 0.542578125 0.4270833333333333 0.073828125 0.12291666666666666
0 0.61484375 0.37083333333333335 0.02421875 0.043055555555555555
0 0.641015625 0.3576388888888889 0.005859375 0.021527777777777778
0 0.650390625 0.3541666666666667 0.007421875 0.015277777777777777
0 0.662109375 0.35 0.007421875 0.015277777777777777
0 0.6828125 0.3597222222222222 0.01953125 0.02361111111111111
0 0.697265625 0.34375 0.014453125 0.014583333333333334
0 0.729296875 0.3506944444444444 0.020703125 0.01875
0 0.745703125 0.34097222222222223 0.012890625 0.01597222222222222
0 0.7609375 0.33958333333333335 0.00703125 0.011805555555555555
0 0.781640625 0.3402777777777778 0.010546875 0.019444444444444445
9 0.696875 0.31875 0.009375 0.010416666666666666
8 0.711328125 0.28055555555555556 0.005078125 0.009722222222222222
8 0.71328125 0.30069444444444443 0.0046875 0.011805555555555555
8 0.89453125 0.2048611111111111 0.0078125 0.011805555555555555
8 0.916015625 0.2972222222222222 0.005078125 0.013888888888888888
0 0.309765625 0.38680555555555557 0.014453125 0.02013888888888889
0 0.8671875 0.3972222222222222 0.07890625 0.06805555555555555
