0 0.42109375 0.46875 0.0078125 0.01597222222222222
0 0.40703125 0.4618055555555556 0.0125 0.022916666666666665
0 0.3875 0.4625 0.01640625 0.03194444444444444
0 0.33203125 0.47430555555555554 0.04296875 0.04097222222222222
0 0.584765625 0.49375 0.032421875 0.050694444444444445
0 0.623046875 0.5145833333333333 0.036328125 0.06180555555555556
0 0.7375 0.5256944444444445 0.11328125 0.11736111111111111
0 0.205078125 0.49930555555555556 0.091015625 0.07291666666666667
1 0.525390625 0.4395833333333333 0.033203125 0.06736111111111111
0 0.876953125 0.6784722222222223 0.121484375 0.24513888888888888
