8 0.511328125 0.3597222222222222 0.016015625 0.03194444444444444
9 0.69765625 0.4895833333333333 0.00625 0.010416666666666666
9 0.616796875 0.5069444444444444 0.004296875 0.006944444444444444
2 0.3671875 0.6027777777777777 0.028125 0.1111111111111111
0 0.730859375 0.5673611111111111 0.008203125 0.01875
0 0.74921875 0.5618055555555556 0.015625 0.025694444444444443
0 0.619140625 0.5486111111111112 0.007421875 0.022222222222222223
0 0.667578125 0.6041666666666666 0.064453125 0.09583333333333334
0 0.776953125 0.5666666666666667 0.023046875 0.03194444444444444
0 0.860546875 0.5798611111111112 0.048046875 0.05347222222222222
