0 0.436328125 0.7083333333333334 0.133203125 0.20555555555555555
8 0.558984375 0.4048611111111111 0.015234375 0.024305555555555556
8 0.55859375 0.3277777777777778 0.01640625 0.025
8 0.556640625 0.3625 0.006640625 0.009722222222222222
9 0.577734375 0.5006944444444444 0.010546875 0.013194444444444444
9 0.55703125 0.5173611111111112 0.00546875 0.011805555555555555
8 0.691015625 0.48333333333333334 0.005859375 0.015277777777777777
8 0.692578125 0.5027777777777778 0.008984375 0.004166666666666667
8 0.691796875 0.5180555555555556 0.005859375 0.011111111111111112
2 0.598046875 0.5944444444444444 0.009765625 0.043055555555555555
2 0.61796875 0.5854166666666667 0.00859375 0.04791666666666667
0 0.61171875 0.6 0.03828125 0.022222222222222223
9 0.43984375 0.42986111111111114 0.00703125 0.02013888888888889
9 0.448828125 0.4222222222222222 0.002734375 0.020833333333333332
8 0.281640625 0.41458333333333336 0.015234375 0.01875
8 0.255859375 0.5256944444444445 0.005859375 0.009027777777777777
8 0.21796875 0.5416666666666666 0.0125 0.020833333333333332
8 0.216796875 0.6097222222222223 0.005859375 0.009722222222222222
8 0.258984375 0.6027777777777777 0.005078125 0.006944444444444444
9 0.548046875 0.4722222222222222 0.004296875 0.013888888888888888
0 0.75859375 0.5777777777777777 0.0328125 0.043055555555555555
0 0.8625 0.5493055555555556 0.09140625 0.07847222222222222
0 0.8765625 0.59375 0.071875 0.04652777777777778
0 0.915625 0.6020833333333333 0.04765625 0.05763888888888889
8 0.5421875 0.5159722222222223 0.00390625 0.01597222222222222
8 0.00546875 0.55625 0.0046875 0.02013888888888889
8 0.541796875 0.5506944444444445 0.005859375 0.007638888888888889
0 0.77734375 0.5541666666666667 0.015625 0.018055555555555554
2 0.55390625 0.5854166666666667 0.00703125 0.025694444444444443
0 0.17890625 0.6118055555555556 0.01171875 0.011805555555555555
