9 0.378515625 0.3 0.005859375 0.019444444444444445
9 0.489453125 0.21319444444444444 0.004296875 0.01875
9 0.71328125 0.17708333333333334 0.00703125 0.021527777777777778
9 0.945703125 0.05555555555555555 0.011328125 0.025
9 0.6953125 0.27361111111111114 0.0078125 0.020833333333333332
9 0.308984375 0.35625 0.004296875 0.010416666666666666
9 0.29375 0.35555555555555557 0.00390625 0.009722222222222222
9 0.2203125 0.3770833333333333 0.003125 0.013194444444444444
0 0.3765625 0.44305555555555554 0.06171875 0.07916666666666666
0 0.208984375 0.51875 0.151953125 0.13402777777777777
0 0.06171875 0.43333333333333335 0.0328125 0.044444444444444446
0 0.530078125 0.5319444444444444 0.119140625 0.15833333333333333
0 0.721484375 0.4076388888888889 0.022265625 0.04375
0 0.848828125 0.4166666666666667 0.044921875 0.034722222222222224
8 0.844140625 0.4576388888888889 0.019921875 0.04375
8 0.870703125 0.3034722222222222 0.011328125 0.009027777777777777
8 0.86171875 0.3326388888888889 0.00703125 0.00625
9 0.981640625 0.32013888888888886 0.007421875 0.01597222222222222
