0 0.5125 0.4111111111111111 0.00703125 0.018055555555555554
0 0.496484375 0.41041666666666665 0.008984375 0.01875
0 0.475 0.4166666666666667 0.0140625 0.02361111111111111
0 0.441015625 0.4270833333333333 0.022265625 0.029861111111111113
0 0.3984375 0.43333333333333335 0.02265625 0.03194444444444444
0 0.2890625 0.48194444444444445 0.10390625 0.10555555555555556
0 0.104296875 0.6159722222222223 0.104296875 0.24791666666666667
0 0.574609375 0.41041666666666665 0.008984375 0.01875
0 0.58828125 0.41944444444444445 0.01015625 0.02638888888888889
0 0.60546875 0.4305555555555556 0.0140625 0.03333333333333333
0 0.626953125 0.44375 0.025390625 0.04375
0 0.662890625 0.46458333333333335 0.026171875 0.059027777777777776
0 0.700390625 0.4895833333333333 0.031640625 0.08125
0 0.7359375 0.51875 0.04453125 0.10069444444444445
0 0.849609375 0.5506944444444445 0.148828125 0.1909722222222222
0 0.525390625 0.4076388888888889 0.005859375 0.013194444444444444
0 0.541015625 0.41041666666666665 0.009765625 0.010416666666666666
