2 0.803125 0.5576388888888889 0.01875 0.10902777777777778
2 0.57734375 0.5208333333333334 0.01484375 0.04722222222222222
2 0.60234375 0.5201388888888889 0.00859375 0.04236111111111111
2 0.5421875 0.5138888888888888 0.00703125 0.02361111111111111
4 0.056640625 0.43472222222222223 0.056640625 0.08055555555555556
4 0.49921875 0.49444444444444446 0.02578125 0.0625
0 0.863671875 0.4722222222222222 0.133203125 0.09722222222222222
1 0.84453125 0.44722222222222224 0.15390625 0.043055555555555555
0 0.306640625 0.5340277777777778 0.040234375 0.04375
4 0.701953125 0.5041666666666667 0.077734375 0.06527777777777778
0 0.987890625 0.5180555555555556 0.010546875 0.044444444444444446
0 0.142578125 0.6138888888888889 0.142578125 0.1986111111111111
0 0.40234375 0.6201388888888889 0.10625 0.14930555555555555
9 0.2171875 0.3715277777777778 0.00703125 0.027083333333333334
9 0.316796875 0.3104166666666667 0.007421875 0.02847222222222222
9 0.3296875 0.30486111111111114 0.00625 0.024305555555555556
9 0.61640625 0.45069444444444445 0.0078125 0.011805555555555555
9 0.622265625 0.36736111111111114 0.004296875 0.01597222222222222
9 0.23984375 0.4638888888888889 0.009375 0.013888888888888888
9 0.07109375 0.2076388888888889 0.0125 0.034027777777777775
8 0.64140625 0.3659722222222222 0.009375 0.007638888888888889
8 0.63125 0.39444444444444443 0.01171875 0.006944444444444444
8 0.825 0.16527777777777777 0.03671875 0.02361111111111111
8 0.82734375 0.20625 0.0171875 0.035416666666666666
9 0.858984375 0.31319444444444444 0.020703125 0.034027777777777775
9 0.809765625 0.32013888888888886 0.010546875 0.029861111111111113
