8 0.422265625 0.5736111111111111 0.006640625 0.006944444444444444
8 0.49765625 0.5638888888888889 0.0078125 0.009722222222222222
8 0.561328125 0.5402777777777777 0.012109375 0.02361111111111111
0 0.57421875 0.5770833333333333 0.00546875 0.007638888888888889
0 0.502734375 0.5791666666666667 0.005859375 0.005555555555555556
0 0.49140625 0.5791666666666667 0.00546875 0.008333333333333333
0 0.478125 0.58125 0.00390625 0.010416666666666666
0 0.468359375 0.5826388888888889 0.005859375 0.009027777777777777
0 0.463671875 0.5909722222222222 0.005078125 0.010416666666666666
4 0.35703125 0.5652777777777778 0.0328125 0.07083333333333333
0 0.05234375 0.5979166666666667 0.01484375 0.007638888888888889
