8 0.1875 0.43194444444444446 0.0078125 0.013888888888888888
8 0.506640625 0.4173611111111111 0.009765625 0.01597222222222222
8 0.6671875 0.4076388888888889 0.01015625 0.017361111111111112
0 0.3859375 0.5256944444444445 0.009375 0.011805555555555555
0 0.305859375 0.5159722222222223 0.014453125 0.017361111111111112
0 0.274609375 0.5423611111111111 0.034765625 0.04513888888888889
0 0.560546875 0.5097222222222222 0.026171875 0.034722222222222224
0 0.8609375 0.5527777777777778 0.0578125 0.09305555555555556
0 0.16328125 0.58125 0.07578125 0.07013888888888889
0 0.346875 0.5409722222222222 0.0359375 0.04791666666666667
0 0.448828125 0.5576388888888889 0.050390625 0.07291666666666667
0 0.69765625 0.5680555555555555 0.1359375 0.15
0 0.940625 0.54375 0.05859375 0.14930555555555555
2 0.882421875 0.43680555555555556 0.013671875 0.025694444444444443
9 0.510546875 0.48333333333333334 0.004296875 0.015277777777777777
