9 0.540625 0.42083333333333334 0.0046875 0.019444444444444445
9 0.60625 0.4263888888888889 0.0046875 0.018055555555555554
9 0.65078125 0.4284722222222222 0.00546875 0.01597222222222222
9 0.3890625 0.4479166666666667 0.0046875 0.01597222222222222
9 0.38359375 0.45208333333333334 0.003125 0.014583333333333334
9 0.31171875 0.4673611111111111 0.00390625 0.01597222222222222
8 0.18125 0.48333333333333334 0.01015625 0.019444444444444445
8 0.179296875 0.5986111111111111 0.006640625 0.018055555555555554
0 0.446484375 0.56875 0.018359375 0.03125
9 0.452734375 0.5125 0.002734375 0.009722222222222222
0 0.398046875 0.6048611111111111 0.044921875 0.06319444444444444
0 0.284375 0.6201388888888889 0.096875 0.12013888888888889
0 0.613671875 0.7180555555555556 0.196484375 0.28055555555555556
0 0.090234375 0.6868055555555556 0.090234375 0.22013888888888888
