9 0.52890625 0.47291666666666665 0.0046875 0.013194444444444444
9 0.2078125 0.5027777777777778 0.00859375 0.0375
9 0.130078125 0.38263888888888886 0.005859375 0.021527777777777778
9 0.036328125 0.3888888888888889 0.004296875 0.022222222222222223
9 0.39609375 0.5291666666666667 0.00390625 0.013888888888888888
9 0.40234375 0.48333333333333334 0.0046875 0.016666666666666666
9 0.388671875 0.48194444444444445 0.005078125 0.019444444444444445
9 0.41484375 0.4847222222222222 0.00390625 0.019444444444444445
8 0.57890625 0.49375 0.01171875 0.007638888888888889
9 0.6125 0.5298611111111111 0.00390625 0.009027777777777777
9 0.6796875 0.5076388888888889 0.00390625 0.014583333333333334
9 0.666796875 0.5069444444444444 0.004296875 0.0125
8 0.612109375 0.4840277777777778 0.004296875 0.013194444444444444
0 0.290234375 0.59375 0.058984375 0.052083333333333336
0 0.091796875 0.6180555555555556 0.091015625 0.13055555555555556
0 0.49296875 0.6798611111111111 0.13671875 0.16041666666666668
0 0.69453125 0.6125 0.03828125 0.04861111111111111
0 0.77109375 0.6291666666666667 0.0609375 0.06527777777777778
0 0.88203125 0.6631944444444444 0.09453125 0.09513888888888888
0 0.978125 0.6576388888888889 0.02109375 0.17291666666666666
