9 0.133203125 0.5041666666666667 0.008984375 0.0125
2 0.1578125 0.6298611111111111 0.0109375 0.034027777777777775
9 0.74375 0.4173611111111111 0.00625 0.029861111111111113
9 0.8609375 0.47152777777777777 0.009375 0.017361111111111112
9 0.858984375 0.3972222222222222 0.007421875 0.02638888888888889
8 0.72421875 0.4548611111111111 0.0078125 0.014583333333333334
9 0.73515625 0.34375 0.00703125 0.029861111111111113
8 0.75078125 0.3326388888888889 0.01171875 0.02847222222222222
8 0.858984375 0.5527777777777778 0.013671875 0.009722222222222222
2 0.833984375 0.5854166666666667 0.013671875 0.04652777777777778
9 0.278515625 0.4548611111111111 0.007421875 0.024305555555555556
2 0.19296875 0.5833333333333334 0.00859375 0.022222222222222223
2 0.17109375 0.6118055555555556 0.009375 0.04791666666666667
9 0.16640625 0.5013888888888889 0.01015625 0.015277777777777777
2 0.405078125 0.5722222222222222 0.005078125 0.019444444444444445
2 0.41484375 0.5722222222222222 0.0046875 0.025
0 0.4796875 0.5819444444444445 0.01171875 0.030555555555555555
0 0.448046875 0.5875 0.030859375 0.043055555555555555
0 0.529296875 0.5652777777777778 0.007421875 0.0125
0 0.56015625 0.5569444444444445 0.00625 0.0125
0 0.54609375 0.5666666666666667 0.0109375 0.015277777777777777
7 0.61171875 0.5791666666666667 0.01796875 0.08333333333333333
3 0.612109375 0.625 0.021484375 0.0625
