0 0.04765625 0.6027777777777777 0.04765625 0.058333333333333334
0 0.1921875 0.6118055555555556 0.025 0.027083333333333334
0 0.128125 0.6125 0.03828125 0.03194444444444444
0 0.2390625 0.6090277777777777 0.01953125 0.025694444444444443
0 0.276171875 0.6069444444444444 0.016015625 0.018055555555555554
0 0.312890625 0.6055555555555555 0.016796875 0.019444444444444445
0 0.338671875 0.6041666666666666 0.010546875 0.015277777777777777
0 0.384375 0.6006944444444444 0.0109375 0.011805555555555555
9 0.4109375 0.5555555555555556 0.00546875 0.006944444444444444
9 0.446875 0.5569444444444445 0.00546875 0.009722222222222222
9 0.4890625 0.5034722222222222 0.00546875 0.009027777777777777
9 0.526171875 0.5125 0.005859375 0.009722222222222222
9 0.64609375 0.12430555555555556 0.0171875 0.027083333333333334
9 0.480078125 0.5347222222222222 0.005078125 0.009722222222222222
9 0.49921875 0.5354166666666667 0.00390625 0.007638888888888889
9 0.512890625 0.5534722222222223 0.005078125 0.00625
4 0.43671875 0.5840277777777778 0.0203125 0.04097222222222222
0 0.466796875 0.5854166666666667 0.009765625 0.01597222222222222
0 0.495703125 0.6006944444444444 0.016796875 0.027083333333333334
0 0.524609375 0.5902777777777778 0.012109375 0.019444444444444445
0 0.5328125 0.6 0.01328125 0.025
0 0.578125 0.6201388888888889 0.05 0.06597222222222222
0 0.617578125 0.5805555555555556 0.008203125 0.013888888888888888
0 0.632421875 0.6131944444444445 0.012890625 0.03263888888888889
0 0.660546875 0.6201388888888889 0.029296875 0.034027777777777775
0 0.40625 0.5930555555555556 0.00859375 0.013888888888888888
