9 0.11640625 0.32083333333333336 0.0078125 0.02361111111111111
9 0.098046875 0.40694444444444444 0.006640625 0.019444444444444445
9 0.371484375 0.3597222222222222 0.004296875 0.019444444444444445
9 0.486328125 0.43333333333333335 0.005078125 0.013888888888888888
9 0.09140625 0.45 0.00625 0.009722222222222222
9 0.1046875 0.44930555555555557 0.0046875 0.010416666666666666
9 0.097265625 0.32013888888888886 0.006640625 0.024305555555555556
9 0.381640625 0.35833333333333334 0.003515625 0.018055555555555554
8 0.022265625 0.3076388888888889 0.022265625 0.01597222222222222
8 0.415625 0.3576388888888889 0.01796875 0.013194444444444444
8 0.477734375 0.4013888888888889 0.008203125 0.011111111111111112
8 0.48515625 0.36666666666666664 0.00859375 0.009722222222222222
0 0.41484375 0.4791666666666667 0.01328125 0.013888888888888888
0 0.890234375 0.48680555555555555 0.052734375 0.03958333333333333
0 0.96640625 0.4895833333333333 0.03359375 0.03819444444444445
