0 0.434375 0.48333333333333334 0.00625 0.009722222222222222
0 0.445703125 0.48680555555555555 0.003515625 0.010416666666666666
0 0.45625 0.4888888888888889 0.00625 0.011111111111111112
0 0.475 0.4895833333333333 0.00703125 0.01597222222222222
0 0.498828125 0.49375 0.005078125 0.013194444444444444
0 0.48671875 0.49166666666666664 0.0046875 0.015277777777777777
0 0.51796875 0.5090277777777777 0.01328125 0.025694444444444443
0 0.547265625 0.5173611111111112 0.026171875 0.03680555555555556
0 0.601171875 0.5666666666666667 0.038671875 0.06666666666666667
0 0.69609375 0.5930555555555556 0.0859375 0.11527777777777778
0 0.8296875 0.7590277777777777 0.16875 0.23541666666666666
0 0.41875 0.4840277777777778 0.009375 0.021527777777777778
0 0.40234375 0.4951388888888889 0.00703125 0.022916666666666665
0 0.38671875 0.49375 0.00625 0.024305555555555556
0 0.369921875 0.49444444444444446 0.012109375 0.029166666666666667
0 0.345703125 0.5048611111111111 0.019921875 0.03958333333333333
0 0.31875 0.5194444444444445 0.028125 0.043055555555555555
0 0.27890625 0.5305555555555556 0.03359375 0.04861111111111111
0 0.19609375 0.5631944444444444 0.075 0.07430555555555556
