8 0.07890625 0.3020833333333333 0.0171875 0.013194444444444444
8 0.05859375 0.26666666666666666 0.0171875 0.009722222222222222
8 0.65546875 0.30625 0.01015625 0.004861111111111111
9 0.0765625 0.3375 0.00703125 0.015277777777777777
9 0.101953125 0.33958333333333335 0.009765625 0.014583333333333334
9 0.62890625 0.175 0.00859375 0.03333333333333333
9 0.63359375 0.33819444444444446 0.00625 0.014583333333333334
9 0.819921875 0.3368055555555556 0.012109375 0.017361111111111112
8 0.2234375 0.33819444444444446 0.009375 0.00625
9 0.208984375 0.36875 0.007421875 0.009027777777777777
9 0.6515625 0.3729166666666667 0.00625 0.011805555555555555
2 0.11796875 0.45208333333333334 0.0171875 0.06597222222222222
0 0.191796875 0.5076388888888889 0.049609375 0.08402777777777778
4 0.43046875 0.4979166666666667 0.19375 0.30069444444444443
0 0.921484375 0.5756944444444444 0.076953125 0.23125
0 0.783984375 0.5229166666666667 0.146484375 0.15069444444444444
0 0.660546875 0.475 0.038671875 0.075
