0 0.2 0.47291666666666665 0.0375 0.05763888888888889
0 0.284375 0.4354166666666667 0.01640625 0.01597222222222222
0 0.2546875 0.4284722222222222 0.0109375 0.017361111111111112
0 0.316015625 0.4131944444444444 0.017578125 0.024305555555555556
0 0.342578125 0.42916666666666664 0.010546875 0.025
0 0.364453125 0.43333333333333335 0.013671875 0.025
0 0.39609375 0.4388888888888889 0.015625 0.030555555555555555
0 0.433984375 0.43472222222222223 0.022265625 0.03611111111111111
0 0.466796875 0.44583333333333336 0.029296875 0.04583333333333333
0 0.51328125 0.44305555555555554 0.03515625 0.05416666666666667
0 0.619140625 0.4465277777777778 0.080078125 0.07847222222222222
0 0.738671875 0.4826388888888889 0.076953125 0.08541666666666667
0 0.89296875 0.5354166666666667 0.10625 0.12708333333333333
