2 0.416796875 0.6215277777777778 0.016015625 0.03680555555555556
0 0.152734375 0.6166666666666667 0.004296875 0.005555555555555556
0 0.142578125 0.6180555555555556 0.005859375 0.005555555555555556
0 0.1296875 0.6284722222222222 0.00859375 0.011805555555555555
0 0.10078125 0.6604166666666667 0.0109375 0.01875
0 0.080078125 0.66875 0.017578125 0.022916666666666665
0 0.036328125 0.725 0.036328125 0.07916666666666666
0 0.16484375 0.6347222222222222 0.00390625 0.015277777777777777
1 0.205078125 0.6152777777777778 0.037890625 0.075
8 0.353125 0.5020833333333333 0.00546875 0.004861111111111111
8 0.3390625 0.5041666666666667 0.00703125 0.009722222222222222
8 0.3375 0.5284722222222222 0.0125 0.010416666666666666
8 0.336328125 0.5541666666666667 0.011328125 0.015277777777777777
