9 0.584375 0.38680555555555557 0.00703125 0.010416666666666666
9 0.5828125 0.3527777777777778 0.00546875 0.013888888888888888
9 0.56875 0.40208333333333335 0.0046875 0.004861111111111111
9 0.566796875 0.3861111111111111 0.004296875 0.006944444444444444
9 0.550390625 0.3798611111111111 0.010546875 0.010416666666666666
9 0.53046875 0.38055555555555554 0.0078125 0.009722222222222222
0 0.41484375 0.42777777777777776 0.01640625 0.019444444444444445
0 0.49296875 0.42291666666666666 0.00703125 0.010416666666666666
0 0.512109375 0.4236111111111111 0.012109375 0.016666666666666666
0 0.534765625 0.4173611111111111 0.005078125 0.009027777777777777
0 0.54453125 0.42083333333333334 0.00625 0.009722222222222222
