7 0.58828125 0.4895833333333333 0.0125 0.03958333333333333
3 0.587890625 0.5173611111111112 0.010546875 0.03263888888888889
0 0.3484375 0.5020833333333333 0.0109375 0.017361111111111112
0 0.401953125 0.4986111111111111 0.008984375 0.016666666666666666
0 0.50546875 0.5006944444444444 0.0125 0.01875
4 0.401953125 0.47638888888888886 0.014453125 0.022222222222222223
0 0.28984375 0.5173611111111112 0.034375 0.035416666666666666
0 0.375390625 0.5083333333333333 0.022265625 0.03333333333333333
0 0.325390625 0.5131944444444444 0.006640625 0.01597222222222222
0 0.533203125 0.4986111111111111 0.011328125 0.016666666666666666
0 0.451171875 0.5319444444444444 0.048046875 0.07222222222222222
0 0.04609375 0.5673611111111111 0.04609375 0.06319444444444444
8 0.964453125 0.38263888888888886 0.015234375 0.024305555555555556
