9 0.45859375 0.18958333333333333 0.00625 0.02847222222222222
9 0.30234375 0.3125 0.00859375 0.018055555555555554
9 0.515234375 0.3770833333333333 0.006640625 0.011805555555555555
9 0.486328125 0.3506944444444444 0.006640625 0.010416666666666666
9 0.08984375 0.24861111111111112 0.0125 0.030555555555555555
9 0.743359375 0.2701388888888889 0.012109375 0.024305555555555556
9 0.443359375 0.19166666666666668 0.005859375 0.02361111111111111
9 0.623046875 0.35694444444444445 0.006640625 0.0125
9 0.054296875 0.25625 0.015234375 0.024305555555555556
9 0.063671875 0.15069444444444444 0.011328125 0.050694444444444445
8 0.75390625 0.1451388888888889 0.01484375 0.029861111111111113
8 0.769140625 0.22361111111111112 0.013671875 0.03611111111111111
8 0.73984375 0.21180555555555555 0.0125 0.024305555555555556
8 0.62265625 0.2777777777777778 0.0109375 0.008333333333333333
0 0.3703125 0.41944444444444445 0.009375 0.006944444444444444
0 0.38828125 0.4166666666666667 0.00859375 0.009722222222222222
0 0.4078125 0.41597222222222224 0.01015625 0.010416666666666666
0 0.448828125 0.4201388888888889 0.009765625 0.013194444444444444
0 0.46875 0.40902777777777777 0.00859375 0.010416666666666666
0 0.49609375 0.4111111111111111 0.00859375 0.0125
0 0.53046875 0.42430555555555555 0.021875 0.03958333333333333
0 0.2375 0.4263888888888889 0.0296875 0.030555555555555555
0 0.308984375 0.4222222222222222 0.019140625 0.022222222222222223
0 0.1015625 0.575 0.1015625 0.21944444444444444
