0 0.028125 0.5597222222222222 0.028125 0.041666666666666664
8 0.023828125 0.48055555555555557 0.012109375 0.016666666666666666
8 0.033203125 0.44305555555555554 0.008203125 0.005555555555555556
9 0.073046875 0.3347222222222222 0.004296875 0.030555555555555555
9 0.06875 0.34305555555555556 0.00546875 0.025
8 0.11640625 0.3229166666666667 0.0375 0.013194444444444444
8 0.169921875 0.3548611111111111 0.019140625 0.022916666666666665
8 0.219140625 0.3020833333333333 0.018359375 0.034027777777777775
9 0.217578125 0.39166666666666666 0.005859375 0.0375
9 0.227734375 0.45555555555555555 0.006640625 0.009722222222222222
9 0.20546875 0.45208333333333334 0.00625 0.01597222222222222
0 0.065625 0.5520833333333334 0.009375 0.01597222222222222
0 0.074609375 0.5590277777777778 0.008984375 0.010416666666666666
0 0.089453125 0.5548611111111111 0.012890625 0.014583333333333334
0 0.225 0.5555555555555556 0.0078125 0.009722222222222222
9 0.26015625 0.47708333333333336 0.00546875 0.02013888888888889
9 0.333203125 0.4340277777777778 0.003515625 0.02013888888888889
9 0.34296875 0.4388888888888889 0.00390625 0.013888888888888888
9 0.38125 0.4486111111111111 0.0046875 0.015277777777777777
0 0.3734375 0.5611111111111111 0.0125 0.015277777777777777
0 0.4 0.5611111111111111 0.0171875 0.02361111111111111
0 0.425390625 0.5694444444444444 0.016796875 0.025
0 0.557421875 0.5791666666666667 0.022265625 0.03888888888888889
0 0.488671875 0.5840277777777778 0.062109375 0.07430555555555556
0 0.299609375 0.5993055555555555 0.072265625 0.11875
8 0.63125 0.5083333333333333 0.00703125 0.022222222222222223
8 0.617578125 0.5076388888888889 0.006640625 0.01875
8 0.628125 0.45069444444444445 0.01484375 0.013194444444444444
8 0.63828125 0.4048611111111111 0.009375 0.009027777777777777
0 0.716015625 0.5631944444444444 0.032421875 0.025694444444444443
0 0.755859375 0.5694444444444444 0.034765625 0.025
0 0.803515625 0.5673611111111111 0.012109375 0.01875
8 0.856640625 0.4826388888888889 0.007421875 0.010416666666666666
