9 0.241015625 0.4486111111111111 0.004296875 0.011111111111111112
8 0.10390625 0.2923611111111111 0.02734375 0.025694444444444443
8 0.4453125 0.4083333333333333 0.015625 0.029166666666666667
8 0.534375 0.49930555555555556 0.01015625 0.01875
8 0.6140625 0.49444444444444446 0.025 0.041666666666666664
8 0.36953125 0.45 0.00703125 0.013888888888888888
8 0.215234375 0.4840277777777778 0.011328125 0.010416666666666666
0 0.152734375 0.5166666666666667 0.008203125 0.011111111111111112
0 0.2 0.5083333333333333 0.0078125 0.009722222222222222
0 0.219921875 0.5131944444444444 0.006640625 0.009027777777777777
4 0.41015625 0.51875 0.00859375 0.017361111111111112
4 0.390234375 0.5201388888888889 0.010546875 0.01875
