0 0.41796875 0.6347222222222222 0.0046875 0.009722222222222222
0 0.411328125 0.6375 0.006640625 0.0125
0 0.490234375 0.6263888888888889 0.003515625 0.008333333333333333
0 0.494921875 0.6381944444444444 0.005078125 0.013194444444444444
0 0.50234375 0.6381944444444444 0.00703125 0.01875
0 0.519140625 0.6368055555555555 0.023046875 0.022916666666666665
0 0.458984375 0.64375 0.018359375 0.027083333333333334
0 0.3703125 0.6395833333333333 0.01015625 0.014583333333333334
0 0.280078125 0.6416666666666667 0.044140625 0.05555555555555555
0 0.236328125 0.63125 0.012890625 0.017361111111111112
0 0.22421875 0.6402777777777777 0.0171875 0.027777777777777776
0 0.21171875 0.6444444444444445 0.02890625 0.03194444444444444
0 0.1546875 0.6333333333333333 0.03203125 0.041666666666666664
0 0.096875 0.6409722222222223 0.07109375 0.04652777777777778
0 0.038671875 0.6513888888888889 0.038671875 0.04861111111111111
8 0.316796875 0.5826388888888889 0.009765625 0.01875
8 0.55546875 0.5701388888888889 0.00703125 0.013194444444444444
