0 0.039453125 0.48819444444444443 0.039453125 0.07291666666666667
0 0.967578125 0.5569444444444445 0.031640625 0.07777777777777778
0 0.283203125 0.46319444444444446 0.036328125 0.035416666666666666
0 0.387109375 0.4479166666666667 0.017578125 0.01597222222222222
0 0.634375 0.4576388888888889 0.02578125 0.024305555555555556
0 0.58671875 0.4513888888888889 0.0140625 0.0125
0 0.466015625 0.44166666666666665 0.012890625 0.015277777777777777
0 0.323828125 0.45 0.014453125 0.02638888888888889
0 0.85390625 0.48680555555555555 0.08671875 0.08402777777777778
0 0.74921875 0.48055555555555557 0.04453125 0.05277777777777778
0 0.694140625 0.4701388888888889 0.033203125 0.04236111111111111
0 0.570703125 0.4486111111111111 0.007421875 0.015277777777777777
0 0.5640625 0.4444444444444444 0.00859375 0.016666666666666666
0 0.553515625 0.4423611111111111 0.008203125 0.01597222222222222
0 0.4890625 0.44166666666666665 0.009375 0.013888888888888888
0 0.42421875 0.4444444444444444 0.00859375 0.0125
0 0.40625 0.44722222222222224 0.00859375 0.013888888888888888
0 0.44140625 0.4465277777777778 0.00546875 0.010416666666666666
9 0.5171875 0.40347222222222223 0.003125 0.009027777777777777
9 0.46015625 0.4013888888888889 0.00390625 0.006944444444444444
