0 0.199609375 0.5381944444444444 0.090234375 0.11041666666666666
0 0.73359375 0.4888888888888889 0.10859375 0.12777777777777777
4 0.373046875 0.45625 0.027734375 0.03819444444444445
4 0.528125 0.4479166666666667 0.0265625 0.03819444444444445
0 0.452734375 0.4534722222222222 0.018359375 0.02847222222222222
0 0.061328125 0.46597222222222223 0.061328125 0.08402777777777778
0 0.401171875 0.44305555555555554 0.007421875 0.011111111111111112
0 0.426171875 0.44166666666666665 0.007421875 0.0125
0 0.48046875 0.4444444444444444 0.00859375 0.011111111111111112
0 0.341015625 0.4513888888888889 0.008984375 0.015277777777777777
0 0.288671875 0.4479166666666667 0.008203125 0.007638888888888889
0 0.303125 0.44583333333333336 0.00625 0.006944444444444444
0 0.326171875 0.44583333333333336 0.005859375 0.004166666666666667
0 0.43828125 0.4326388888888889 0.00390625 0.009027777777777777
8 0.524609375 0.36736111111111114 0.006640625 0.011805555555555555
8 0.461328125 0.41041666666666665 0.013671875 0.009027777777777777
8 0.437109375 0.4111111111111111 0.005078125 0.008333333333333333
8 0.31796875 0.4354166666666667 0.0046875 0.011805555555555555
