0 0.1328125 0.5236111111111111 0.04921875 0.03194444444444444
0 0.22265625 0.5 0.0296875 0.02361111111111111
0 0.4 0.4798611111111111 0.01328125 0.010416666666666666
0 0.4484375 0.48333333333333334 0.01328125 0.013888888888888888
0 0.355078125 0.5319444444444444 0.046484375 0.06666666666666667
0 0.587109375 0.5069444444444444 0.033984375 0.04583333333333333
0 0.528515625 0.5006944444444444 0.037109375 0.034027777777777775
0 0.50078125 0.5875 0.07578125 0.10694444444444444
8 0.41015625 0.4354166666666667 0.0078125 0.013194444444444444
8 0.444140625 0.4534722222222222 0.005078125 0.010416666666666666
