0 0.092578125 0.6069444444444444 0.092578125 0.14583333333333334
0 0.9234375 0.5923611111111111 0.075 0.10625
1 0.86875 0.5201388888888889 0.059375 0.04236111111111111
2 0.8890625 0.5270833333333333 0.0078125 0.035416666666666666
2 0.7640625 0.5229166666666667 0.00859375 0.04375
2 0.74921875 0.48680555555555555 0.00546875 0.04791666666666667
2 0.73671875 0.5069444444444444 0.00546875 0.030555555555555555
2 0.7 0.4951388888888889 0.00625 0.034027777777777775
2 0.62734375 0.4791666666666667 0.00546875 0.013888888888888888
2 0.796875 0.5215277777777778 0.01015625 0.052083333333333336
8 0.216015625 0.3347222222222222 0.020703125 0.009722222222222222
8 0.25546875 0.33402777777777776 0.00859375 0.01597222222222222
8 0.317578125 0.4083333333333333 0.007421875 0.005555555555555556
8 0.481640625 0.3923611111111111 0.017578125 0.010416666666666666
8 0.57109375 0.3458333333333333 0.00859375 0.013888888888888888
8 0.61171875 0.37083333333333335 0.0078125 0.004166666666666667
8 0.589453125 0.3701388888888889 0.010546875 0.01875
9 0.278125 0.3368055555555556 0.00703125 0.021527777777777778
9 0.3328125 0.40694444444444444 0.0046875 0.011111111111111112
9 0.05625 0.3902777777777778 0.00390625 0.004166666666666667
9 0.544140625 0.34444444444444444 0.008203125 0.019444444444444445
9 0.46640625 0.42777777777777776 0.00390625 0.005555555555555556
9 0.608203125 0.43819444444444444 0.002734375 0.007638888888888889
9 0.14296875 0.41388888888888886 0.00234375 0.008333333333333333
8 0.746875 0.24583333333333332 0.01171875 0.0375
9 0.73125 0.27847222222222223 0.00390625 0.009027777777777777
0 0.357421875 0.46597222222222223 0.006640625 0.010416666666666666
0 0.310546875 0.46805555555555556 0.005078125 0.013888888888888888
0 0.289453125 0.4791666666666667 0.015234375 0.022222222222222223
0 0.4140625 0.4638888888888889 0.00390625 0.0125
0 0.426171875 0.47291666666666665 0.012109375 0.022916666666666665
0 0.467578125 0.4673611111111111 0.006640625 0.014583333333333334
0 0.486328125 0.4736111111111111 0.016015625 0.029166666666666667
0 0.533984375 0.5458333333333333 0.061328125 0.09166666666666666
0 0.24765625 0.48125 0.02265625 0.03125
0 0.3328125 0.4638888888888889 0.015625 0.013888888888888888
0 0.387109375 0.4791666666666667 0.026953125 0.03333333333333333
0 0.4421875 0.48333333333333334 0.01953125 0.029166666666666667
