8 0.027734375 0.2763888888888889 0.015234375 0.043055555555555555
8 0.023828125 0.17083333333333334 0.023046875 0.013888888888888888
8 0.019140625 0.20277777777777778 0.015234375 0.018055555555555554
8 0.026171875 0.3763888888888889 0.011328125 0.015277777777777777
8 0.1546875 0.3923611111111111 0.00859375 0.009027777777777777
8 0.156640625 0.4201388888888889 0.010546875 0.022916666666666665
8 0.30078125 0.3215277777777778 0.0078125 0.02013888888888889
8 0.29921875 0.35625 0.0109375 0.010416666666666666
8 0.7765625 0.3472222222222222 0.0140625 0.011111111111111112
8 0.666796875 0.41875 0.004296875 0.011805555555555555
9 0.005859375 0.29305555555555557 0.005078125 0.03888888888888889
9 0.577734375 0.2833333333333333 0.003515625 0.019444444444444445
9 0.621875 0.24513888888888888 0.00625 0.025694444444444443
9 0.604296875 0.24513888888888888 0.006640625 0.021527777777777778
2 0.355859375 0.5326388888888889 0.015234375 0.07708333333333334
4 0.5125 0.4701388888888889 0.0203125 0.03958333333333333
0 0.502734375 0.5048611111111111 0.005859375 0.01875
4 0.46640625 0.47708333333333336 0.03203125 0.04791666666666667
2 0.450390625 0.49930555555555556 0.008984375 0.04236111111111111
2 0.7484375 0.49583333333333335 0.00859375 0.03888888888888889
2 0.76015625 0.4965277777777778 0.009375 0.04097222222222222
2 0.785546875 0.5020833333333333 0.007421875 0.03680555555555556
0 0.560546875 0.4930555555555556 0.023828125 0.0375
0 0.62265625 0.5840277777777778 0.1078125 0.16875
2 0.408984375 0.5083333333333333 0.006640625 0.0375
0 0.11484375 0.6333333333333333 0.11328125 0.16111111111111112
2 0.108203125 0.5 0.008984375 0.02638888888888889
0 0.8671875 0.5986111111111111 0.13125 0.15416666666666667
