0 0.554296875 0.7534722222222222 0.019140625 0.024305555555555556
0 0.54296875 0.7833333333333333 0.03046875 0.043055555555555555
0 0.4609375 0.7652777777777777 0.03203125 0.05
0 0.317578125 0.6625 0.005859375 0.009722222222222222
0 0.33984375 0.6694444444444444 0.00703125 0.0125
0 0.362890625 0.68125 0.008203125 0.011805555555555555
0 0.40546875 0.7111111111111111 0.0109375 0.019444444444444445
0 0.38515625 0.7180555555555556 0.01484375 0.03194444444444444
0 0.36875 0.725 0.01640625 0.03194444444444444
0 0.298046875 0.7 0.013671875 0.020833333333333332
0 0.322265625 0.7270833333333333 0.032421875 0.04375
0 0.241015625 0.7368055555555556 0.055078125 0.06180555555555556
0 0.15 0.7166666666666667 0.06015625 0.059722222222222225
0 0.544140625 0.7055555555555556 0.016796875 0.009722222222222222
8 0.530859375 0.5881944444444445 0.045703125 0.04513888888888889
8 0.44453125 0.6631944444444444 0.00625 0.013194444444444444
8 0.56953125 0.6972222222222222 0.0125 0.011111111111111112
8 0.632421875 0.7180555555555556 0.017578125 0.006944444444444444
9 0.203125 0.21666666666666667 0.01640625 0.06111111111111111
9 0.496484375 0.36944444444444446 0.012890625 0.05138888888888889
9 0.64296875 0.4375 0.0109375 0.04583333333333333
9 0.467578125 0.36944444444444446 0.012890625 0.05138888888888889
9 0.174609375 0.22777777777777777 0.012109375 0.06111111111111111
0 0.30234375 0.6513888888888889 0.009375 0.013888888888888888
