0 0.0703125 0.6402777777777777 0.0703125 0.1625
2 0.08046875 0.4909722222222222 0.0109375 0.03680555555555556
2 0.097265625 0.4965277777777778 0.010546875 0.027083333333333334
2 0.11875 0.49027777777777776 0.009375 0.029166666666666667
2 0.1328125 0.5097222222222222 0.009375 0.034722222222222224
2 0.162890625 0.49930555555555556 0.008203125 0.01597222222222222
2 0.15625 0.5486111111111112 0.01171875 0.041666666666666664
0 0.22578125 0.5784722222222223 0.0765625 0.10347222222222222
4 0.325 0.5166666666666667 0.07421875 0.08611111111111111
0 0.50234375 0.5763888888888888 0.03828125 0.07361111111111111
4 0.56015625 0.5680555555555555 0.02421875 0.04861111111111111
0 0.959765625 0.6597222222222222 0.038671875 0.16111111111111112
0 0.76875 0.6527777777777778 0.19140625 0.19166666666666668
0 0.412890625 0.6736111111111112 0.126953125 0.175
8 0.83515625 0.39652777777777776 0.00859375 0.00625
8 0.840234375 0.4152777777777778 0.012890625 0.008333333333333333
8 0.8375 0.4354166666666667 0.0125 0.009027777777777777
8 0.6046875 0.4673611111111111 0.00859375 0.014583333333333334
8 0.62421875 0.4479166666666667 0.00703125 0.013194444444444444
8 0.187109375 0.3423611111111111 0.018359375 0.027083333333333334
9 0.53203125 0.44027777777777777 0.00546875 0.016666666666666666
9 0.368359375 0.3958333333333333 0.002734375 0.015277777777777777
9 0.230078125 0.33194444444444443 0.005859375 0.020833333333333332
9 0.373046875 0.39652777777777776 0.004296875 0.01875
2 0.563671875 0.5895833333333333 0.005078125 0.027083333333333334
2 0.571484375 0.5923611111111111 0.003515625 0.022916666666666665
2 0.57734375 0.5777777777777777 0.0046875 0.029166666666666667
9 0.161328125 0.43125 0.013671875 0.01597222222222222
8 0.249609375 0.4236111111111111 0.011328125 0.004166666666666667
8 0.257421875 0.4388888888888889 0.009765625 0.008333333333333333
