8 0.53203125 0.11180555555555556 0.01640625 0.013194444444444444
8 0.511328125 0.14583333333333334 0.038671875 0.03194444444444444
0 0.330859375 0.23472222222222222 0.007421875 0.008333333333333333
0 0.3453125 0.23819444444444443 0.0046875 0.010416666666666666
0 0.352734375 0.24583333333333332 0.005078125 0.009722222222222222
0 0.359375 0.2569444444444444 0.00703125 0.011111111111111112
0 0.36328125 0.2659722222222222 0.00546875 0.011805555555555555
0 0.61875 0.33125 0.0359375 0.035416666666666666
0 0.57265625 0.32708333333333334 0.01328125 0.04375
0 0.44921875 0.28194444444444444 0.00703125 0.013888888888888888
4 0.407421875 0.24444444444444444 0.041015625 0.08611111111111111
0 0.501171875 0.32222222222222224 0.060546875 0.08888888888888889
0 0.30703125 0.3347222222222222 0.06484375 0.09583333333333334
0 0.24609375 0.2701388888888889 0.0109375 0.01875
0 0.255859375 0.24722222222222223 0.007421875 0.0125
0 0.26640625 0.23680555555555555 0.00390625 0.009027777777777777
0 0.2796875 0.22847222222222222 0.00859375 0.014583333333333334
0 0.258984375 0.225 0.006640625 0.008333333333333333
0 0.244921875 0.2298611111111111 0.008203125 0.011805555555555555
0 0.228515625 0.23541666666666666 0.005859375 0.013194444444444444
0 0.215234375 0.25 0.016015625 0.02638888888888889
0 0.183984375 0.23541666666666666 0.010546875 0.013194444444444444
0 0.15703125 0.2520833333333333 0.03515625 0.024305555555555556
0 0.122265625 0.2465277777777778 0.012109375 0.014583333333333334
0 0.106640625 0.24027777777777778 0.016015625 0.025
4 0.142578125 0.20694444444444443 0.048046875 0.027777777777777776
0 0.05625 0.2326388888888889 0.05625 0.03958333333333333
0 0.015625 0.22430555555555556 0.015625 0.009027777777777777
