9 0.23046875 0.3840277777777778 0.00625 0.014583333333333334
9 0.15078125 0.4340277777777778 0.00703125 0.010416666666666666
9 0.473046875 0.2659722222222222 0.006640625 0.027083333333333334
9 0.587890625 0.35 0.006640625 0.0125
9 0.590234375 0.3923611111111111 0.006640625 0.013194444444444444
9 0.08515625 0.29583333333333334 0.00859375 0.029166666666666667
9 0.155859375 0.10277777777777777 0.011328125 0.044444444444444446
8 0.76171875 0.12430555555555556 0.02109375 0.05625
2 0.733203125 0.475 0.011328125 0.06805555555555555
0 0.50625 0.41180555555555554 0.0078125 0.011805555555555555
0 0.512109375 0.41805555555555557 0.009765625 0.011111111111111112
0 0.52109375 0.41805555555555557 0.0125 0.011111111111111112
0 0.6359375 0.49444444444444446 0.0390625 0.05555555555555555
0 0.401171875 0.4215277777777778 0.009765625 0.014583333333333334
0 0.42109375 0.4326388888888889 0.0125 0.02013888888888889
0 0.338671875 0.475 0.076171875 0.059722222222222225
0 0.534765625 0.5881944444444445 0.116015625 0.15486111111111112
0 0.44765625 0.4666666666666667 0.0296875 0.044444444444444446
0 0.04453125 0.5743055555555555 0.04453125 0.10347222222222222
2 0.962890625 0.4625 0.021484375 0.09305555555555556
8 0.50703125 0.27708333333333335 0.0171875 0.010416666666666666
0 0.63828125 0.43333333333333335 0.0375 0.029166666666666667
