8 0.19921875 0.42986111111111114 0.00703125 0.027083333333333334
2 0.308984375 0.5201388888888889 0.005078125 0.034027777777777775
2 0.29765625 0.5229166666666667 0.00859375 0.03819444444444445
4 0.39375 0.4986111111111111 0.00625 0.04722222222222222
4 0.43203125 0.4840277777777778 0.0328125 0.07013888888888889
0 0.442578125 0.5388888888888889 0.030078125 0.04027777777777778
0 0.57109375 0.5270833333333333 0.10859375 0.1326388888888889
0 0.28046875 0.5319444444444444 0.02109375 0.03888888888888889
0 0.23828125 0.5395833333333333 0.040625 0.04791666666666667
0 0.219140625 0.5701388888888889 0.030078125 0.06319444444444444
0 0.103125 0.5597222222222222 0.103125 0.1361111111111111
0 0.76484375 0.6368055555555555 0.1890625 0.18125
7 0.101171875 0.5881944444444445 0.058203125 0.1840277777777778
3 0.10703125 0.6923611111111111 0.05859375 0.1451388888888889
4 0.355078125 0.5055555555555555 0.020703125 0.05
0 0.012890625 0.6708333333333333 0.012890625 0.14305555555555555
