0 0.317578125 0.5083333333333333 0.006640625 0.006944444444444444
0 0.323046875 0.525 0.006640625 0.009722222222222222
0 0.405859375 0.5152777777777777 0.010546875 0.02361111111111111
0 0.27578125 0.5215277777777778 0.00859375 0.02013888888888889
0 0.140625 0.5479166666666667 0.02109375 0.03263888888888889
0 0.296875 0.5256944444444445 0.01640625 0.024305555555555556
0 0.3625 0.5416666666666666 0.034375 0.05138888888888889
0 0.21328125 0.5465277777777777 0.04453125 0.06458333333333334
0 0.431640625 0.5208333333333334 0.021484375 0.03611111111111111
1 0.0625 0.49444444444444446 0.0625 0.20833333333333334
8 0.478125 0.4597222222222222 0.00859375 0.016666666666666666
0 0.865625 0.48055555555555557 0.0140625 0.011111111111111112
