9 0.58515625 0.3423611111111111 0.00390625 0.01875
9 0.40390625 0.3527777777777778 0.0046875 0.015277777777777777
9 0.355078125 0.35138888888888886 0.004296875 0.016666666666666666
9 0.243359375 0.3770833333333333 0.006640625 0.022916666666666665
9 0.3015625 0.2388888888888889 0.0078125 0.027777777777777776
9 0.63203125 0.36736111111111114 0.003125 0.011805555555555555
9 0.6390625 0.36666666666666664 0.00390625 0.015277777777777777
8 0.378515625 0.36041666666666666 0.010546875 0.009027777777777777
8 0.261328125 0.3840277777777778 0.005859375 0.01597222222222222
8 0.586328125 0.38333333333333336 0.006640625 0.015277777777777777
2 0.258203125 0.49444444444444446 0.008203125 0.034722222222222224
2 0.874609375 0.43819444444444444 0.038671875 0.23958333333333334
2 0.79140625 0.46944444444444444 0.05078125 0.17222222222222222
2 0.7328125 0.4638888888888889 0.03984375 0.14305555555555555
2 0.9390625 0.4076388888888889 0.00703125 0.02847222222222222
2 0.900390625 0.41458333333333336 0.010546875 0.035416666666666666
2 0.68671875 0.4305555555555556 0.0078125 0.02361111111111111
2 0.676171875 0.44166666666666665 0.008203125 0.02638888888888889
2 0.66484375 0.4395833333333333 0.0046875 0.024305555555555556
2 0.5984375 0.4597222222222222 0.00546875 0.015277777777777777
0 0.290625 0.4826388888888889 0.01640625 0.01875
0 0.3328125 0.47291666666666665 0.00859375 0.011805555555555555
0 0.346484375 0.4708333333333333 0.008984375 0.013888888888888888
0 0.41171875 0.4701388888888889 0.0140625 0.017361111111111112
1 0.3953125 0.46041666666666664 0.009375 0.017361111111111112
1 0.419921875 0.44166666666666665 0.015234375 0.022222222222222223
0 0.364453125 0.4756944444444444 0.015234375 0.01597222222222222
0 0.503515625 0.5048611111111111 0.091015625 0.14375
1 0.072265625 0.45555555555555555 0.072265625 0.2361111111111111
