8 0.659375 0.1840277777777778 0.025 0.01597222222222222
8 0.682421875 0.2375 0.015234375 0.006944444444444444
8 0.7609375 0.30069444444444443 0.00625 0.03125
8 0.753515625 0.13472222222222222 0.010546875 0.022222222222222223
9 0.78203125 0.3090277777777778 0.00703125 0.01875
9 0.6703125 0.27361111111111114 0.00625 0.027777777777777776
9 0.7859375 0.22847222222222222 0.01171875 0.03958333333333333
9 0.748828125 0.2388888888888889 0.011328125 0.03611111111111111
8 0.634375 0.3625 0.0046875 0.013888888888888888
9 0.06875 0.40347222222222223 0.00625 0.021527777777777778
2 0.01015625 0.525 0.00703125 0.041666666666666664
2 0.3484375 0.44722222222222224 0.0078125 0.02638888888888889
2 0.36484375 0.47291666666666665 0.009375 0.04652777777777778
2 0.55078125 0.45069444444444445 0.015625 0.06180555555555556
2 0.618359375 0.45208333333333334 0.007421875 0.04097222222222222
2 0.648046875 0.43194444444444446 0.005859375 0.030555555555555555
2 0.758984375 0.4083333333333333 0.005859375 0.030555555555555555
0 0.508203125 0.44375 0.015234375 0.01875
0 0.455078125 0.4576388888888889 0.009765625 0.013194444444444444
0 0.3171875 0.45694444444444443 0.0234375 0.011111111111111112
0 0.42109375 0.46805555555555556 0.0140625 0.013888888888888888
0 0.2015625 0.5159722222222223 0.17265625 0.09791666666666667
