0 0.15234375 0.5236111111111111 0.15234375 0.24861111111111112
0 0.27890625 0.38819444444444445 0.040625 0.04236111111111111
0 0.397265625 0.41875 0.039453125 0.050694444444444445
0 0.4484375 0.4083333333333333 0.0140625 0.034722222222222224
0 0.468359375 0.3972222222222222 0.009765625 0.02638888888888889
0 0.483203125 0.3909722222222222 0.006640625 0.013194444444444444
0 0.55390625 0.38819444444444445 0.009375 0.01875
0 0.575390625 0.3909722222222222 0.012109375 0.025694444444444443
0 0.605859375 0.4041666666666667 0.035546875 0.041666666666666664
0 0.671875 0.4375 0.0484375 0.06111111111111111
0 0.9265625 0.5701388888888889 0.071875 0.1798611111111111
0 0.5359375 0.3798611111111111 0.009375 0.011805555555555555
8 0.348828125 0.2701388888888889 0.008984375 0.011805555555555555
0 0.513671875 0.36944444444444446 0.008984375 0.008333333333333333
0 0.492578125 0.3798611111111111 0.005078125 0.010416666666666666
9 0.492578125 0.30972222222222223 0.005078125 0.0125
9 0.551171875 0.3194444444444444 0.002734375 0.006944444444444444
