0 0.2921875 0.33958333333333335 0.00546875 0.007638888888888889
0 0.28203125 0.34375 0.0046875 0.011805555555555555
0 0.27421875 0.34375 0.0078125 0.011805555555555555
0 0.263671875 0.34652777777777777 0.008984375 0.013194444444444444
0 0.24453125 0.35208333333333336 0.01484375 0.02013888888888889
0 0.207421875 0.3576388888888889 0.026953125 0.029861111111111113
0 0.340625 0.33958333333333335 0.00546875 0.007638888888888889
0 0.3546875 0.34097222222222223 0.00546875 0.007638888888888889
0 0.365625 0.34444444444444444 0.00625 0.011111111111111112
0 0.376953125 0.33819444444444446 0.005859375 0.009027777777777777
0 0.426953125 0.3423611111111111 0.010546875 0.014583333333333334
0 0.40078125 0.34930555555555554 0.015625 0.025694444444444443
8 0.1203125 0.29375 0.0140625 0.025694444444444443
4 0.49296875 0.33541666666666664 0.034375 0.034027777777777775
0 0.848046875 0.34791666666666665 0.049609375 0.04513888888888889
0 0.87734375 0.5375 0.12265625 0.28194444444444444
