0 0.308984375 0.5819444444444445 0.010546875 0.009722222222222222
0 0.290234375 0.5833333333333334 0.008984375 0.009722222222222222
0 0.267578125 0.5868055555555556 0.010546875 0.010416666666666666
0 0.25390625 0.5944444444444444 0.009375 0.013888888888888888
0 0.239453125 0.5972222222222222 0.010546875 0.013888888888888888
0 0.2140625 0.6020833333333333 0.015625 0.014583333333333334
0 0.18828125 0.6041666666666666 0.01640625 0.020833333333333332
0 0.1671875 0.6166666666666667 0.0203125 0.025
0 0.13359375 0.625 0.0171875 0.027777777777777776
0 0.101171875 0.6347222222222222 0.030078125 0.03611111111111111
0 0.39296875 0.5895833333333333 0.00546875 0.009027777777777777
0 0.406640625 0.5895833333333333 0.009765625 0.01597222222222222
0 0.4234375 0.5888888888888889 0.00859375 0.020833333333333332
0 0.4375 0.5986111111111111 0.01328125 0.02638888888888889
0 0.45625 0.6173611111111111 0.01484375 0.03125
0 0.486328125 0.6284722222222222 0.018359375 0.03958333333333333
0 0.3453125 0.5854166666666667 0.00625 0.009027777777777777
0 0.36328125 0.5833333333333334 0.0078125 0.011111111111111112
0 0.537109375 0.65 0.044921875 0.05555555555555555
9 0.382421875 0.5701388888888889 0.004296875 0.00625
