0 0.897265625 0.6638888888888889 0.011328125 0.0125
0 0.710546875 0.6673611111111111 0.013671875 0.013194444444444444
0 0.5890625 0.6631944444444444 0.01015625 0.011805555555555555
0 0.490625 0.6645833333333333 0.02109375 0.029861111111111113
0 0.425390625 0.6666666666666666 0.064453125 0.04861111111111111
8 0.953125 0.5895833333333333 0.02109375 0.01597222222222222
8 0.956640625 0.6152777777777778 0.020703125 0.013888888888888888
8 0.91953125 0.5625 0.00625 0.013888888888888888
8 0.96015625 0.5736111111111111 0.0046875 0.013888888888888888
9 0.805078125 0.6118055555555556 0.003515625 0.007638888888888889
