0 0.4046875 0.5034722222222222 0.00234375 0.007638888888888889
0 0.42421875 0.525 0.01484375 0.029166666666666667
0 0.337890625 0.5270833333333333 0.016796875 0.027083333333333334
0 0.289453125 0.5340277777777778 0.042578125 0.05347222222222222
0 0.17734375 0.5763888888888888 0.09140625 0.12083333333333333
0 0.04296875 0.5423611111111111 0.0421875 0.04236111111111111
0 0.386328125 0.5291666666666667 0.021484375 0.03611111111111111
4 0.35234375 0.5006944444444444 0.0203125 0.04236111111111111
2 0.48359375 0.5361111111111111 0.00546875 0.04027777777777778
2 0.4671875 0.5222222222222223 0.00390625 0.022222222222222223
2 0.5546875 0.5090277777777777 0.0046875 0.025694444444444443
2 0.6078125 0.5354166666666667 0.00625 0.04513888888888889
2 0.69296875 0.5277777777777778 0.009375 0.05555555555555555
2 0.723828125 0.5381944444444444 0.011328125 0.06736111111111111
2 0.105078125 0.5229166666666667 0.006640625 0.025694444444444443
8 0.626171875 0.3416666666666667 0.012890625 0.03333333333333333
8 0.006640625 0.41458333333333336 0.006640625 0.03125
9 0.313671875 0.4423611111111111 0.001953125 0.009027777777777777
9 0.452734375 0.4583333333333333 0.002734375 0.008333333333333333
8 0.264453125 0.4486111111111111 0.004296875 0.008333333333333333
8 0.515625 0.4479166666666667 0.00390625 0.009027777777777777
8 0.48515625 0.45069444444444445 0.0078125 0.00625
9 0.458984375 0.49166666666666664 0.002734375 0.008333333333333333
9 0.2078125 0.4340277777777778 0.0046875 0.010416666666666666
9 0.31875 0.4375 0.0015625 0.011111111111111112
9 0.31015625 0.44305555555555554 0.0015625 0.011111111111111112
2 0.620703125 0.5298611111111111 0.006640625 0.04375
2 0.542578125 0.5131944444444444 0.005859375 0.01597222222222222
2 0.533984375 0.5131944444444444 0.004296875 0.017361111111111112
4 0.225 0.49027777777777776 0.02109375 0.030555555555555555
