9 0.519921875 0.4756944444444444 0.004296875 0.011805555555555555
9 0.4875 0.48125 0.00546875 0.010416666666666666
2 0.11640625 0.5618055555555556 0.01015625 0.04236111111111111
2 0.08828125 0.5652777777777778 0.01328125 0.04583333333333333
0 0.162890625 0.5694444444444444 0.026953125 0.04027777777777778
0 0.34453125 0.5479166666666667 0.00625 0.011805555555555555
0 0.3328125 0.5673611111111111 0.01640625 0.025694444444444443
0 0.29453125 0.5715277777777777 0.03359375 0.035416666666666666
0 0.3765625 0.5506944444444445 0.02890625 0.04236111111111111
0 0.4109375 0.5409722222222222 0.0078125 0.025694444444444443
0 0.4328125 0.5472222222222223 0.00859375 0.018055555555555554
0 0.48046875 0.5347222222222222 0.00703125 0.015277777777777777
0 0.515234375 0.5319444444444444 0.010546875 0.020833333333333332
0 0.550390625 0.5291666666666667 0.011328125 0.020833333333333332
0 0.574609375 0.5340277777777778 0.023828125 0.03263888888888889
0 0.64921875 0.5236111111111111 0.0203125 0.03611111111111111
0 0.650390625 0.5451388888888888 0.012890625 0.027083333333333334
0 0.693359375 0.5402777777777777 0.037109375 0.04583333333333333
0 0.731640625 0.5576388888888889 0.043359375 0.04652777777777778
0 0.82890625 0.5701388888888889 0.084375 0.10208333333333333
0 0.8625 0.6138888888888889 0.05078125 0.11527777777777778
0 0.199609375 0.5854166666666667 0.055859375 0.06597222222222222
0 0.46015625 0.5423611111111111 0.0171875 0.024305555555555556
0 0.503515625 0.5430555555555555 0.019921875 0.030555555555555555
