0 0.19921875 0.44930555555555557 0.025 0.024305555555555556
0 0.422265625 0.4534722222222222 0.019140625 0.025694444444444443
0 0.2390625 0.44583333333333336 0.0171875 0.018055555555555554
0 0.25234375 0.4340277777777778 0.015625 0.01875
0 0.272265625 0.4361111111111111 0.009765625 0.018055555555555554
0 0.28515625 0.43125 0.00625 0.013194444444444444
0 0.3 0.4361111111111111 0.0046875 0.011111111111111112
0 0.40078125 0.4409722222222222 0.00703125 0.013194444444444444
0 0.38359375 0.44027777777777777 0.01015625 0.016666666666666666
0 0.308984375 0.43194444444444446 0.004296875 0.011111111111111112
0 0.31875 0.4305555555555556 0.00546875 0.006944444444444444
0 0.328125 0.4340277777777778 0.00546875 0.009027777777777777
0 0.33984375 0.43194444444444446 0.0046875 0.009722222222222222
0 0.35 0.43472222222222223 0.00546875 0.006944444444444444
7 0.368359375 0.4361111111111111 0.003515625 0.013888888888888888
3 0.36796875 0.44583333333333336 0.00546875 0.008333333333333333
8 0.62109375 0.23541666666666666 0.0171875 0.024305555555555556
8 0.955078125 0.30277777777777776 0.024609375 0.06388888888888888
9 0.65234375 0.34930555555555554 0.01171875 0.022916666666666665
8 0.475 0.34375 0.00859375 0.01597222222222222
