8 0.3296875 0.3527777777777778 0.0109375 0.019444444444444445
8 0.408984375 0.37430555555555556 0.005859375 0.013194444444444444
8 0.4109375 0.4 0.00390625 0.006944444444444444
8 0.658203125 0.33819444444444446 0.012890625 0.021527777777777778
8 0.5078125 0.3854166666666667 0.0078125 0.004861111111111111
1 0.11015625 0.4236111111111111 0.07890625 0.05694444444444444
0 0.46875 0.46597222222222223 0.02734375 0.04097222222222222
1 0.559765625 0.4444444444444444 0.035546875 0.059722222222222225
0 0.667578125 0.4777777777777778 0.023828125 0.03611111111111111
4 0.830078125 0.39791666666666664 0.154296875 0.1798611111111111
0 0.932421875 0.5319444444444444 0.066796875 0.10138888888888889
