9 0.41875 0.30069444444444443 0.00546875 0.007638888888888889
9 0.334765625 0.2743055555555556 0.006640625 0.010416666666666666
9 0.284765625 0.29375 0.006640625 0.007638888888888889
9 0.34296875 0.3215277777777778 0.00390625 0.00625
8 0.273046875 0.2659722222222222 0.005859375 0.011805555555555555
8 0.320703125 0.27361111111111114 0.008984375 0.005555555555555556
8 0.416796875 0.3145833333333333 0.007421875 0.004861111111111111
8 0.20703125 0.2152777777777778 0.0078125 0.015277777777777777
8 0.201953125 0.25 0.006640625 0.008333333333333333
8 0.2015625 0.26666666666666666 0.00546875 0.008333333333333333
8 0.201953125 0.2826388888888889 0.005078125 0.007638888888888889
0 0.33046875 0.3277777777777778 0.00546875 0.009722222222222222
0 0.318359375 0.32708333333333334 0.007421875 0.017361111111111112
0 0.2765625 0.3347222222222222 0.01640625 0.019444444444444445
0 0.38125 0.32569444444444445 0.00859375 0.011805555555555555
0 0.3984375 0.33611111111111114 0.01171875 0.015277777777777777
0 0.412890625 0.35138888888888886 0.017578125 0.027777777777777776
0 0.4421875 0.3729166666666667 0.03125 0.049305555555555554
0 0.5234375 0.36319444444444443 0.0328125 0.03125
0 0.093359375 0.5638888888888889 0.093359375 0.1486111111111111
0 0.304296875 0.33402777777777776 0.014453125 0.02013888888888889
0 0.3546875 0.3333333333333333 0.015625 0.019444444444444445
0 0.356640625 0.41388888888888886 0.041796875 0.05416666666666667
0 0.2359375 0.3423611111111111 0.02265625 0.029861111111111113
0 0.1828125 0.3659722222222222 0.0359375 0.03680555555555556
0 0.51796875 0.4479166666666667 0.05703125 0.07291666666666667
