0 0.9546875 0.4423611111111111 0.04375 0.04375
0 0.482421875 0.4097222222222222 0.014453125 0.013888888888888888
0 0.365234375 0.4027777777777778 0.007421875 0.008333333333333333
0 0.18828125 0.3909722222222222 0.0046875 0.007638888888888889
0 0.214453125 0.39305555555555555 0.005078125 0.006944444444444444
0 0.28984375 0.4013888888888889 0.0046875 0.006944444444444444
0 0.3015625 0.4027777777777778 0.00703125 0.004166666666666667
0 0.221484375 0.3958333333333333 0.004296875 0.008333333333333333
0 0.23125 0.39861111111111114 0.00703125 0.008333333333333333
0 0.335546875 0.41041666666666665 0.012890625 0.017361111111111112
0 0.27421875 0.4083333333333333 0.00703125 0.009722222222222222
0 0.41484375 0.4048611111111111 0.01875 0.010416666666666666
8 0.36171875 0.35 0.01953125 0.019444444444444445
8 0.4296875 0.3861111111111111 0.003125 0.008333333333333333
8 0.32109375 0.38055555555555554 0.009375 0.0125
8 0.320703125 0.34444444444444444 0.020703125 0.020833333333333332
8 0.300390625 0.3763888888888889 0.010546875 0.0125
8 0.260546875 0.3458333333333333 0.022265625 0.022222222222222223
