2 0.674609375 0.6125 0.019921875 0.10416666666666667
2 0.622265625 0.6013888888888889 0.014453125 0.08888888888888889
2 0.879296875 0.6423611111111112 0.030078125 0.16319444444444445
2 0.92890625 0.6465277777777778 0.02578125 0.15208333333333332
2 0.836328125 0.5930555555555556 0.028515625 0.10972222222222222
7 0.026953125 0.6236111111111111 0.026171875 0.11388888888888889
3 0.027734375 0.6638888888888889 0.020703125 0.08194444444444444
9 0.030859375 0.19305555555555556 0.010546875 0.04861111111111111
9 0.578125 0.04375 0.01171875 0.04375
9 0.598046875 0.04583333333333333 0.006640625 0.044444444444444446
9 0.54296875 0.04583333333333333 0.01171875 0.044444444444444446
9 0.0546875 0.20555555555555555 0.01171875 0.04722222222222222
9 0.009765625 0.19444444444444445 0.008984375 0.03888888888888889
9 0.61015625 0.4888888888888889 0.01171875 0.018055555555555554
8 0.594140625 0.28402777777777777 0.012109375 0.029861111111111113
8 0.59375 0.38819444444444445 0.0125 0.025694444444444443
8 0.59375 0.4486111111111111 0.0171875 0.03333333333333333
0 0.221484375 0.6215277777777778 0.058984375 0.06597222222222222
0 0.29609375 0.6097222222222223 0.01484375 0.03611111111111111
8 0.14453125 0.43125 0.0078125 0.011805555555555555
8 0.1453125 0.4625 0.0140625 0.015277777777777777
0 0.773828125 0.6138888888888889 0.062890625 0.058333333333333334
0 0.975 0.6173611111111111 0.02421875 0.05486111111111111
0 0.3328125 0.5854166666666667 0.00859375 0.009027777777777777
2 0.137109375 0.6229166666666667 0.008203125 0.04236111111111111
