0 0.465625 0.5270833333333333 0.0109375 0.017361111111111112
0 0.501953125 0.5243055555555556 0.011328125 0.017361111111111112
0 0.606640625 0.5236111111111111 0.018359375 0.02361111111111111
9 0.580078125 0.53125 0.015234375 0.010416666666666666
0 0.5375 0.525 0.00859375 0.009722222222222222
0 0.51484375 0.525 0.00546875 0.016666666666666666
0 0.69453125 0.5381944444444444 0.0421875 0.04652777777777778
0 0.901171875 0.5701388888888889 0.096484375 0.09236111111111112
8 0.435546875 0.4840277777777778 0.004296875 0.007638888888888889
8 0.323828125 0.4354166666666667 0.009765625 0.00625
8 0.442578125 0.42083333333333334 0.005859375 0.013888888888888888
8 0.53984375 0.4513888888888889 0.00625 0.005555555555555556
9 0.59296875 0.45694444444444443 0.00390625 0.0125
9 0.56875 0.47638888888888886 0.003125 0.011111111111111112
9 0.501171875 0.43333333333333335 0.005078125 0.011111111111111112
0 0.294140625 0.5243055555555556 0.013671875 0.009027777777777777
0 0.259765625 0.5270833333333333 0.017578125 0.010416666666666666
0 0.220703125 0.5284722222222222 0.023046875 0.01875
0 0.1359375 0.5451388888888888 0.034375 0.025694444444444443
0 0.0625 0.5680555555555555 0.025 0.020833333333333332
0 0.016796875 0.5833333333333334 0.016796875 0.022222222222222223
