8 0.6 0.4652777777777778 0.0140625 0.025
8 0.65859375 0.46041666666666664 0.009375 0.009027777777777777
8 0.684765625 0.4534722222222222 0.006640625 0.014583333333333334
8 0.206640625 0.42916666666666664 0.005859375 0.009722222222222222
0 0.87421875 0.5444444444444444 0.0125 0.013888888888888888
0 0.8296875 0.5604166666666667 0.0390625 0.03680555555555556
0 0.675 0.48541666666666666 0.00625 0.00625
0 0.6671875 0.4888888888888889 0.00625 0.005555555555555556
0 0.65859375 0.4909722222222222 0.0046875 0.00625
0 0.646875 0.49444444444444446 0.00546875 0.008333333333333333
0 0.626171875 0.5006944444444444 0.005859375 0.009027777777777777
0 0.621875 0.5034722222222222 0.00390625 0.009027777777777777
0 0.6140625 0.5034722222222222 0.00703125 0.009027777777777777
0 0.603515625 0.5048611111111111 0.008203125 0.013194444444444444
0 0.55859375 0.49722222222222223 0.009375 0.013888888888888888
0 0.5515625 0.5166666666666667 0.0125 0.02361111111111111
0 0.500390625 0.4930555555555556 0.006640625 0.006944444444444444
0 0.47265625 0.4951388888888889 0.00546875 0.007638888888888889
0 0.50546875 0.5104166666666666 0.00859375 0.017361111111111112
0 0.576171875 0.5083333333333333 0.009765625 0.015277777777777777
0 0.4 0.4965277777777778 0.00703125 0.009027777777777777
0 0.46484375 0.5201388888888889 0.01796875 0.021527777777777778
0 0.363671875 0.5111111111111111 0.032421875 0.041666666666666664
0 0.526953125 0.5291666666666667 0.026953125 0.043055555555555555
0 0.43203125 0.49444444444444446 0.00859375 0.011111111111111112
