0 0.415625 0.5354166666666667 0.01171875 0.025694444444444443
0 0.38515625 0.5458333333333333 0.01875 0.025
0 0.298046875 0.575 0.031640625 0.04722222222222222
0 0.197265625 0.5895833333333333 0.071484375 0.07430555555555556
0 0.518359375 0.5180555555555556 0.008203125 0.0125
0 0.51484375 0.5381944444444444 0.01484375 0.025694444444444443
0 0.533984375 0.5104166666666666 0.003515625 0.009027777777777777
0 0.5375 0.5152777777777777 0.0046875 0.008333333333333333
0 0.5421875 0.5201388888888889 0.0046875 0.010416666666666666
0 0.5484375 0.5222222222222223 0.00625 0.013888888888888888
0 0.614453125 0.5152777777777777 0.016796875 0.013888888888888888
0 0.62265625 0.5486111111111112 0.01640625 0.03194444444444444
0 0.6421875 0.5604166666666667 0.025 0.04097222222222222
0 0.6765625 0.5715277777777777 0.03515625 0.05486111111111111
0 0.579296875 0.5423611111111111 0.033984375 0.052083333333333336
0 0.46328125 0.5756944444444444 0.05234375 0.08263888888888889
0 0.7546875 0.5854166666666667 0.07890625 0.09375
