8 0.05703125 0.44930555555555557 0.01953125 0.013194444444444444
8 0.84921875 0.33055555555555555 0.02109375 0.013888888888888888
8 0.86796875 0.37083333333333335 0.0140625 0.009722222222222222
8 0.83515625 0.36180555555555555 0.0078125 0.010416666666666666
8 0.59140625 0.5388888888888889 0.0046875 0.004166666666666667
8 0.60703125 0.5347222222222222 0.0046875 0.005555555555555556
9 0.033203125 0.5138888888888888 0.011328125 0.015277777777777777
9 0.058203125 0.5125 0.006640625 0.013888888888888888
9 0.845703125 0.46319444444444446 0.005078125 0.010416666666666666
9 0.87421875 0.45902777777777776 0.0125 0.014583333333333334
9 0.687109375 0.16180555555555556 0.011328125 0.04513888888888889
9 0.6609375 0.16597222222222222 0.0109375 0.04236111111111111
9 0.464453125 0.51875 0.002734375 0.010416666666666666
9 0.539453125 0.5159722222222223 0.003515625 0.010416666666666666
9 0.596484375 0.5541666666666667 0.004296875 0.006944444444444444
9 0.52578125 0.5472222222222223 0.00234375 0.008333333333333333
9 0.49609375 0.5520833333333334 0.00234375 0.009027777777777777
2 0.3296875 0.5972222222222222 0.00703125 0.022222222222222223
0 0.180859375 0.6215277777777778 0.054296875 0.04375
0 0.26015625 0.6104166666666667 0.0296875 0.04097222222222222
0 0.30078125 0.6048611111111111 0.01875 0.027083333333333334
0 0.38984375 0.6083333333333333 0.040625 0.05138888888888889
0 0.476171875 0.5930555555555556 0.017578125 0.018055555555555554
0 0.509765625 0.5875 0.010546875 0.011111111111111112
0 0.60625 0.5833333333333334 0.015625 0.015277777777777777
0 0.59375 0.5798611111111112 0.0109375 0.01597222222222222
1 0.56953125 0.5743055555555555 0.01328125 0.024305555555555556
0 0.540234375 0.5854166666666667 0.006640625 0.007638888888888889
0 0.65 0.5798611111111112 0.0125 0.011805555555555555
