9 0.38359375 0.36875 0.00546875 0.02013888888888889
9 0.7234375 0.21736111111111112 0.009375 0.04236111111111111
9 0.761328125 0.5027777777777778 0.005859375 0.0125
9 0.25546875 0.5138888888888888 0.0078125 0.015277777777777777
9 0.7484375 0.22152777777777777 0.0078125 0.034027777777777775
8 0.275 0.5152777777777777 0.00859375 0.013888888888888888
8 0.26171875 0.44305555555555554 0.00859375 0.009722222222222222
9 0.389453125 0.3715277777777778 0.003515625 0.027083333333333334
8 0.791015625 0.175 0.014453125 0.030555555555555555
8 0.7484375 0.4583333333333333 0.01171875 0.008333333333333333
2 0.22578125 0.6125 0.02421875 0.09305555555555556
2 0.891796875 0.5847222222222223 0.019140625 0.0763888888888889
2 0.098046875 0.6215277777777778 0.020703125 0.07847222222222222
0 0.64296875 0.6020833333333333 0.0578125 0.07708333333333334
4 0.075 0.5916666666666667 0.075 0.11805555555555555
0 0.424609375 0.5833333333333334 0.013671875 0.029166666666666667
0 0.51796875 0.6645833333333333 0.1125 0.14930555555555555
