0 0.862890625 0.55625 0.136328125 0.15347222222222223
0 0.428515625 0.5041666666666667 0.028515625 0.04861111111111111
0 0.4625 0.5048611111111111 0.01640625 0.035416666666666666
0 0.47578125 0.49722222222222223 0.0125 0.034722222222222224
0 0.495703125 0.5034722222222222 0.006640625 0.024305555555555556
4 0.721484375 0.4840277777777778 0.044140625 0.03819444444444445
0 0.55546875 0.4930555555555556 0.0078125 0.0125
0 0.520703125 0.49444444444444446 0.012109375 0.016666666666666666
0 0.664453125 0.49444444444444446 0.010546875 0.013888888888888888
0 0.639453125 0.4930555555555556 0.011328125 0.015277777777777777
0 0.570703125 0.4847222222222222 0.005078125 0.008333333333333333
2 0.361328125 0.4625 0.006640625 0.009722222222222222
0 0.627734375 0.48819444444444443 0.005859375 0.011805555555555555
0 0.53125 0.4722222222222222 0.00546875 0.005555555555555556
0 0.53515625 0.46319444444444446 0.00546875 0.003472222222222222
0 0.538671875 0.4576388888888889 0.005859375 0.004861111111111111
0 0.56640625 0.46805555555555556 0.0046875 0.009722222222222222
8 0.589453125 0.46597222222222223 0.005078125 0.007638888888888889
8 0.787109375 0.35 0.005859375 0.018055555555555554
9 0.5796875 0.43333333333333335 0.00390625 0.008333333333333333
9 0.622265625 0.4666666666666667 0.003515625 0.006944444444444444
