2 0.079296875 0.44027777777777777 0.018359375 0.07222222222222222
2 0.313671875 0.44305555555555554 0.008203125 0.034722222222222224
0 0.521484375 0.4423611111111111 0.011328125 0.021527777777777778
0 0.530078125 0.4479166666666667 0.011328125 0.022916666666666665
0 0.541015625 0.45416666666666666 0.011328125 0.030555555555555555
0 0.56328125 0.45555555555555555 0.0203125 0.03611111111111111
0 0.569140625 0.46458333333333335 0.012109375 0.03958333333333333
0 0.61171875 0.4701388888888889 0.04375 0.05763888888888889
0 0.481640625 0.4375 0.012109375 0.016666666666666666
0 0.77578125 0.5041666666666667 0.11640625 0.13055555555555556
2 0.391015625 0.43333333333333335 0.004296875 0.015277777777777777
2 0.508984375 0.43819444444444444 0.004296875 0.02013888888888889
9 0.505859375 0.37777777777777777 0.001171875 0.005555555555555556
9 0.5015625 0.3770833333333333 0.00234375 0.00625
9 0.4578125 0.38125 0.0015625 0.00625
9 0.45390625 0.38333333333333336 0.00234375 0.008333333333333333
0 0.903125 0.6236111111111111 0.09375 0.20833333333333334
