8 0.217578125 0.47152777777777777 0.010546875 0.00625
8 0.37578125 0.33055555555555555 0.02578125 0.0125
8 0.461328125 0.40902777777777777 0.005078125 0.01597222222222222
8 0.468359375 0.38680555555555557 0.007421875 0.00625
8 0.614453125 0.38958333333333334 0.001953125 0.01597222222222222
0 0.691015625 0.48125 0.048828125 0.04652777777777778
9 0.63125 0.2916666666666667 0.01953125 0.03611111111111111
9 0.58984375 0.30694444444444446 0.01328125 0.03333333333333333
2 0.442578125 0.5118055555555555 0.004296875 0.017361111111111112
2 0.47578125 0.5138888888888888 0.00546875 0.020833333333333332
9 0.309375 0.3215277777777778 0.00703125 0.021527777777777778
0 0.3296875 0.525 0.0078125 0.0125
0 0.372265625 0.5208333333333334 0.008203125 0.013888888888888888
0 0.371484375 0.4979166666666667 0.010546875 0.007638888888888889
0 0.256640625 0.53125 0.014453125 0.01875
0 0.160546875 0.5493055555555556 0.009765625 0.02013888888888889
0 0.14375 0.5472222222222223 0.015625 0.018055555555555554
0 0.115234375 0.5534722222222223 0.026171875 0.03125
0 0.0109375 0.5465277777777777 0.0109375 0.017361111111111112
0 0.050390625 0.5736111111111111 0.050390625 0.05138888888888889
0 0.20703125 0.5520833333333334 0.04453125 0.049305555555555554
0 0.2890625 0.5326388888888889 0.0203125 0.027083333333333334
0 0.350390625 0.5277777777777778 0.017578125 0.025
0 0.400390625 0.5298611111111111 0.022265625 0.035416666666666666
2 0.452734375 0.5097222222222222 0.004296875 0.015277777777777777
