0 0.07578125 0.46597222222222223 0.07578125 0.06458333333333334
0 0.0453125 0.3993055555555556 0.0453125 0.014583333333333334
0 0.3078125 0.43472222222222223 0.0421875 0.05
0 0.598046875 0.4013888888888889 0.004296875 0.019444444444444445
0 0.583203125 0.39166666666666666 0.013671875 0.0125
1 0.73828125 0.29375 0.14609375 0.26180555555555557
0 0.558203125 0.4027777777777778 0.016796875 0.02361111111111111
0 0.487890625 0.4048611111111111 0.016796875 0.01597222222222222
4 0.491015625 0.37777777777777777 0.012109375 0.015277777777777777
4 0.537109375 0.3888888888888889 0.012890625 0.02361111111111111
9 0.12734375 0.02847222222222222 0.02578125 0.025694444444444443
9 0.3671875 0.2777777777777778 0.00859375 0.041666666666666664
9 0.590625 0.3701388888888889 0.00625 0.010416666666666666
8 0.365625 0.21875 0.009375 0.01597222222222222
9 0.00703125 0.32013888888888886 0.00625 0.03263888888888889
9 0.016796875 0.31805555555555554 0.006640625 0.030555555555555555
9 0.5203125 0.3173611111111111 0.00390625 0.02013888888888889
2 0.378125 0.40208333333333335 0.003125 0.024305555555555556
2 0.38515625 0.40555555555555556 0.00390625 0.019444444444444445
2 0.416015625 0.40694444444444444 0.004296875 0.018055555555555554
2 0.403515625 0.40208333333333335 0.003515625 0.01875
9 0.57578125 0.35138888888888886 0.003125 0.008333333333333333
9 0.106640625 0.26319444444444445 0.006640625 0.01875
9 0.12578125 0.26875 0.00546875 0.017361111111111112
9 0.384765625 0.27152777777777776 0.010546875 0.04236111111111111
