8 0.401953125 0.2465277777777778 0.031640625 0.013194444444444444
8 0.526171875 0.21666666666666667 0.016015625 0.030555555555555555
8 0.546484375 0.30277777777777776 0.008984375 0.006944444444444444
8 0.533203125 0.33402777777777776 0.012890625 0.009027777777777777
9 0.55546875 0.3798611111111111 0.0078125 0.014583333333333334
9 0.540234375 0.3840277777777778 0.003515625 0.01597222222222222
9 0.30859375 0.2326388888888889 0.00703125 0.027083333333333334
9 0.76015625 0.050694444444444445 0.01015625 0.050694444444444445
2 0.62265625 0.5159722222222223 0.0359375 0.10902777777777778
2 0.669140625 0.5027777777777778 0.029296875 0.08888888888888889
2 0.62265625 0.5069444444444444 0.0109375 0.06805555555555555
2 0.501171875 0.5076388888888889 0.026171875 0.07013888888888889
0 0.01328125 0.5930555555555556 0.01328125 0.075
4 0.02890625 0.5069444444444444 0.02890625 0.07222222222222222
0 0.114453125 0.5444444444444444 0.064453125 0.05277777777777778
0 0.274609375 0.5194444444444445 0.062109375 0.08055555555555556
0 0.16953125 0.5388888888888889 0.015625 0.03194444444444444
0 0.192578125 0.5298611111111111 0.026171875 0.03680555555555556
0 0.334375 0.4965277777777778 0.02265625 0.04652777777777778
0 0.376171875 0.5222222222222223 0.019140625 0.030555555555555555
7 0.4 0.5138888888888888 0.00625 0.03611111111111111
3 0.401171875 0.5291666666666667 0.005859375 0.027777777777777776
1 0.446484375 0.4673611111111111 0.043359375 0.10069444444444445
