0 0.211328125 0.4354166666666667 0.013671875 0.01875
0 0.146875 0.43680555555555556 0.01640625 0.02013888888888889
0 0.338671875 0.43125 0.006640625 0.009027777777777777
0 0.323046875 0.4284722222222222 0.006640625 0.009027777777777777
0 0.303125 0.43333333333333335 0.0078125 0.011111111111111112
0 0.4765625 0.44722222222222224 0.00859375 0.013888888888888888
0 0.173046875 0.4409722222222222 0.028515625 0.025694444444444443
0 0.0828125 0.44166666666666665 0.03046875 0.025
0 0.39140625 0.44513888888888886 0.01171875 0.01597222222222222
0 0.412890625 0.4263888888888889 0.005859375 0.011111111111111112
0 0.444921875 0.45902777777777776 0.026953125 0.04652777777777778
0 0.507421875 0.4583333333333333 0.016015625 0.022222222222222223
0 0.891796875 0.5513888888888889 0.107421875 0.11388888888888889
8 0.53125 0.4201388888888889 0.0109375 0.014583333333333334
