0 0.3921875 0.47847222222222224 0.07890625 0.059027777777777776
0 0.021875 0.4840277777777778 0.0078125 0.009027777777777777
0 0.034765625 0.48194444444444445 0.005859375 0.008333333333333333
0 0.044921875 0.4826388888888889 0.006640625 0.007638888888888889
0 0.056640625 0.48194444444444445 0.007421875 0.006944444444444444
0 0.073046875 0.47847222222222224 0.010546875 0.007638888888888889
0 0.091015625 0.4756944444444444 0.008203125 0.00625
0 0.1078125 0.4722222222222222 0.00859375 0.008333333333333333
0 0.12109375 0.4708333333333333 0.00546875 0.006944444444444444
0 0.130078125 0.47152777777777777 0.005078125 0.00625
0 0.140234375 0.46944444444444444 0.005859375 0.005555555555555556
0 0.15 0.46944444444444444 0.0046875 0.005555555555555556
0 0.158203125 0.4673611111111111 0.004296875 0.004861111111111111
0 0.165625 0.4666666666666667 0.003125 0.004166666666666667
0 0.246484375 0.45625 0.004296875 0.003472222222222222
0 0.23671875 0.45902777777777776 0.00625 0.004861111111111111
0 0.207421875 0.4638888888888889 0.002734375 0.005555555555555556
0 0.0078125 0.4861111111111111 0.0078125 0.009722222222222222
9 0.04453125 0.2604166666666667 0.0078125 0.027083333333333334
9 0.48046875 0.2263888888888889 0.01953125 0.07361111111111111
9 0.570703125 0.34791666666666665 0.004296875 0.011805555555555555
9 0.521484375 0.3548611111111111 0.004296875 0.014583333333333334
9 0.39921875 0.3819444444444444 0.00390625 0.0125
9 0.53359375 0.33958333333333335 0.00703125 0.02847222222222222
9 0.562109375 0.34791666666666665 0.004296875 0.013194444444444444
9 0.725390625 0.2777777777777778 0.008203125 0.020833333333333332
9 0.6125 0.10902777777777778 0.01328125 0.03819444444444445
8 0.0421875 0.22291666666666668 0.00625 0.007638888888888889
8 0.476171875 0.12916666666666668 0.012890625 0.02361111111111111
8 0.48203125 0.41944444444444445 0.0140625 0.025
8 0.480078125 0.33125 0.017578125 0.02847222222222222
8 0.74296875 0.3951388888888889 0.01015625 0.01875
8 0.736328125 0.3451388888888889 0.006640625 0.011805555555555555
8 0.119921875 0.4409722222222222 0.008984375 0.009027777777777777
8 0.075390625 0.4375 0.013671875 0.011111111111111112
8 0.054296875 0.4388888888888889 0.007421875 0.011111111111111112
8 0.150390625 0.44027777777777777 0.006640625 0.005555555555555556
8 0.136328125 0.44166666666666665 0.007421875 0.005555555555555556
8 0.605078125 0.05347222222222222 0.005078125 0.01597222222222222
