8 0.742578125 0.33541666666666664 0.023046875 0.01875
8 0.61328125 0.42569444444444443 0.0046875 0.010416666666666666
9 0.699609375 0.3451388888888889 0.006640625 0.022916666666666665
0 0.5703125 0.46319444444444446 0.0109375 0.01875
0 0.7359375 0.5034722222222222 0.025 0.03263888888888889
0 0.597265625 0.4826388888888889 0.019921875 0.021527777777777778
0 0.66953125 0.5076388888888889 0.04375 0.059027777777777776
4 0.7390625 0.47152777777777777 0.03515625 0.05763888888888889
4 0.8765625 0.4270833333333333 0.10859375 0.16319444444444445
0 0.906640625 0.6701388888888888 0.091796875 0.2534722222222222
