0 0.546484375 0.29097222222222224 0.005078125 0.010416666666666666
0 0.5359375 0.2951388888888889 0.00390625 0.007638888888888889
0 0.522265625 0.28888888888888886 0.007421875 0.0125
0 0.503515625 0.2986111111111111 0.011328125 0.015277777777777777
0 0.571484375 0.3076388888888889 0.026953125 0.04097222222222222
0 0.43984375 0.31875 0.046875 0.06736111111111111
8 0.5703125 0.23472222222222222 0.0078125 0.011111111111111112
8 0.54296875 0.23125 0.01484375 0.01875
8 0.5859375 0.24513888888888888 0.00390625 0.013194444444444444
8 0.483984375 0.2652777777777778 0.012109375 0.013888888888888888
8 0.464453125 0.2048611111111111 0.012109375 0.03819444444444445
