4 0.90703125 0.33819444444444446 0.03125 0.02013888888888889
0 0.977734375 0.35347222222222224 0.020703125 0.014583333333333334
0 0.849609375 0.3625 0.042578125 0.05416666666666667
0 0.75234375 0.35 0.065625 0.0875
0 0.56484375 0.45625 0.15390625 0.23541666666666666
9 0.648828125 0.19236111111111112 0.004296875 0.011805555555555555
9 0.665625 0.19444444444444445 0.0046875 0.0125
9 0.65703125 0.19583333333333333 0.00546875 0.018055555555555554
8 0.4203125 0.13194444444444445 0.0109375 0.019444444444444445
8 0.727734375 0.17777777777777778 0.012109375 0.013888888888888888
8 0.727734375 0.20277777777777778 0.009765625 0.011111111111111112
8 0.4203125 0.02847222222222222 0.03515625 0.02847222222222222
8 0.019921875 0.2701388888888889 0.019921875 0.08680555555555555
