2 0.814453125 0.3020833333333333 0.011328125 0.05625
2 0.898046875 0.2652777777777778 0.005859375 0.029166666666666667
2 0.318359375 0.2673611111111111 0.005078125 0.013194444444444444
2 0.3046875 0.27708333333333335 0.00546875 0.011805555555555555
2 0.295703125 0.275 0.006640625 0.020833333333333332
0 0.488671875 0.27569444444444446 0.004296875 0.009027777777777777
0 0.476171875 0.2833333333333333 0.008984375 0.013888888888888888
0 0.442578125 0.3013888888888889 0.025390625 0.043055555555555555
0 0.415234375 0.32222222222222224 0.028515625 0.0375
0 0.3421875 0.34375 0.05703125 0.07569444444444444
0 0.219921875 0.40208333333333335 0.106640625 0.1076388888888889
2 0.925 0.26319444444444445 0.0078125 0.013194444444444444
0 0.885546875 0.26875 0.016796875 0.022916666666666665
0 0.861328125 0.24583333333333332 0.011328125 0.011111111111111112
0 0.8703125 0.2673611111111111 0.01875 0.024305555555555556
0 0.839453125 0.2534722222222222 0.010546875 0.014583333333333334
0 0.8375 0.28125 0.0140625 0.013194444444444444
0 0.7921875 0.25763888888888886 0.01015625 0.007638888888888889
0 0.770703125 0.26805555555555555 0.012890625 0.0125
0 0.7859375 0.27847222222222223 0.01640625 0.01597222222222222
0 0.75078125 0.2791666666666667 0.01640625 0.020833333333333332
0 0.723828125 0.2798611111111111 0.007421875 0.021527777777777778
0 0.512109375 0.2798611111111111 0.007421875 0.013194444444444444
0 0.52109375 0.2833333333333333 0.0046875 0.016666666666666666
0 0.491796875 0.31319444444444444 0.023046875 0.035416666666666666
4 0.623046875 0.22777777777777777 0.098046875 0.22777777777777777
0 0.923046875 0.26458333333333334 0.021484375 0.014583333333333334
0 0.10234375 0.47638888888888886 0.10234375 0.24305555555555555
