8 0.6546875 0.3145833333333333 0.01328125 0.017361111111111112
8 0.653515625 0.34375 0.013671875 0.007638888888888889
8 0.604296875 0.36180555555555555 0.005859375 0.009027777777777777
9 0.31640625 0.36041666666666666 0.0046875 0.017361111111111112
9 0.598828125 0.39444444444444443 0.004296875 0.016666666666666666
9 0.01640625 0.3 0.0078125 0.0125
9 0.65078125 0.4395833333333333 0.01328125 0.011805555555555555
8 0.67890625 0.375 0.00703125 0.029166666666666667
9 0.327734375 0.3590277777777778 0.005078125 0.021527777777777778
0 0.640234375 0.5993055555555555 0.119921875 0.12569444444444444
0 0.3875 0.55625 0.0625 0.08958333333333333
0 0.205078125 0.5465277777777777 0.073046875 0.08680555555555555
0 0.296484375 0.53125 0.027734375 0.03958333333333333
0 0.451953125 0.5291666666666667 0.017578125 0.034722222222222224
0 0.766796875 0.53125 0.045703125 0.03263888888888889
2 0.871875 0.5291666666666667 0.015625 0.07083333333333333
