8 0.103125 0.2972222222222222 0.0171875 0.03194444444444444
8 0.104296875 0.3423611111111111 0.017578125 0.011805555555555555
8 0.106640625 0.3840277777777778 0.012109375 0.029861111111111113
8 0.184375 0.4388888888888889 0.003125 0.008333333333333333
8 0.45625 0.4409722222222222 0.00625 0.00625
8 0.471875 0.4409722222222222 0.00390625 0.00625
8 0.6234375 0.19722222222222222 0.0703125 0.05555555555555555
0 0.3515625 0.45069444444444445 0.01015625 0.007638888888888889
0 0.3265625 0.4534722222222222 0.01796875 0.025694444444444443
0 0.293359375 0.45902777777777776 0.010546875 0.017361111111111112
0 0.2328125 0.4701388888888889 0.00625 0.01875
0 0.072265625 0.46944444444444444 0.025390625 0.02638888888888889
0 0.8703125 0.43333333333333335 0.01484375 0.0125
0 0.496484375 0.45555555555555555 0.004296875 0.002777777777777778
0 0.476171875 0.45555555555555555 0.007421875 0.004166666666666667
0 0.45859375 0.45416666666666666 0.0109375 0.005555555555555556
0 0.438671875 0.4576388888888889 0.006640625 0.00625
0 0.41796875 0.4527777777777778 0.0046875 0.009722222222222222
0 0.1203125 0.48333333333333334 0.0421875 0.04027777777777778
0 0.156640625 0.46805555555555556 0.012109375 0.016666666666666666
0 0.037890625 0.4861111111111111 0.037890625 0.03888888888888889
8 0.527734375 0.4444444444444444 0.005859375 0.004166666666666667
8 0.50703125 0.45208333333333334 0.0046875 0.004861111111111111
0 0.526953125 0.45625 0.006640625 0.009027777777777777
0 0.21015625 0.4701388888888889 0.02890625 0.027083333333333334
0 0.266015625 0.46805555555555556 0.026953125 0.027777777777777776
8 0.17421875 0.46944444444444444 0.00234375 0.009722222222222222
8 0.113671875 0.4111111111111111 0.005078125 0.0
