8 0.40078125 0.35138888888888886 0.01328125 0.029166666666666667
0 0.875390625 0.5076388888888889 0.121484375 0.11041666666666666
0 0.2375 0.54375 0.00390625 0.022916666666666665
0 0.26796875 0.5479166666666667 0.0296875 0.04375
0 0.201953125 0.5361111111111111 0.010546875 0.018055555555555554
0 0.1828125 0.5493055555555556 0.01953125 0.024305555555555556
0 0.1625 0.5409722222222222 0.01171875 0.01597222222222222
0 0.14453125 0.5409722222222222 0.009375 0.014583333333333334
0 0.130859375 0.5465277777777777 0.005859375 0.017361111111111112
0 0.12109375 0.55 0.009375 0.020833333333333332
0 0.10234375 0.5541666666666667 0.01484375 0.022222222222222223
9 0.583984375 0.34652777777777777 0.012109375 0.024305555555555556
