0 0.537109375 0.5833333333333334 0.080859375 0.0875
0 0.375 0.49375 0.015625 0.01597222222222222
0 0.407421875 0.5076388888888889 0.019921875 0.03125
0 0.43125 0.5236111111111111 0.028125 0.034722222222222224
0 0.36015625 0.51875 0.02421875 0.03263888888888889
1 0.241015625 0.49375 0.049609375 0.09236111111111112
9 0.315625 0.4076388888888889 0.00234375 0.010416666666666666
9 0.3234375 0.4083333333333333 0.00234375 0.011111111111111112
9 0.391015625 0.37916666666666665 0.001953125 0.011111111111111112
9 0.319140625 0.40694444444444444 0.002734375 0.011111111111111112
9 0.39609375 0.37777777777777777 0.00234375 0.011111111111111112
0 0.3328125 0.49930555555555556 0.0125 0.014583333333333334
0 0.312890625 0.4951388888888889 0.008984375 0.017361111111111112
0 0.293359375 0.48125 0.012109375 0.009027777777777777
0 0.2921875 0.5048611111111111 0.009375 0.014583333333333334
