0 0.482421875 0.47152777777777777 0.008984375 0.009027777777777777
0 0.459375 0.47638888888888886 0.01640625 0.015277777777777777
0 0.44921875 0.4979166666666667 0.0140625 0.025694444444444443
0 0.432421875 0.5006944444444444 0.016796875 0.027083333333333334
0 0.4078125 0.5069444444444444 0.02265625 0.034722222222222224
0 0.37734375 0.5125 0.0265625 0.04027777777777778
0 0.3109375 0.5222222222222223 0.05546875 0.06111111111111111
0 0.180859375 0.5715277777777777 0.089453125 0.08680555555555555
0 0.526953125 0.48541666666666666 0.016796875 0.01597222222222222
0 0.5578125 0.48819444444444443 0.01484375 0.021527777777777778
0 0.485546875 0.5055555555555555 0.028515625 0.03611111111111111
2 0.26328125 0.5027777777777778 0.009375 0.03611111111111111
2 0.63828125 0.4951388888888889 0.00625 0.03680555555555556
2 0.6515625 0.4986111111111111 0.009375 0.04722222222222222
6 0.56875 0.4701388888888889 0.01328125 0.02013888888888889
6 0.6265625 0.4618055555555556 0.03828125 0.07013888888888889
0 0.04921875 0.5819444444444445 0.04921875 0.12361111111111112
0 0.70703125 0.47847222222222224 0.01796875 0.02013888888888889
0 0.72578125 0.4777777777777778 0.0203125 0.018055555555555554
