0 0.1640625 0.5430555555555555 0.04140625 0.03888888888888889
0 0.43515625 0.49166666666666664 0.01953125 0.029166666666666667
0 0.646875 0.5131944444444444 0.08046875 0.10208333333333333
0 0.32109375 0.4951388888888889 0.0140625 0.01597222222222222
2 0.394921875 0.4888888888888889 0.005859375 0.009722222222222222
2 0.836328125 0.46944444444444444 0.014453125 0.05416666666666667
2 0.55859375 0.47152777777777777 0.0046875 0.02847222222222222
2 0.237109375 0.5069444444444444 0.005859375 0.020833333333333332
2 0.144921875 0.5006944444444444 0.009765625 0.014583333333333334
2 0.248828125 0.5 0.005859375 0.02638888888888889
2 0.259375 0.5041666666666667 0.00390625 0.020833333333333332
2 0.28515625 0.4965277777777778 0.00390625 0.01875
2 0.292578125 0.49722222222222223 0.003515625 0.015277777777777777
5 0.489453125 0.4875 0.003515625 0.011111111111111112
0 0.463671875 0.47847222222222224 0.010546875 0.013194444444444444
0 0.4984375 0.47847222222222224 0.00625 0.011805555555555555
0 0.3484375 0.49444444444444446 0.0078125 0.0125
0 0.366015625 0.49444444444444446 0.002734375 0.0125
0 0.38515625 0.4888888888888889 0.00703125 0.011111111111111112
0 0.405078125 0.48680555555555555 0.005859375 0.011805555555555555
8 0.664453125 0.37430555555555556 0.004296875 0.010416666666666666
7 0.48828125 0.4722222222222222 0.00234375 0.0125
0 0.478125 0.47708333333333336 0.0046875 0.007638888888888889
9 0.4375 0.41805555555555557 0.00234375 0.009722222222222222
9 0.474609375 0.44722222222222224 0.003515625 0.008333333333333333
8 0.44921875 0.42291666666666666 0.00546875 0.004861111111111111
8 0.460546875 0.4222222222222222 0.005078125 0.005555555555555556
