9 0.502734375 0.013888888888888888 0.009765625 0.013888888888888888
9 0.52578125 0.013888888888888888 0.01171875 0.011111111111111112
9 0.76640625 0.25277777777777777 0.01484375 0.020833333333333332
8 0.73828125 0.20625 0.02109375 0.04236111111111111
8 0.7359375 0.12291666666666666 0.02421875 0.013194444444444444
8 0.025390625 0.3638888888888889 0.007421875 0.022222222222222223
7 0.508203125 0.35833333333333334 0.005859375 0.016666666666666666
3 0.508203125 0.3729166666666667 0.005859375 0.011805555555555555
0 0.494921875 0.35694444444444445 0.005859375 0.015277777777777777
0 0.519140625 0.35694444444444445 0.006640625 0.0125
0 0.53359375 0.36319444444444443 0.01328125 0.022916666666666665
0 0.48515625 0.35694444444444445 0.0078125 0.0125
0 0.42890625 0.36041666666666666 0.0140625 0.01875
0 0.2953125 0.36875 0.05546875 0.08819444444444445
4 0.403125 0.3326388888888889 0.01875 0.022916666666666665
0 0.453125 0.35555555555555557 0.0078125 0.013888888888888888
0 0.47109375 0.3638888888888889 0.0109375 0.015277777777777777
0 0.544921875 0.37222222222222223 0.015234375 0.02361111111111111
0 0.38046875 0.4173611111111111 0.0546875 0.07291666666666667
2 0.111328125 0.39444444444444443 0.006640625 0.030555555555555555
