0 0.108984375 0.40555555555555556 0.035546875 0.05
0 0.284765625 0.4326388888888889 0.030859375 0.03263888888888889
0 0.037890625 0.41388888888888886 0.037890625 0.10555555555555556
0 0.579296875 0.4826388888888889 0.099609375 0.1701388888888889
0 0.8765625 0.4618055555555556 0.0171875 0.024305555555555556
9 0.110546875 0.33819444444444446 0.012890625 0.013194444444444444
9 0.0875 0.3375 0.00625 0.015277777777777777
9 0.898046875 0.18680555555555556 0.011328125 0.03263888888888889
8 0.39140625 0.2833333333333333 0.0078125 0.013888888888888888
8 0.826171875 0.3236111111111111 0.009765625 0.006944444444444444
8 0.818359375 0.26805555555555555 0.019140625 0.0125
9 0.719921875 0.4048611111111111 0.006640625 0.011805555555555555
9 0.721875 0.3215277777777778 0.00546875 0.009027777777777777
9 0.182421875 0.09791666666666667 0.019921875 0.05347222222222222
9 0.37890625 0.18263888888888888 0.009375 0.02847222222222222
9 0.833203125 0.3590277777777778 0.009765625 0.017361111111111112
