0 0.448828125 0.2423611111111111 0.005859375 0.010416666666666666
0 0.4734375 0.24791666666666667 0.0046875 0.009027777777777777
0 0.482421875 0.25972222222222224 0.007421875 0.009722222222222222
0 0.45546875 0.25972222222222224 0.00703125 0.011111111111111112
0 0.403515625 0.28125 0.023828125 0.03958333333333333
0 0.55546875 0.2791666666666667 0.01796875 0.027777777777777776
0 0.06640625 0.2743055555555556 0.02734375 0.021527777777777778
0 0.116796875 0.27291666666666664 0.015234375 0.017361111111111112
0 0.143359375 0.2659722222222222 0.012890625 0.014583333333333334
0 0.191796875 0.26666666666666666 0.008203125 0.009722222222222222
8 0.582421875 0.18958333333333333 0.008203125 0.01597222222222222
2 0.77578125 0.2833333333333333 0.01953125 0.0763888888888889
2 0.882421875 0.2861111111111111 0.016015625 0.07222222222222222
