0 0.5515625 0.5527777777777778 0.0078125 0.009722222222222222
4 0.590625 0.5270833333333333 0.01796875 0.04375
0 0.51171875 0.5493055555555556 0.0171875 0.021527777777777778
0 0.347265625 0.5597222222222222 0.006640625 0.018055555555555554
0 0.62109375 0.5583333333333333 0.02109375 0.029166666666666667
0 0.314453125 0.55625 0.028515625 0.034027777777777775
0 0.2578125 0.5652777777777778 0.03203125 0.027777777777777776
0 0.750390625 0.5527777777777778 0.042578125 0.0625
0 0.734765625 0.5694444444444444 0.063671875 0.0763888888888889
0 0.143359375 0.5770833333333333 0.069140625 0.059027777777777776
0 0.03671875 0.6013888888888889 0.0359375 0.043055555555555555
0 0.881640625 0.6111111111111112 0.116015625 0.2388888888888889
0 0.47578125 0.5625 0.02578125 0.03333333333333333
0 0.402734375 0.58125 0.052734375 0.06319444444444444
0 0.039453125 0.7854166666666667 0.038671875 0.11180555555555556
0 0.6734375 0.5534722222222223 0.0375 0.06180555555555556
0 0.535546875 0.5486111111111112 0.007421875 0.008333333333333333
0 0.5734375 0.5479166666666667 0.00546875 0.010416666666666666
0 0.56640625 0.5451388888888888 0.00390625 0.011805555555555555
2 0.24140625 0.56875 0.00625 0.035416666666666666
