0 0.07578125 0.44583333333333336 0.05390625 0.07083333333333333
0 0.154296875 0.4513888888888889 0.038671875 0.05555555555555555
0 0.209375 0.44930555555555557 0.0546875 0.05347222222222222
0 0.26015625 0.4465277777777778 0.04296875 0.04375
0 0.592578125 0.47152777777777777 0.026953125 0.04375
0 0.61015625 0.4826388888888889 0.01328125 0.052083333333333336
0 0.780078125 0.49166666666666664 0.098828125 0.15694444444444444
0 0.95625 0.6409722222222223 0.02734375 0.09375
0 0.04375 0.46319444444444446 0.04375 0.07569444444444444
0 0.482421875 0.45694444444444443 0.054296875 0.03611111111111111
0 0.323828125 0.4423611111111111 0.019921875 0.02847222222222222
0 0.35078125 0.4548611111111111 0.0265625 0.021527777777777778
