8 0.114453125 0.011111111111111112 0.023046875 0.009722222222222222
8 0.1421875 0.07916666666666666 0.0359375 0.020833333333333332
8 0.15390625 0.13402777777777777 0.015625 0.025694444444444443
8 0.28828125 0.24583333333333332 0.01015625 0.015277777777777777
8 0.62734375 0.31527777777777777 0.01171875 0.018055555555555554
2 0.183203125 0.4222222222222222 0.012890625 0.05138888888888889
9 0.112109375 0.21805555555555556 0.017578125 0.02638888888888889
9 0.16796875 0.22083333333333333 0.0125 0.027777777777777776
0 0.5296875 0.4 0.00859375 0.020833333333333332
0 0.387109375 0.4354166666666667 0.037890625 0.06180555555555556
0 0.471484375 0.42916666666666664 0.051171875 0.1
0 0.280859375 0.46805555555555556 0.096484375 0.10277777777777777
0 0.7359375 0.46458333333333335 0.26328125 0.31319444444444444
