9 0.009375 0.28125 0.009375 0.04097222222222222
9 0.03046875 0.28402777777777777 0.0125 0.04236111111111111
9 0.59375 0.16527777777777777 0.01484375 0.041666666666666664
9 0.57265625 0.15555555555555556 0.0109375 0.04027777777777778
8 0.318359375 0.6270833333333333 0.005078125 0.007638888888888889
8 0.255078125 0.6354166666666666 0.009765625 0.010416666666666666
8 0.20625 0.6145833333333334 0.00625 0.004861111111111111
8 0.212890625 0.6284722222222222 0.005078125 0.004861111111111111
8 0.20390625 0.6375 0.00546875 0.011111111111111112
8 0.1703125 0.6180555555555556 0.0109375 0.018055555555555554
8 0.351171875 0.5895833333333333 0.010546875 0.017361111111111112
8 0.415234375 0.53125 0.010546875 0.024305555555555556
8 0.605859375 0.42569444444444443 0.019140625 0.013194444444444444
0 0.284765625 0.675 0.007421875 0.0125
0 0.2640625 0.6715277777777777 0.0109375 0.01875
0 0.244921875 0.6805555555555556 0.006640625 0.008333333333333333
0 0.235546875 0.6777777777777778 0.006640625 0.0125
0 0.29453125 0.6694444444444444 0.00546875 0.019444444444444445
0 0.305859375 0.6618055555555555 0.009765625 0.027083333333333334
0 0.313671875 0.6645833333333333 0.012890625 0.029861111111111113
0 0.323046875 0.6631944444444444 0.015234375 0.03125
0 0.333203125 0.6659722222222222 0.011328125 0.03263888888888889
0 0.362890625 0.6652777777777777 0.031640625 0.03888888888888889
0 0.76328125 0.6326388888888889 0.1015625 0.07013888888888889
8 0.584765625 0.30625 0.023046875 0.04097222222222222
0 0.898828125 0.6430555555555556 0.030078125 0.044444444444444446
2 0.948828125 0.6763888888888889 0.029296875 0.1361111111111111
0 0.95546875 0.6180555555555556 0.0421875 0.12361111111111112
