8 0.448828125 0.2965277777777778 0.010546875 0.022916666666666665
0 0.18828125 0.47638888888888886 0.08515625 0.09861111111111111
0 0.928125 0.5375 0.0703125 0.10972222222222222
0 0.831640625 0.4798611111111111 0.082421875 0.09930555555555555
0 0.71015625 0.45625 0.0671875 0.07152777777777777
0 0.61484375 0.4131944444444444 0.0609375 0.06319444444444444
0 0.5453125 0.41180555555555554 0.0296875 0.04375
0 0.505078125 0.4013888888888889 0.028515625 0.0375
0 0.46640625 0.4048611111111111 0.0203125 0.024305555555555556
0 0.4390625 0.4 0.0234375 0.025
0 0.4125 0.3909722222222222 0.02109375 0.024305555555555556
0 0.384375 0.39305555555555555 0.0140625 0.018055555555555554
0 0.368359375 0.38680555555555557 0.019140625 0.021527777777777778
0 0.341015625 0.3909722222222222 0.009765625 0.013194444444444444
0 0.321875 0.3888888888888889 0.0109375 0.015277777777777777
0 0.3015625 0.38333333333333336 0.01171875 0.0125
0 0.28515625 0.38263888888888886 0.0109375 0.010416666666666666
0 0.273046875 0.37569444444444444 0.008203125 0.014583333333333334
4 0.036328125 0.33055555555555555 0.036328125 0.1625
0 0.08984375 0.41041666666666665 0.02578125 0.035416666666666666
0 0.114453125 0.40208333333333335 0.008203125 0.022916666666666665
0 0.1734375 0.3680555555555556 0.0140625 0.009722222222222222
0 0.148046875 0.3701388888888889 0.011328125 0.011805555555555555
0 0.12265625 0.36041666666666666 0.009375 0.010416666666666666
0 0.091796875 0.3458333333333333 0.008203125 0.008333333333333333
0 0.24375 0.39652777777777776 0.02890625 0.03263888888888889
0 0.205859375 0.3548611111111111 0.008984375 0.009027777777777777
0 0.190234375 0.35138888888888886 0.005078125 0.008333333333333333
0 0.19375 0.34097222222222223 0.01875 0.011805555555555555
0 0.16875 0.33819444444444446 0.00703125 0.009027777777777777
0 0.14921875 0.34305555555555556 0.009375 0.011111111111111112
0 0.12734375 0.3416666666666667 0.00703125 0.008333333333333333
