9 0.1140625 0.2652777777777778 0.0046875 0.019444444444444445
9 0.268359375 0.2875 0.004296875 0.018055555555555554
9 0.22890625 0.40625 0.0015625 0.009027777777777777
9 0.01875 0.4125 0.00625 0.008333333333333333
7 0.694921875 0.4354166666666667 0.021484375 0.06319444444444444
3 0.69609375 0.4756944444444444 0.0296875 0.03819444444444445
2 0.65078125 0.4597222222222222 0.0125 0.034722222222222224
2 0.673046875 0.4597222222222222 0.013671875 0.034722222222222224
2 0.62109375 0.4423611111111111 0.0125 0.052083333333333336
2 0.2171875 0.46319444444444446 0.01015625 0.03125
2 0.19765625 0.46319444444444446 0.01171875 0.03819444444444445
4 0.10390625 0.44166666666666665 0.0328125 0.05694444444444444
0 0.480859375 0.5236111111111111 0.141015625 0.24305555555555555
0 0.35 0.46875 0.00703125 0.022916666666666665
0 0.333203125 0.46458333333333335 0.013671875 0.02847222222222222
0 0.3125 0.45416666666666666 0.01484375 0.02361111111111111
0 0.29140625 0.4576388888888889 0.00546875 0.01597222222222222
0 0.284375 0.4597222222222222 0.00703125 0.013888888888888888
0 0.27421875 0.4583333333333333 0.00625 0.0125
0 0.265234375 0.45694444444444443 0.008984375 0.013888888888888888
0 0.25 0.4625 0.0046875 0.009722222222222222
0 0.23984375 0.46458333333333335 0.00546875 0.009027777777777777
0 0.14375 0.4625 0.00859375 0.025
4 0.178515625 0.44375 0.016015625 0.03680555555555556
