0 0.525390625 0.5395833333333333 0.008984375 0.025694444444444443
0 0.509765625 0.5395833333333333 0.013671875 0.021527777777777778
0 0.4765625 0.5506944444444445 0.0125 0.029861111111111113
0 0.455078125 0.5472222222222223 0.016015625 0.03888888888888889
0 0.430859375 0.5597222222222222 0.019921875 0.043055555555555555
0 0.355859375 0.5048611111111111 0.014453125 0.00625
0 0.31171875 0.5034722222222222 0.01953125 0.014583333333333334
0 0.369140625 0.5631944444444444 0.052734375 0.059027777777777776
0 0.146484375 0.5854166666666667 0.145703125 0.15763888888888888
0 0.01171875 0.6291666666666667 0.01171875 0.10277777777777777
0 0.5484375 0.5465277777777777 0.01484375 0.022916666666666665
0 0.59609375 0.5479166666666667 0.00390625 0.009027777777777777
0 0.621875 0.5548611111111111 0.01015625 0.017361111111111112
2 0.60859375 0.5576388888888889 0.00859375 0.03125
2 0.58203125 0.55 0.00703125 0.029166666666666667
0 0.634375 0.5625 0.00859375 0.041666666666666664
0 0.669921875 0.55625 0.030859375 0.05486111111111111
0 0.73984375 0.5881944444444445 0.0734375 0.09930555555555555
8 0.6859375 0.47708333333333336 0.00859375 0.01597222222222222
8 0.696875 0.4576388888888889 0.009375 0.009027777777777777
8 0.641796875 0.5083333333333333 0.006640625 0.016666666666666666
9 0.598046875 0.49375 0.003515625 0.007638888888888889
0 0.859765625 0.5708333333333333 0.048046875 0.03333333333333333
0 0.971484375 0.5784722222222223 0.027734375 0.04513888888888889
