9 0.325 0.25416666666666665 0.00546875 0.02638888888888889
9 0.651953125 0.19027777777777777 0.005859375 0.02638888888888889
9 0.73046875 0.3854166666666667 0.00546875 0.013194444444444444
2 0.610546875 0.44583333333333336 0.008984375 0.030555555555555555
2 0.703125 0.4576388888888889 0.01015625 0.04513888888888889
0 0.496484375 0.4444444444444444 0.015234375 0.0375
8 0.1328125 0.28680555555555554 0.01484375 0.014583333333333334
8 0.112109375 0.2465277777777778 0.016796875 0.009027777777777777
8 0.740625 0.2548611111111111 0.009375 0.017361111111111112
9 0.14921875 0.3472222222222222 0.00859375 0.0125
0 0.443359375 0.47847222222222224 0.052734375 0.07569444444444444
4 0.855859375 0.34305555555555556 0.144140625 0.34305555555555556
