0 0.8765625 0.6763888888888889 0.121875 0.16944444444444445
0 0.05859375 0.5520833333333334 0.03515625 0.04513888888888889
0 0.229296875 0.5375 0.023046875 0.030555555555555555
0 0.1328125 0.5520833333333334 0.0796875 0.07291666666666667
0 0.423828125 0.5243055555555556 0.033984375 0.035416666666666666
0 0.746875 0.5972222222222222 0.0546875 0.08611111111111111
0 0.316015625 0.5680555555555555 0.091796875 0.10833333333333334
0 0.576953125 0.6479166666666667 0.148046875 0.22569444444444445
8 0.7140625 0.37569444444444444 0.01484375 0.010416666666666666
8 0.725 0.31527777777777777 0.0140625 0.008333333333333333
8 0.55234375 0.3736111111111111 0.0125 0.006944444444444444
9 0.283984375 0.24861111111111112 0.007421875 0.041666666666666664
9 0.2328125 0.2902777777777778 0.00703125 0.025
9 0.179296875 0.47152777777777777 0.004296875 0.007638888888888889
9 0.49609375 0.36944444444444446 0.0046875 0.018055555555555554
9 0.57109375 0.37222222222222223 0.003125 0.015277777777777777
9 0.27578125 0.45694444444444443 0.0046875 0.011111111111111112
