9 0.04921875 0.34375 0.02109375 0.035416666666666666
0 0.620703125 0.5076388888888889 0.004296875 0.013194444444444444
0 0.63984375 0.5069444444444444 0.0109375 0.0125
0 0.65703125 0.5118055555555555 0.01015625 0.01597222222222222
0 0.669140625 0.5131944444444444 0.007421875 0.02013888888888889
0 0.687890625 0.5138888888888888 0.017578125 0.027777777777777776
0 0.509765625 0.5159722222222223 0.024609375 0.034027777777777775
0 0.601171875 0.5131944444444444 0.019140625 0.03125
0 0.706640625 0.5159722222222223 0.023828125 0.02847222222222222
8 0.8265625 0.34652777777777777 0.0078125 0.01597222222222222
8 0.819140625 0.36875 0.004296875 0.009027777777777777
8 0.833984375 0.3736111111111111 0.008984375 0.011111111111111112
9 0.101953125 0.34930555555555554 0.012109375 0.02847222222222222
8 0.0875 0.30277777777777776 0.01796875 0.020833333333333332
