9 0.484765625 0.40208333333333335 0.004296875 0.011805555555555555
9 0.4484375 0.4048611111111111 0.00390625 0.010416666666666666
8 0.432421875 0.4 0.008203125 0.005555555555555556
8 0.4359375 0.4361111111111111 0.0046875 0.006944444444444444
0 0.481640625 0.44722222222222224 0.007421875 0.009722222222222222
0 0.462109375 0.4486111111111111 0.009765625 0.009722222222222222
0 0.389453125 0.4527777777777778 0.013671875 0.018055555555555554
0 0.36171875 0.4486111111111111 0.01796875 0.022222222222222223
0 0.33125 0.4548611111111111 0.01796875 0.025694444444444443
0 0.300390625 0.46319444444444446 0.023046875 0.025694444444444443
0 0.25546875 0.4701388888888889 0.02578125 0.035416666666666666
0 0.177734375 0.4708333333333333 0.058203125 0.06388888888888888
8 0.119921875 0.2708333333333333 0.015234375 0.0125
0 0.512109375 0.45625 0.006640625 0.013194444444444444
0 0.523046875 0.4576388888888889 0.006640625 0.011805555555555555
0 0.533203125 0.46041666666666664 0.008203125 0.017361111111111112
0 0.540234375 0.46458333333333335 0.009765625 0.017361111111111112
0 0.561328125 0.4666666666666667 0.015234375 0.02361111111111111
0 0.60078125 0.46944444444444444 0.03515625 0.043055555555555555
0 0.954296875 0.49027777777777776 0.045703125 0.059722222222222225
0 0.927734375 0.65 0.072265625 0.12361111111111112
