0 0.595703125 0.4652777777777778 0.005078125 0.008333333333333333
0 0.5828125 0.4673611111111111 0.0125 0.017361111111111112
0 0.534765625 0.4791666666666667 0.035546875 0.04583333333333333
0 0.494140625 0.46944444444444444 0.011328125 0.016666666666666666
0 0.4796875 0.46875 0.00546875 0.010416666666666666
2 0.466796875 0.4625 0.011328125 0.05138888888888889
1 0.6359375 0.44305555555555554 0.03125 0.06388888888888888
0 0.605859375 0.4534722222222222 0.003515625 0.02013888888888889
0 0.676953125 0.4875 0.054296875 0.07361111111111111
8 0.78671875 0.36875 0.01015625 0.00625
1 0.8140625 0.4076388888888889 0.05234375 0.07013888888888889
8 0.778125 0.3159722222222222 0.00703125 0.017361111111111112
2 0.776953125 0.4638888888888889 0.007421875 0.03333333333333333
0 0.8140625 0.4722222222222222 0.02890625 0.0375
0 0.43203125 0.47847222222222224 0.0125 0.02013888888888889
0 0.44765625 0.47847222222222224 0.00390625 0.013194444444444444
0 0.413671875 0.47291666666666665 0.008984375 0.02013888888888889
0 0.38359375 0.48055555555555557 0.02734375 0.03194444444444444
1 0.368359375 0.46805555555555556 0.027734375 0.03611111111111111
8 0.284375 0.3888888888888889 0.00625 0.005555555555555556
0 0.275 0.4895833333333333 0.02578125 0.024305555555555556
0 0.236328125 0.49166666666666664 0.017578125 0.027777777777777776
0 0.123046875 0.5173611111111112 0.116796875 0.08402777777777778
4 0.926953125 0.3138888888888889 0.070703125 0.1111111111111111
0 0.898828125 0.5604166666666667 0.100390625 0.26458333333333334
