0 0.3515625 0.6888888888888889 0.009375 0.013888888888888888
0 0.334375 0.6902777777777778 0.01015625 0.019444444444444445
0 0.31953125 0.6965277777777777 0.0109375 0.025694444444444443
0 0.2515625 0.7145833333333333 0.0265625 0.04097222222222222
0 0.202734375 0.7111111111111111 0.046484375 0.06111111111111111
0 0.130078125 0.7340277777777777 0.073828125 0.07708333333333334
0 0.431640625 0.6791666666666667 0.005859375 0.008333333333333333
0 0.399609375 0.6805555555555556 0.008203125 0.009722222222222222
0 0.376171875 0.6784722222222223 0.011328125 0.010416666666666666
0 0.529296875 0.6930555555555555 0.019921875 0.02638888888888889
0 0.58125 0.6881944444444444 0.021875 0.02847222222222222
0 0.668359375 0.68125 0.037109375 0.034027777777777775
0 0.907421875 0.6333333333333333 0.013671875 0.030555555555555555
0 0.480859375 0.6722222222222223 0.004296875 0.019444444444444445
0 0.93671875 0.6201388888888889 0.0109375 0.013194444444444444
4 0.8546875 0.6368055555555555 0.0453125 0.08541666666666667
8 0.553125 0.5694444444444444 0.009375 0.020833333333333332
8 0.771875 0.5743055555555555 0.0140625 0.024305555555555556
4 0.278515625 0.6715277777777777 0.033984375 0.06597222222222222
8 0.47109375 0.6201388888888889 0.0046875 0.01597222222222222
