0 0.025 0.7729166666666667 0.025 0.10208333333333333
0 0.292578125 0.6611111111111111 0.026171875 0.03611111111111111
0 0.4265625 0.6569444444444444 0.00859375 0.009722222222222222
0 0.408984375 0.6548611111111111 0.012109375 0.007638888888888889
0 0.454296875 0.6666666666666666 0.007421875 0.008333333333333333
0 0.472265625 0.6625 0.008203125 0.008333333333333333
0 0.49296875 0.6597222222222222 0.0078125 0.009722222222222222
0 0.512890625 0.6673611111111111 0.010546875 0.011805555555555555
0 0.6203125 0.6902777777777778 0.08828125 0.07916666666666666
9 0.642578125 0.5645833333333333 0.005078125 0.017361111111111112
9 0.657421875 0.5611111111111111 0.007421875 0.013888888888888888
8 0.650390625 0.5402777777777777 0.015234375 0.009722222222222222
8 0.66640625 0.4895833333333333 0.0125 0.007638888888888889
