9 0.2125 0.37083333333333335 0.01640625 0.027777777777777776
9 0.553515625 0.45694444444444443 0.010546875 0.016666666666666666
9 0.796484375 0.5076388888888889 0.006640625 0.013194444444444444
9 0.480078125 0.5861111111111111 0.007421875 0.008333333333333333
9 0.441015625 0.5909722222222222 0.005859375 0.009027777777777777
9 0.418359375 0.5923611111111111 0.004296875 0.010416666666666666
8 0.278515625 0.5520833333333334 0.007421875 0.010416666666666666
8 0.279296875 0.5777777777777777 0.006640625 0.009722222222222222
8 0.277734375 0.6027777777777777 0.006640625 0.015277777777777777
0 0.33515625 0.6458333333333334 0.028125 0.0125
0 0.234765625 0.6423611111111112 0.016796875 0.01875
0 0.151953125 0.65 0.023046875 0.019444444444444445
0 0.123046875 0.6548611111111111 0.012890625 0.01875
0 0.098828125 0.6576388888888889 0.018359375 0.01597222222222222
0 0.053515625 0.6590277777777778 0.027734375 0.02013888888888889
8 0.2578125 0.61875 0.00625 0.013194444444444444
4 0.203125 0.6416666666666667 0.0125 0.02361111111111111
0 0.7015625 0.6173611111111111 0.009375 0.009027777777777777
0 0.452734375 0.6277777777777778 0.015234375 0.013888888888888888
0 0.478125 0.6263888888888889 0.00859375 0.008333333333333333
0 0.48984375 0.6354166666666666 0.0078125 0.00625
0 0.49921875 0.6409722222222223 0.01015625 0.010416666666666666
0 0.604296875 0.6548611111111111 0.062109375 0.09097222222222222
8 0.531640625 0.5979166666666667 0.005859375 0.010416666666666666
8 0.815234375 0.45694444444444443 0.014453125 0.016666666666666666
9 0.833984375 0.5006944444444444 0.012890625 0.01875
8 0.808984375 0.3277777777777778 0.013671875 0.029166666666666667
8 0.825 0.3638888888888889 0.0203125 0.006944444444444444
