8 0.616796875 0.49236111111111114 0.016796875 0.04375
8 0.540234375 0.5201388888888889 0.016015625 0.01875
9 0.330859375 0.5708333333333333 0.002734375 0.011111111111111112
2 0.524609375 0.6576388888888889 0.008984375 0.03819444444444445
0 0.030078125 0.6888888888888889 0.030078125 0.04861111111111111
0 0.09296875 0.6736111111111112 0.03359375 0.04722222222222222
0 0.149609375 0.66875 0.024609375 0.03819444444444445
0 0.1890625 0.6722222222222223 0.015625 0.030555555555555555
0 0.221875 0.6680555555555555 0.0171875 0.027777777777777776
0 0.24453125 0.6569444444444444 0.0140625 0.02638888888888889
0 0.462890625 0.6819444444444445 0.055078125 0.09027777777777778
0 0.38671875 0.6569444444444444 0.02265625 0.03194444444444444
