0 0.409765625 0.6645833333333333 0.005078125 0.010416666666666666
0 0.3921875 0.6645833333333333 0.00625 0.010416666666666666
0 0.37890625 0.6618055555555555 0.0078125 0.02013888888888889
0 0.3625 0.6583333333333333 0.009375 0.020833333333333332
0 0.341796875 0.6645833333333333 0.011328125 0.02847222222222222
0 0.30390625 0.6666666666666666 0.0296875 0.03888888888888889
0 0.4265625 0.6631944444444444 0.009375 0.010416666666666666
0 0.453125 0.6590277777777778 0.009375 0.010416666666666666
0 0.4734375 0.6618055555555555 0.00625 0.004861111111111111
0 0.487109375 0.6659722222222222 0.007421875 0.007638888888888889
0 0.531640625 0.6645833333333333 0.012109375 0.027083333333333334
0 0.562109375 0.6666666666666666 0.022265625 0.030555555555555555
0 0.606640625 0.6791666666666667 0.042578125 0.04722222222222222
0 0.934765625 0.6916666666666667 0.062890625 0.05138888888888889
9 0.137109375 0.5652777777777778 0.008984375 0.015277777777777777
9 0.696875 0.5722222222222222 0.00859375 0.020833333333333332
8 0.143359375 0.4736111111111111 0.013671875 0.009722222222222222
8 0.701171875 0.4791666666666667 0.015234375 0.008333333333333333
8 0.6875 0.5006944444444444 0.01484375 0.010416666666666666
8 0.8796875 0.5027777777777778 0.01015625 0.029166666666666667
8 0.533203125 0.6069444444444444 0.005859375 0.006944444444444444
8 0.497265625 0.6409722222222223 0.005078125 0.010416666666666666
9 0.435546875 0.6347222222222222 0.003515625 0.008333333333333333
9 0.35390625 0.3347222222222222 0.0078125 0.027777777777777776
9 0.334375 0.33125 0.01015625 0.035416666666666666
