8 0.77734375 0.05694444444444444 0.0234375 0.018055555555555554
8 0.752734375 0.16666666666666666 0.030859375 0.022222222222222223
8 0.741796875 0.2722222222222222 0.011328125 0.03194444444444444
9 0.708984375 0.27708333333333335 0.021484375 0.035416666666666666
9 0.715625 0.18541666666666667 0.01484375 0.049305555555555554
0 0.42421875 0.4479166666666667 0.00859375 0.017361111111111112
0 0.445703125 0.45694444444444443 0.016796875 0.029166666666666667
0 0.404296875 0.45902777777777776 0.006640625 0.021527777777777778
0 0.371875 0.4736111111111111 0.0125 0.03888888888888889
0 0.294921875 0.48819444444444443 0.013671875 0.03263888888888889
0 0.29140625 0.44583333333333336 0.02578125 0.013888888888888888
0 0.27109375 0.4909722222222222 0.02578125 0.04513888888888889
0 0.187890625 0.5013888888888889 0.084765625 0.08333333333333333
0 0.33828125 0.4909722222222222 0.0484375 0.05486111111111111
7 0.391796875 0.4666666666666667 0.011328125 0.041666666666666664
3 0.391015625 0.4930555555555556 0.012109375 0.03611111111111111
2 0.463671875 0.49583333333333335 0.013671875 0.09583333333333334
2 0.716796875 0.5708333333333333 0.033203125 0.14583333333333334
2 0.480859375 0.5034722222222222 0.017578125 0.10069444444444445
2 0.542578125 0.4840277777777778 0.016796875 0.09375
2 0.6546875 0.5375 0.040625 0.1736111111111111
0 0.062890625 0.5527777777777778 0.062109375 0.09444444444444444
