9 0.405078125 0.5 0.003515625 0.0125
9 0.48828125 0.51875 0.00390625 0.007638888888888889
9 0.41328125 0.5013888888888889 0.003125 0.009722222222222222
8 0.51796875 0.5180555555555556 0.01171875 0.006944444444444444
8 0.541796875 0.5083333333333333 0.004296875 0.008333333333333333
8 0.5453125 0.5215277777777778 0.00625 0.003472222222222222
9 0.478515625 0.55 0.003515625 0.004166666666666667
9 0.45859375 0.5513888888888889 0.00234375 0.004166666666666667
0 0.452734375 0.5791666666666667 0.005078125 0.006944444444444444
0 0.447265625 0.5819444444444445 0.007421875 0.011111111111111112
0 0.44609375 0.5888888888888889 0.0078125 0.013888888888888888
0 0.440234375 0.5951388888888889 0.008203125 0.013194444444444444
0 0.433203125 0.5993055555555555 0.005859375 0.011805555555555555
0 0.4296875 0.6013888888888889 0.0078125 0.013888888888888888
0 0.409765625 0.60625 0.014453125 0.017361111111111112
0 0.2421875 0.6583333333333333 0.04140625 0.05277777777777778
0 0.146484375 0.66875 0.066796875 0.08263888888888889
0 0.046875 0.6888888888888889 0.046875 0.1111111111111111
0 0.479296875 0.6 0.016015625 0.013888888888888888
0 0.5015625 0.5958333333333333 0.00625 0.009722222222222222
0 0.51640625 0.6006944444444444 0.01015625 0.017361111111111112
0 0.537109375 0.6020833333333333 0.009765625 0.022916666666666665
0 0.54375 0.6076388888888888 0.00703125 0.02847222222222222
1 0.5796875 0.5854166666666667 0.0296875 0.059027777777777776
4 0.6890625 0.6458333333333334 0.1203125 0.12777777777777777
8 0.73515625 0.3770833333333333 0.01015625 0.017361111111111112
8 0.7484375 0.4125 0.0109375 0.008333333333333333
9 0.373828125 0.5763888888888888 0.005078125 0.008333333333333333
