0 0.14921875 0.7506944444444444 0.14921875 0.20902777777777778
0 0.972265625 0.8993055555555556 0.026953125 0.09513888888888888
0 0.826953125 0.6597222222222222 0.172265625 0.2152777777777778
0 0.48671875 0.7506944444444444 0.1515625 0.20347222222222222
9 0.41640625 0.39166666666666666 0.0046875 0.029166666666666667
9 0.625390625 0.4263888888888889 0.007421875 0.015277777777777777
9 0.40703125 0.38958333333333334 0.0046875 0.035416666666666666
9 0.429296875 0.3951388888888889 0.004296875 0.03263888888888889
9 0.81953125 0.38055555555555554 0.01015625 0.03333333333333333
9 0.808984375 0.23333333333333334 0.010546875 0.06805555555555555
9 0.35 0.5541666666666667 0.00390625 0.015277777777777777
9 0.88359375 0.3638888888888889 0.01171875 0.0375
9 0.645703125 0.5180555555555556 0.005859375 0.016666666666666666
8 0.516796875 0.39166666666666666 0.026171875 0.009722222222222222
8 0.294921875 0.5368055555555555 0.008984375 0.014583333333333334
8 0.52890625 0.5173611111111112 0.00546875 0.014583333333333334
8 0.635546875 0.47152777777777777 0.008203125 0.007638888888888889
8 0.6234375 0.37777777777777777 0.009375 0.013888888888888888
8 0.29609375 0.5729166666666666 0.00859375 0.004861111111111111
9 0.312109375 0.5680555555555555 0.002734375 0.009722222222222222
