0 0.472265625 0.6076388888888888 0.007421875 0.009027777777777777
0 0.462109375 0.6097222222222223 0.008203125 0.009722222222222222
0 0.451953125 0.6104166666666667 0.006640625 0.010416666666666666
0 0.44375 0.6104166666666667 0.00859375 0.013194444444444444
0 0.428515625 0.6125 0.008203125 0.013888888888888888
0 0.415625 0.6159722222222223 0.0125 0.021527777777777778
0 0.394921875 0.6201388888888889 0.016796875 0.022916666666666665
0 0.3765625 0.625 0.0125 0.02361111111111111
0 0.35703125 0.6305555555555555 0.01875 0.027777777777777776
0 0.324609375 0.6284722222222222 0.021484375 0.04236111111111111
0 0.278515625 0.6402777777777777 0.043359375 0.05
0 0.185546875 0.6618055555555555 0.054296875 0.06736111111111111
0 0.495703125 0.6041666666666666 0.008984375 0.013888888888888888
0 0.508203125 0.60625 0.003515625 0.009027777777777777
0 0.5140625 0.6076388888888888 0.0046875 0.010416666666666666
0 0.52265625 0.6076388888888888 0.00625 0.011805555555555555
0 0.5375 0.6076388888888888 0.01015625 0.01875
0 0.553515625 0.6104166666666667 0.014453125 0.027083333333333334
0 0.569921875 0.6138888888888889 0.019140625 0.0375
0 0.612109375 0.6180555555555556 0.038671875 0.05138888888888889
0 0.073828125 0.68125 0.073828125 0.08680555555555555
0 0.874609375 0.7319444444444444 0.122265625 0.16944444444444445
