8 0.67734375 0.5243055555555556 0.01875 0.029861111111111113
8 0.606640625 0.4215277777777778 0.037890625 0.03263888888888889
8 0.50234375 0.4326388888888889 0.03359375 0.02847222222222222
8 0.415234375 0.44583333333333336 0.030859375 0.027777777777777776
4 0.29375 0.56875 0.0171875 0.010416666666666666
0 0.320703125 0.5673611111111111 0.010546875 0.010416666666666666
0 0.37265625 0.5701388888888889 0.00859375 0.007638888888888889
0 0.458203125 0.5708333333333333 0.005859375 0.006944444444444444
0 0.556640625 0.5666666666666667 0.006640625 0.011111111111111112
0 0.5953125 0.5625 0.0046875 0.006944444444444444
0 0.58984375 0.5729166666666666 0.00703125 0.010416666666666666
0 0.571484375 0.5826388888888889 0.010546875 0.013194444444444444
0 0.523046875 0.5770833333333333 0.015234375 0.025694444444444443
