8 0.935546875 0.50625 0.009765625 0.01597222222222222
0 0.3203125 0.5652777777777778 0.0046875 0.008333333333333333
0 0.3875 0.5701388888888889 0.0046875 0.009027777777777777
0 0.376953125 0.5756944444444444 0.009765625 0.01597222222222222
0 0.440234375 0.5729166666666666 0.005859375 0.011805555555555555
0 0.46328125 0.5715277777777777 0.009375 0.010416666666666666
0 0.484375 0.5701388888888889 0.009375 0.013194444444444444
0 0.5078125 0.5638888888888889 0.015625 0.020833333333333332
0 0.534765625 0.5736111111111111 0.020703125 0.02361111111111111
2 0.56015625 0.5701388888888889 0.0046875 0.013194444444444444
0 0.58125 0.5729166666666666 0.015625 0.01597222222222222
0 0.612109375 0.575 0.017578125 0.018055555555555554
0 0.66328125 0.5756944444444444 0.01640625 0.02013888888888889
0 0.715234375 0.5798611111111112 0.033203125 0.02013888888888889
0 0.779296875 0.5826388888888889 0.033203125 0.021527777777777778
0 0.88515625 0.5645833333333333 0.01796875 0.009027777777777777
0 0.869921875 0.5840277777777778 0.022265625 0.022916666666666665
0 0.9859375 0.56875 0.0125 0.01597222222222222
0 0.9421875 0.5909722222222222 0.05390625 0.03680555555555556
0 0.839453125 0.6041666666666666 0.055078125 0.03333333333333333
0 0.404296875 0.5770833333333333 0.008984375 0.013194444444444444
0 0.35546875 0.5902777777777778 0.01953125 0.02638888888888889
0 0.289453125 0.5708333333333333 0.005859375 0.006944444444444444
0 0.273046875 0.575 0.005078125 0.008333333333333333
0 0.260546875 0.58125 0.009765625 0.010416666666666666
0 0.241796875 0.5819444444444445 0.008984375 0.011111111111111112
0 0.223828125 0.58125 0.005859375 0.010416666666666666
0 0.212109375 0.58125 0.010546875 0.014583333333333334
0 0.196875 0.58125 0.01015625 0.010416666666666666
0 0.180078125 0.5854166666666667 0.012890625 0.011805555555555555
0 0.15625 0.5930555555555556 0.01953125 0.016666666666666666
0 0.058984375 0.5979166666666667 0.022265625 0.02013888888888889
0 0.021875 0.5965277777777778 0.0203125 0.027083333333333334
