4 0.05390625 0.49166666666666664 0.053125 0.1527777777777778
4 0.97109375 0.6152777777777778 0.02734375 0.041666666666666664
9 0.014453125 0.2 0.008203125 0.034722222222222224
9 0.033203125 0.20555555555555555 0.008203125 0.03333333333333333
9 0.744140625 0.1701388888888889 0.012109375 0.04791666666666667
9 0.7125 0.17569444444444443 0.0109375 0.052083333333333336
9 0.758984375 0.19236111111111112 0.005859375 0.04791666666666667
0 0.17421875 0.5819444444444445 0.0765625 0.07083333333333333
0 0.866015625 0.6118055555555556 0.066796875 0.04513888888888889
0 0.719921875 0.6409722222222223 0.137890625 0.10347222222222222
2 0.28671875 0.575 0.0140625 0.03333333333333333
8 0.684765625 0.4097222222222222 0.012890625 0.0125
8 0.6609375 0.425 0.0078125 0.006944444444444444
