0 0.04140625 0.3798611111111111 0.03984375 0.035416666666666666
0 0.191796875 0.35694444444444445 0.021484375 0.029166666666666667
4 0.24921875 0.33194444444444443 0.02578125 0.06388888888888888
0 0.31875 0.35625 0.0203125 0.03125
8 0.481640625 0.27152777777777776 0.009765625 0.007638888888888889
8 0.515625 0.28194444444444444 0.00625 0.005555555555555556
8 0.5140625 0.29444444444444445 0.0046875 0.006944444444444444
8 0.51796875 0.3055555555555556 0.003125 0.008333333333333333
8 0.555078125 0.2777777777777778 0.003515625 0.009722222222222222
9 0.425 0.275 0.00234375 0.008333333333333333
8 0.419921875 0.3138888888888889 0.005078125 0.008333333333333333
9 0.37421875 0.27361111111111114 0.003125 0.011111111111111112
9 0.391015625 0.275 0.003515625 0.008333333333333333
4 0.47421875 0.31319444444444444 0.009375 0.017361111111111112
0 0.482421875 0.33402777777777776 0.005859375 0.009027777777777777
