0 0.4375 0.37430555555555556 0.0140625 0.021527777777777778
0 0.3921875 0.3715277777777778 0.009375 0.01875
8 0.358984375 0.3076388888888889 0.006640625 0.007638888888888889
0 0.37578125 0.3729166666666667 0.01015625 0.02847222222222222
0 0.360546875 0.38263888888888886 0.012890625 0.029861111111111113
0 0.341796875 0.38125 0.016796875 0.04236111111111111
0 0.312109375 0.3819444444444444 0.027734375 0.0625
0 0.27109375 0.3972222222222222 0.04765625 0.07777777777777778
0 0.122265625 0.4097222222222222 0.122265625 0.12222222222222222
0 0.0453125 0.5055555555555555 0.04453125 0.09027777777777778
0 0.46171875 0.3736111111111111 0.00625 0.013888888888888888
0 0.47734375 0.3715277777777778 0.0109375 0.027083333333333334
0 0.49296875 0.3715277777777778 0.0125 0.03125
0 0.509765625 0.37222222222222223 0.008984375 0.04027777777777778
0 0.540234375 0.3548611111111111 0.031640625 0.07152777777777777
0 0.5703125 0.37083333333333335 0.034375 0.08055555555555556
0 0.667578125 0.3854166666666667 0.090234375 0.12708333333333333
0 0.83046875 0.4263888888888889 0.1671875 0.1736111111111111
0 0.410546875 0.3736111111111111 0.008203125 0.016666666666666666
