9 0.1421875 0.09583333333333334 0.00859375 0.044444444444444446
9 0.566796875 0.2048611111111111 0.005859375 0.025694444444444443
9 0.676953125 0.35208333333333336 0.005859375 0.01597222222222222
9 0.119140625 0.41388888888888886 0.005859375 0.015277777777777777
9 0.1390625 0.4125 0.00390625 0.009722222222222222
9 0.139453125 0.3729166666666667 0.007421875 0.021527777777777778
8 0.66328125 0.2986111111111111 0.0109375 0.008333333333333333
8 0.938671875 0.08680555555555555 0.026953125 0.02013888888888889
8 0.937890625 0.12708333333333333 0.027734375 0.01597222222222222
9 0.97109375 0.20069444444444445 0.01484375 0.034027777777777775
0 0.86875 0.4173611111111111 0.06328125 0.04513888888888889
0 0.85625 0.40208333333333335 0.08828125 0.07013888888888889
0 0.439453125 0.4618055555555556 0.015234375 0.024305555555555556
0 0.50234375 0.4618055555555556 0.01796875 0.022916666666666665
0 0.3375 0.47291666666666665 0.01953125 0.03680555555555556
2 0.387890625 0.4895833333333333 0.030859375 0.1326388888888889
2 0.662890625 0.49444444444444446 0.031640625 0.12638888888888888
2 0.744140625 0.4666666666666667 0.026953125 0.12222222222222222
2 0.86953125 0.4673611111111111 0.03828125 0.15625
2 0.945703125 0.47638888888888886 0.035546875 0.1527777777777778
2 0.025390625 0.5125 0.011328125 0.043055555555555555
2 0.296875 0.4673611111111111 0.00859375 0.02847222222222222
2 0.273046875 0.4736111111111111 0.007421875 0.029166666666666667
2 0.60546875 0.48541666666666666 0.0265625 0.12986111111111112
2 0.623046875 0.4791666666666667 0.022265625 0.1111111111111111
2 0.57109375 0.46319444444444446 0.01875 0.11041666666666666
2 0.894140625 0.4513888888888889 0.031640625 0.14305555555555555
2 0.094140625 0.5020833333333333 0.013671875 0.052083333333333336
2 0.70703125 0.4361111111111111 0.009375 0.04722222222222222
2 0.716015625 0.4027777777777778 0.007421875 0.015277777777777777
2 0.2234375 0.49236111111111114 0.0171875 0.04791666666666667
0 0.482421875 0.45555555555555555 0.005859375 0.011111111111111112
0 0.45546875 0.45625 0.00546875 0.010416666666666666
9 0.154296875 0.10208333333333333 0.004296875 0.03819444444444445
