0 0.046484375 0.5986111111111111 0.046484375 0.1638888888888889
0 0.253515625 0.5 0.078515625 0.09027777777777778
4 0.98515625 0.49375 0.0125 0.08680555555555555
1 0.66484375 0.4236111111111111 0.03359375 0.06666666666666667
1 0.6171875 0.425 0.015625 0.03888888888888889
1 0.45625 0.41458333333333336 0.01796875 0.034027777777777775
0 0.415234375 0.45 0.019921875 0.029166666666666667
0 0.92578125 0.4625 0.046875 0.027777777777777776
2 0.53671875 0.46805555555555556 0.01171875 0.04722222222222222
2 0.494921875 0.46458333333333335 0.008203125 0.05347222222222222
2 0.51171875 0.4576388888888889 0.01015625 0.04513888888888889
2 0.363671875 0.4701388888888889 0.008203125 0.029861111111111113
2 0.38828125 0.4701388888888889 0.0109375 0.04791666666666667
2 0.796875 0.46111111111111114 0.00703125 0.029166666666666667
2 0.850390625 0.46597222222222223 0.007421875 0.04375
2 0.630078125 0.4534722222222222 0.008203125 0.03263888888888889
2 0.33046875 0.4576388888888889 0.00625 0.04236111111111111
2 0.337890625 0.4409722222222222 0.008203125 0.03819444444444445
2 0.02109375 0.4340277777777778 0.01484375 0.04513888888888889
2 0.080859375 0.46041666666666664 0.012109375 0.06180555555555556
2 0.107421875 0.4909722222222222 0.007421875 0.027083333333333334
2 0.48203125 0.45208333333333334 0.00625 0.03680555555555556
2 0.77421875 0.46041666666666664 0.0046875 0.029861111111111113
2 0.760546875 0.45416666666666666 0.005859375 0.029166666666666667
2 0.766796875 0.4236111111111111 0.002734375 0.011111111111111112
2 0.5890625 0.4395833333333333 0.00625 0.024305555555555556
2 0.73125 0.48194444444444445 0.00859375 0.027777777777777776
2 0.9484375 0.4638888888888889 0.00625 0.04861111111111111
2 0.955078125 0.4597222222222222 0.008984375 0.04722222222222222
2 0.916796875 0.4618055555555556 0.007421875 0.034027777777777775
2 0.877734375 0.46458333333333335 0.010546875 0.04513888888888889
2 0.747265625 0.4798611111111111 0.006640625 0.035416666666666666
8 0.676171875 0.32569444444444445 0.009765625 0.017361111111111112
8 0.74375 0.3451388888888889 0.01015625 0.004861111111111111
8 0.73671875 0.35625 0.01171875 0.00625
8 0.90625 0.31805555555555554 0.015625 0.009722222222222222
8 0.908203125 0.33194444444444443 0.010546875 0.006944444444444444
9 0.30703125 0.2520833333333333 0.00546875 0.022916666666666665
9 0.445703125 0.29791666666666666 0.001953125 0.013194444444444444
9 0.432421875 0.29791666666666666 0.003515625 0.01597222222222222
9 0.930078125 0.3770833333333333 0.009765625 0.011805555555555555
9 0.4390625 0.29305555555555557 0.003125 0.018055555555555554
9 0.623046875 0.30416666666666664 0.002734375 0.0125
9 0.74140625 0.3958333333333333 0.00703125 0.011111111111111112
9 0.353515625 0.3951388888888889 0.006640625 0.011805555555555555
9 0.364453125 0.39652777777777776 0.006640625 0.013194444444444444
9 0.273828125 0.3715277777777778 0.008984375 0.013194444444444444
8 0.29296875 0.30277777777777776 0.0078125 0.006944444444444444
0 0.5703125 0.4409722222222222 0.01171875 0.011805555555555555
9 0.628125 0.30486111111111114 0.0 0.014583333333333334
9 0.61796875 0.30277777777777776 0.00234375 0.016666666666666666
0 0.430078125 0.42777777777777776 0.004296875 0.013888888888888888
8 0.2703125 0.32708333333333334 0.01171875 0.004861111111111111
8 0.96875 0.31666666666666665 0.02734375 0.06111111111111111
1 0.53828125 0.4305555555555556 0.01328125 0.020833333333333332
2 0.741796875 0.4305555555555556 0.008203125 0.019444444444444445
2 0.81796875 0.45069444444444445 0.00234375 0.02013888888888889
2 0.82421875 0.45694444444444443 0.003125 0.019444444444444445
