9 0.53984375 0.5590277777777778 0.0046875 0.013194444444444444
9 0.480859375 0.5590277777777778 0.005078125 0.010416666666666666
0 0.509765625 0.6034722222222222 0.010546875 0.017361111111111112
0 0.523828125 0.6125 0.011328125 0.019444444444444445
0 0.541015625 0.6263888888888889 0.017578125 0.03194444444444444
0 0.567578125 0.6319444444444444 0.015234375 0.0375
0 0.60703125 0.6451388888888889 0.03515625 0.05763888888888889
0 0.25390625 0.6541666666666667 0.03359375 0.0375
0 0.1875 0.6715277777777777 0.04140625 0.04791666666666667
0 0.08671875 0.7041666666666667 0.0671875 0.07361111111111111
0 0.455859375 0.6041666666666666 0.012109375 0.016666666666666666
0 0.388671875 0.6055555555555555 0.016796875 0.022222222222222223
0 0.408203125 0.6041666666666666 0.010546875 0.016666666666666666
0 0.421875 0.6020833333333333 0.01171875 0.01875
0 0.683984375 0.6708333333333333 0.072265625 0.0763888888888889
0 0.01640625 0.7645833333333333 0.01640625 0.05763888888888889
0 0.88046875 0.7826388888888889 0.11875 0.21597222222222223
