9 0.133203125 0.35138888888888886 0.006640625 0.02638888888888889
9 0.2171875 0.3958333333333333 0.0046875 0.02361111111111111
9 0.405859375 0.5229166666666667 0.005078125 0.009027777777777777
9 0.1171875 0.3506944444444444 0.00625 0.025694444444444443
9 0.142578125 0.3506944444444444 0.005859375 0.024305555555555556
9 0.23515625 0.39861111111111114 0.0046875 0.022222222222222223
9 0.637890625 0.19583333333333333 0.008203125 0.0375
9 0.66796875 0.19652777777777777 0.00859375 0.03680555555555556
9 0.126171875 0.5388888888888889 0.001953125 0.009722222222222222
8 0.053515625 0.5472222222222223 0.005078125 0.002777777777777778
8 0.343359375 0.42083333333333334 0.013671875 0.015277777777777777
8 0.39140625 0.4979166666666667 0.00390625 0.007638888888888889
8 0.25546875 0.5402777777777777 0.00390625 0.008333333333333333
8 0.9890625 0.08333333333333333 0.01015625 0.06666666666666667
8 0.978515625 0.21041666666666667 0.020703125 0.03958333333333333
9 0.239453125 0.5256944444444445 0.001953125 0.010416666666666666
9 0.065625 0.5826388888888889 0.00234375 0.007638888888888889
9 0.0546875 0.5590277777777778 0.00234375 0.00625
9 0.141796875 0.5694444444444444 0.002734375 0.006944444444444444
9 0.21328125 0.5298611111111111 0.003125 0.009027777777777777
8 0.321875 0.5381944444444444 0.00390625 0.017361111111111112
2 0.650390625 0.5597222222222222 0.005859375 0.013888888888888888
2 0.40703125 0.58125 0.00703125 0.035416666666666666
2 0.49609375 0.5923611111111111 0.01015625 0.035416666666666666
2 0.06796875 0.6048611111111111 0.00390625 0.01875
0 0.017578125 0.6319444444444444 0.017578125 0.03888888888888889
0 0.08046875 0.6069444444444444 0.0078125 0.009722222222222222
0 0.123828125 0.5972222222222222 0.025390625 0.016666666666666666
0 0.15390625 0.5944444444444444 0.003125 0.005555555555555556
0 0.161328125 0.5993055555555555 0.005078125 0.011805555555555555
0 0.190625 0.6020833333333333 0.00546875 0.00625
0 0.222265625 0.5826388888888889 0.014453125 0.022916666666666665
0 0.1015625 0.6069444444444444 0.01484375 0.016666666666666666
0 0.175390625 0.5986111111111111 0.011328125 0.015277777777777777
9 0.2484375 0.5673611111111111 0.003125 0.004861111111111111
0 0.247265625 0.5944444444444444 0.013671875 0.019444444444444445
4 0.940234375 0.5138888888888888 0.057421875 0.09166666666666666
