8 0.55546875 0.4048611111111111 0.0046875 0.009027777777777777
8 0.3390625 0.3875 0.00625 0.015277777777777777
8 0.326953125 0.3611111111111111 0.005859375 0.009722222222222222
8 0.325390625 0.38263888888888886 0.005859375 0.00625
8 0.634375 0.35555555555555557 0.009375 0.008333333333333333
8 0.64453125 0.33611111111111114 0.009375 0.006944444444444444
8 0.576953125 0.3993055555555556 0.005078125 0.007638888888888889
8 0.56171875 0.3458333333333333 0.01484375 0.008333333333333333
9 0.367578125 0.3076388888888889 0.003515625 0.013194444444444444
9 0.523828125 0.3277777777777778 0.003515625 0.011111111111111112
9 0.517578125 0.3277777777777778 0.003515625 0.011111111111111112
9 0.3609375 0.3090277777777778 0.00390625 0.014583333333333334
2 0.296484375 0.425 0.005859375 0.022222222222222223
2 0.22734375 0.43472222222222223 0.00859375 0.029166666666666667
2 0.195703125 0.43472222222222223 0.008984375 0.034722222222222224
2 0.18984375 0.43472222222222223 0.0078125 0.034722222222222224
2 0.898828125 0.4548611111111111 0.008203125 0.03958333333333333
2 0.594140625 0.44305555555555554 0.005078125 0.020833333333333332
2 0.62421875 0.4354166666666667 0.00390625 0.011805555555555555
0 0.155078125 0.4326388888888889 0.027734375 0.07013888888888889
0 0.3953125 0.43819444444444444 0.00625 0.014583333333333334
0 0.4421875 0.4375 0.01171875 0.018055555555555554
0 0.46796875 0.4423611111111111 0.00546875 0.010416666666666666
0 0.45703125 0.44305555555555554 0.00390625 0.0125
0 0.476953125 0.44027777777777777 0.005859375 0.0125
0 0.3859375 0.4375 0.00625 0.015277777777777777
0 0.377734375 0.4395833333333333 0.005859375 0.017361111111111112
0 0.568359375 0.4534722222222222 0.005859375 0.010416666666666666
0 0.521875 0.44583333333333336 0.0046875 0.011111111111111112
0 0.516796875 0.4479166666666667 0.004296875 0.009027777777777777
0 0.555078125 0.4534722222222222 0.009765625 0.010416666666666666
0 0.668359375 0.4527777777777778 0.025390625 0.020833333333333332
0 0.72578125 0.45694444444444443 0.04140625 0.029166666666666667
0 0.839453125 0.4576388888888889 0.057421875 0.03819444444444445
0 0.3328125 0.4625 0.05078125 0.05694444444444444
0 0.416796875 0.4423611111111111 0.019140625 0.025694444444444443
0 0.491796875 0.4395833333333333 0.012109375 0.021527777777777778
0 0.533203125 0.44513888888888886 0.008984375 0.01597222222222222
0 0.083203125 0.48541666666666666 0.083203125 0.19791666666666666
