8 0.128515625 0.3298611111111111 0.016015625 0.009027777777777777
9 0.105859375 0.35138888888888886 0.008984375 0.013888888888888888
9 0.6109375 0.35694444444444445 0.00859375 0.018055555555555554
9 0.479296875 0.20902777777777778 0.006640625 0.027083333333333334
9 0.733203125 0.2826388888888889 0.006640625 0.025694444444444443
9 0.463671875 0.21597222222222223 0.008984375 0.03125
8 0.857421875 0.13194444444444445 0.037890625 0.020833333333333332
0 0.381640625 0.5895833333333333 0.130078125 0.1951388888888889
0 0.826953125 0.6340277777777777 0.172265625 0.23958333333333334
0 0.49140625 0.45555555555555555 0.02578125 0.041666666666666664
0 0.225 0.46041666666666664 0.0359375 0.04236111111111111
2 0.74375 0.44513888888888886 0.0140625 0.03680555555555556
7 0.047265625 0.4548611111111111 0.011328125 0.04652777777777778
3 0.0453125 0.47638888888888886 0.01328125 0.0375
8 0.58515625 0.32013888888888886 0.0140625 0.009027777777777777
8 0.758203125 0.2847222222222222 0.009765625 0.020833333333333332
8 0.773828125 0.27708333333333335 0.022265625 0.03958333333333333
