0 0.652734375 0.5416666666666666 0.194921875 0.14166666666666666
0 0.1109375 0.4652777777777778 0.1109375 0.13055555555555556
8 0.1875 0.27291666666666664 0.0109375 0.025694444444444443
8 0.434375 0.3159722222222222 0.0171875 0.035416666666666666
8 0.2921875 0.38263888888888886 0.009375 0.02013888888888889
8 0.0078125 0.33194444444444443 0.0078125 0.009722222222222222
5 0.262109375 0.45902777777777776 0.030859375 0.03819444444444445
9 0.278125 0.3111111111111111 0.01328125 0.020833333333333332
8 0.29375 0.41944444444444445 0.00859375 0.015277777777777777
8 0.81171875 0.2965277777777778 0.00859375 0.04791666666666667
8 0.808984375 0.36666666666666664 0.012890625 0.019444444444444445
2 0.989453125 0.5270833333333333 0.008984375 0.06736111111111111
2 0.907421875 0.5347222222222222 0.012109375 0.0875
2 0.88046875 0.5402777777777777 0.0125 0.07916666666666666
2 0.860546875 0.5375 0.012890625 0.0763888888888889
