8 0.25 0.25763888888888886 0.0140625 0.022916666666666665
8 0.25 0.2881944444444444 0.00703125 0.007638888888888889
8 0.41328125 0.2604166666666667 0.0078125 0.009027777777777777
8 0.6453125 0.20625 0.01171875 0.025694444444444443
8 0.644140625 0.2548611111111111 0.013671875 0.022916666666666665
8 0.64375 0.2875 0.00703125 0.013888888888888888
8 0.61484375 0.32083333333333336 0.003125 0.009722222222222222
8 0.601953125 0.3284722222222222 0.004296875 0.013194444444444444
8 0.509765625 0.3298611111111111 0.003515625 0.011805555555555555
8 0.359765625 0.25277777777777777 0.007421875 0.009722222222222222
9 0.7859375 0.25763888888888886 0.0109375 0.027083333333333334
8 0.250390625 0.32222222222222224 0.004296875 0.009722222222222222
0 0.491015625 0.37777777777777777 0.009765625 0.016666666666666666
0 0.515234375 0.3784722222222222 0.012109375 0.021527777777777778
0 0.42109375 0.3798611111111111 0.0046875 0.009027777777777777
0 0.44921875 0.3784722222222222 0.01015625 0.013194444444444444
0 0.409375 0.3770833333333333 0.00859375 0.011805555555555555
0 0.38828125 0.3770833333333333 0.01171875 0.011805555555555555
0 0.29296875 0.3840277777777778 0.0125 0.01597222222222222
0 0.204296875 0.3972222222222222 0.039453125 0.04027777777777778
0 0.152734375 0.4 0.016796875 0.02638888888888889
0 0.10234375 0.4041666666666667 0.03515625 0.0375
0 0.041015625 0.41180555555555554 0.041015625 0.04513888888888889
0 0.24609375 0.40555555555555556 0.00625 0.019444444444444445
0 0.533203125 0.37222222222222223 0.007421875 0.015277777777777777
0 0.476171875 0.38680555555555557 0.014453125 0.013194444444444444
