0 0.442578125 0.5430555555555555 0.008984375 0.005555555555555556
9 0.4671875 0.5423611111111111 0.00703125 0.007638888888888889
0 0.497265625 0.5479166666666667 0.008203125 0.00625
0 0.54609375 0.5486111111111112 0.0046875 0.011111111111111112
0 0.58828125 0.5618055555555556 0.00625 0.010416666666666666
0 0.6171875 0.5666666666666667 0.0171875 0.0125
0 0.562109375 0.5444444444444444 0.006640625 0.006944444444444444
0 0.565625 0.5694444444444444 0.01484375 0.015277777777777777
0 0.523828125 0.5666666666666667 0.020703125 0.03333333333333333
0 0.691796875 0.6006944444444444 0.016796875 0.034027777777777775
0 0.645703125 0.6243055555555556 0.049609375 0.06180555555555556
8 0.98125 0.41458333333333336 0.0140625 0.025694444444444443
9 0.56015625 0.5166666666666667 0.0046875 0.005555555555555556
