8 0.4453125 0.2673611111111111 0.0296875 0.03125
0 0.45234375 0.3416666666666667 0.00703125 0.015277777777777777
0 0.440234375 0.33194444444444443 0.005078125 0.005555555555555556
0 0.55390625 0.3701388888888889 0.0140625 0.024305555555555556
0 0.466796875 0.34305555555555556 0.008203125 0.011111111111111112
0 0.4328125 0.3729166666666667 0.02578125 0.04236111111111111
0 0.523046875 0.3840277777777778 0.028515625 0.03680555555555556
0 0.735546875 0.42083333333333334 0.112109375 0.12777777777777777
0 0.36015625 0.3548611111111111 0.01328125 0.014583333333333334
0 0.315234375 0.36666666666666664 0.026953125 0.02638888888888889
0 0.24609375 0.36527777777777776 0.04765625 0.041666666666666664
4 0.090625 0.33125 0.090625 0.13541666666666666
0 0.195703125 0.3784722222222222 0.015234375 0.03958333333333333
8 0.182421875 0.26875 0.008984375 0.022916666666666665
