9 0.3265625 0.1125 0.0078125 0.0375
9 0.829296875 0.33541666666666664 0.010546875 0.01875
9 0.313671875 0.11458333333333333 0.006640625 0.035416666666666666
9 0.34609375 0.11458333333333333 0.00859375 0.035416666666666666
8 0.17578125 0.2423611111111111 0.01875 0.013194444444444444
8 0.203125 0.2777777777777778 0.00859375 0.0125
8 0.65703125 0.3645833333333333 0.0109375 0.027083333333333334
0 0.45 0.42083333333333334 0.00703125 0.015277777777777777
0 0.43828125 0.41875 0.00859375 0.01875
0 0.4984375 0.4125 0.00859375 0.013888888888888888
0 0.51015625 0.4131944444444444 0.009375 0.017361111111111112
0 0.5234375 0.41388888888888886 0.0078125 0.015277777777777777
0 0.53828125 0.41458333333333336 0.0125 0.025694444444444443
0 0.554296875 0.4305555555555556 0.013671875 0.030555555555555555
0 0.592578125 0.45 0.030859375 0.0375
0 0.269140625 0.48333333333333334 0.166796875 0.18888888888888888
