0 0.097265625 0.6048611111111111 0.097265625 0.15069444444444444
0 0.492578125 0.5194444444444445 0.012890625 0.015277777777777777
0 0.5453125 0.54375 0.02578125 0.049305555555555554
0 0.41796875 0.5277777777777778 0.021875 0.03333333333333333
0 0.469140625 0.5736111111111111 0.044140625 0.06111111111111111
0 0.597265625 0.5770833333333333 0.045703125 0.06041666666666667
0 0.2703125 0.5208333333333334 0.01796875 0.019444444444444445
0 0.309375 0.525 0.02109375 0.018055555555555554
0 0.340625 0.5145833333333333 0.00859375 0.011805555555555555
0 0.395703125 0.5041666666666667 0.008203125 0.0125
0 0.43515625 0.47708333333333336 0.00546875 0.00625
0 0.411328125 0.4756944444444444 0.005078125 0.004861111111111111
0 0.512890625 0.48125 0.007421875 0.013194444444444444
0 0.4734375 0.47708333333333336 0.0046875 0.00625
0 0.4234375 0.47430555555555554 0.0078125 0.007638888888888889
8 0.191796875 0.4076388888888889 0.013671875 0.009027777777777777
8 0.5453125 0.45694444444444443 0.00625 0.005555555555555556
9 0.4953125 0.43333333333333335 0.0046875 0.008333333333333333
9 0.59140625 0.4666666666666667 0.00703125 0.009722222222222222
9 0.580078125 0.4861111111111111 0.004296875 0.009722222222222222
9 0.4828125 0.45 0.003125 0.008333333333333333
9 0.44296875 0.41458333333333336 0.00390625 0.009027777777777777
9 0.537109375 0.4777777777777778 0.002734375 0.005555555555555556
0 0.384765625 0.4777777777777778 0.008203125 0.011111111111111112
9 0.257421875 0.4527777777777778 0.003515625 0.005555555555555556
