9 0.3546875 0.47291666666666665 0.00390625 0.010416666666666666
9 0.51171875 0.4583333333333333 0.00234375 0.009722222222222222
9 0.48203125 0.4236111111111111 0.00234375 0.009722222222222222
9 0.4078125 0.4305555555555556 0.003125 0.006944444444444444
8 0.6 0.30694444444444446 0.00859375 0.019444444444444445
8 0.523828125 0.45902777777777776 0.008203125 0.01875
8 0.546484375 0.4423611111111111 0.004296875 0.009027777777777777
9 0.44375 0.46041666666666664 0.003125 0.00625
9 0.444140625 0.4798611111111111 0.002734375 0.00625
9 0.484375 0.4534722222222222 0.00234375 0.00625
0 0.62578125 0.48680555555555555 0.0296875 0.03819444444444445
0 0.49296875 0.4875 0.0046875 0.004166666666666667
0 0.462890625 0.49375 0.002734375 0.00625
0 0.47109375 0.49166666666666664 0.003125 0.005555555555555556
0 0.47734375 0.49236111111111114 0.00546875 0.004861111111111111
0 0.298046875 0.5152777777777777 0.014453125 0.015277777777777777
0 0.33828125 0.5069444444444444 0.01171875 0.011111111111111112
0 0.510546875 0.6902777777777778 0.002734375 0.0
0 0.571484375 0.5020833333333333 0.012109375 0.021527777777777778
