9 0.44609375 0.4909722222222222 0.0046875 0.017361111111111112
9 0.49921875 0.4736111111111111 0.00546875 0.015277777777777777
9 0.565234375 0.47708333333333336 0.004296875 0.014583333333333334
9 0.6234375 0.49444444444444446 0.00390625 0.011111111111111112
8 0.360546875 0.45555555555555555 0.007421875 0.009722222222222222
8 0.3625 0.41875 0.01328125 0.022916666666666665
8 0.753515625 0.43194444444444446 0.007421875 0.009722222222222222
8 0.75234375 0.39375 0.015625 0.025694444444444443
8 0.752734375 0.34097222222222223 0.012890625 0.021527777777777778
8 0.628515625 0.5194444444444445 0.005859375 0.013888888888888888
0 0.609375 0.5625 0.0125 0.018055555555555554
0 0.563671875 0.5444444444444444 0.008984375 0.011111111111111112
0 0.54921875 0.5756944444444444 0.01171875 0.03263888888888889
0 0.58125 0.5743055555555555 0.02265625 0.03125
0 0.5234375 0.5506944444444445 0.01796875 0.014583333333333334
0 0.388671875 0.6097222222222223 0.030859375 0.05277777777777778
0 0.68984375 0.5833333333333334 0.02578125 0.0375
0 0.7359375 0.5548611111111111 0.01484375 0.01597222222222222
0 0.806640625 0.5965277777777778 0.054296875 0.05486111111111111
0 0.63671875 0.5965277777777778 0.04140625 0.052083333333333336
0 0.47890625 0.6763888888888889 0.08828125 0.12916666666666668
0 0.172265625 0.7041666666666667 0.147265625 0.13472222222222222
0 0.88125 0.7118055555555556 0.1171875 0.1840277777777778
