0 0.6625 0.5930555555555556 0.0640625 0.08055555555555556
0 0.582421875 0.5770833333333333 0.032421875 0.04375
4 0.548046875 0.5159722222222223 0.039453125 0.07013888888888889
0 0.49609375 0.5493055555555556 0.01171875 0.02013888888888889
0 0.43515625 0.5534722222222223 0.00859375 0.010416666666666666
0 0.47421875 0.5576388888888889 0.00859375 0.011805555555555555
0 0.9046875 0.5597222222222222 0.071875 0.05138888888888889
0 0.85546875 0.5291666666666667 0.04375 0.05694444444444444
0 0.035546875 0.65625 0.033203125 0.052083333333333336
0 0.1578125 0.6104166666666667 0.03125 0.03125
0 0.244140625 0.5777777777777777 0.026171875 0.020833333333333332
0 0.275390625 0.5791666666666667 0.013671875 0.018055555555555554
