8 0.44921875 0.33402777777777776 0.04453125 0.03263888888888889
8 0.361328125 0.34375 0.006640625 0.014583333333333334
8 0.541015625 0.3909722222222222 0.004296875 0.010416666666666666
8 0.653515625 0.41180555555555554 0.004296875 0.011805555555555555
0 0.625390625 0.4444444444444444 0.005078125 0.008333333333333333
0 0.616015625 0.44513888888888886 0.005859375 0.007638888888888889
0 0.5984375 0.44305555555555554 0.00859375 0.0125
0 0.501953125 0.43194444444444446 0.016015625 0.009722222222222222
0 0.540625 0.44583333333333336 0.01484375 0.020833333333333332
0 0.640625 0.4513888888888889 0.01640625 0.025
0 0.386328125 0.4326388888888889 0.016015625 0.01597222222222222
0 0.31015625 0.4354166666666667 0.025 0.021527777777777778
4 0.72421875 0.4361111111111111 0.02109375 0.022222222222222223
8 0.959375 0.4125 0.00625 0.005555555555555556
8 0.973828125 0.4166666666666667 0.005859375 0.005555555555555556
8 0.971484375 0.4340277777777778 0.006640625 0.007638888888888889
8 0.91484375 0.4625 0.01015625 0.011111111111111112
