0 0.55703125 0.2826388888888889 0.00546875 0.009027777777777777
0 0.544140625 0.2861111111111111 0.006640625 0.008333333333333333
0 0.52578125 0.29583333333333334 0.00703125 0.011111111111111112
0 0.516796875 0.33125 0.009765625 0.017361111111111112
4 0.55625 0.325 0.01875 0.022222222222222223
0 0.55390625 0.36944444444444446 0.0234375 0.043055555555555555
0 0.606640625 0.4111111111111111 0.043359375 0.05277777777777778
0 0.838671875 0.4909722222222222 0.159765625 0.15069444444444444
0 0.289453125 0.41180555555555554 0.067578125 0.08402777777777778
4 0.442578125 0.37430555555555556 0.076953125 0.16041666666666668
