9 0.433984375 0.10555555555555556 0.011328125 0.04027777777777778
9 0.935546875 0.14791666666666667 0.008984375 0.034027777777777775
9 0.1140625 0.4076388888888889 0.01171875 0.01875
9 0.626953125 0.48055555555555557 0.005078125 0.009722222222222222
9 0.621875 0.4597222222222222 0.0046875 0.011111111111111112
9 0.499609375 0.4673611111111111 0.005078125 0.010416666666666666
9 0.143359375 0.4083333333333333 0.007421875 0.018055555555555554
9 0.458984375 0.10833333333333334 0.009765625 0.03888888888888889
8 0.23984375 0.16875 0.04296875 0.021527777777777778
8 0.359765625 0.11805555555555555 0.024609375 0.03611111111111111
9 0.477734375 0.46319444444444446 0.009765625 0.00625
8 0.3765625 0.46597222222222223 0.00859375 0.017361111111111112
8 0.773046875 0.4666666666666667 0.007421875 0.016666666666666666
8 0.119140625 0.2972222222222222 0.014453125 0.011111111111111112
0 0.53515625 0.5180555555555556 0.00703125 0.019444444444444445
0 0.651953125 0.5375 0.014453125 0.02361111111111111
0 0.633984375 0.5298611111111111 0.008203125 0.01597222222222222
0 0.75390625 0.5430555555555555 0.0265625 0.041666666666666664
0 0.79765625 0.5430555555555555 0.03046875 0.03611111111111111
0 0.35859375 0.5305555555555556 0.034375 0.044444444444444446
0 0.4671875 0.5194444444444445 0.01015625 0.0125
0 0.55546875 0.525 0.01875 0.027777777777777776
0 0.505078125 0.5333333333333333 0.026171875 0.043055555555555555
0 0.6109375 0.5243055555555556 0.02109375 0.025694444444444443
0 0.693359375 0.5256944444444445 0.041796875 0.05347222222222222
9 0.11484375 0.20833333333333334 0.01171875 0.04583333333333333
9 0.254296875 0.13819444444444445 0.011328125 0.052083333333333336
0 0.916796875 0.5548611111111111 0.081640625 0.09930555555555555
