8 0.5359375 0.4166666666666667 0.0078125 0.013888888888888888
8 0.4859375 0.4409722222222222 0.0046875 0.011805555555555555
8 0.32109375 0.4013888888888889 0.0109375 0.020833333333333332
0 0.409765625 0.4861111111111111 0.013671875 0.018055555555555554
0 0.47421875 0.4979166666666667 0.01796875 0.024305555555555556
0 0.517578125 0.4979166666666667 0.029296875 0.02847222222222222
0 0.7828125 0.5493055555555556 0.0828125 0.08125
0 0.3796875 0.49444444444444446 0.02421875 0.03194444444444444
0 0.3078125 0.48194444444444445 0.015625 0.03194444444444444
0 0.276953125 0.4875 0.023828125 0.0375
0 0.23984375 0.5034722222222222 0.01796875 0.025694444444444443
4 0.11875 0.4888888888888889 0.10546875 0.11944444444444445
0 0.914453125 0.5694444444444444 0.084765625 0.15833333333333333
