8 0.44140625 0.3236111111111111 0.0125 0.0125
8 0.18828125 0.33402777777777776 0.00703125 0.011805555555555555
8 0.282421875 0.3909722222222222 0.008984375 0.013194444444444444
8 0.58984375 0.2923611111111111 0.0203125 0.03125
8 0.6359375 0.28888888888888886 0.01640625 0.022222222222222223
8 0.731640625 0.3159722222222222 0.020703125 0.04513888888888889
8 0.808984375 0.31180555555555556 0.008203125 0.021527777777777778
0 0.88984375 0.3715277777777778 0.109375 0.12291666666666666
0 0.127734375 0.4625 0.126953125 0.10555555555555556
0 0.5875 0.5395833333333333 0.15390625 0.21597222222222223
0 0.70703125 0.41875 0.02109375 0.03958333333333333
