0 0.41953125 0.4826388888888889 0.00859375 0.011805555555555555
0 0.412890625 0.4888888888888889 0.007421875 0.018055555555555554
0 0.402734375 0.49027777777777776 0.008203125 0.019444444444444445
0 0.388671875 0.49444444444444446 0.012109375 0.02638888888888889
0 0.373828125 0.49583333333333335 0.016015625 0.034722222222222224
0 0.34921875 0.5034722222222222 0.02578125 0.04513888888888889
0 0.31953125 0.5229166666666667 0.0328125 0.05486111111111111
0 0.246484375 0.5388888888888889 0.062109375 0.08055555555555556
0 0.4578125 0.4798611111111111 0.00625 0.013194444444444444
0 0.46875 0.48194444444444445 0.00625 0.018055555555555554
0 0.48046875 0.4895833333333333 0.0109375 0.022916666666666665
0 0.494140625 0.49027777777777776 0.013671875 0.02638888888888889
0 0.515234375 0.5 0.022265625 0.03194444444444444
0 0.565625 0.5194444444444445 0.03359375 0.058333333333333334
0 0.625 0.5208333333333334 0.0546875 0.09583333333333334
0 0.809765625 0.5409722222222222 0.172265625 0.18958333333333333
0 0.940234375 0.7020833333333333 0.056640625 0.17708333333333334
8 0.5515625 0.4083333333333333 0.00703125 0.011111111111111112
