8 0.53515625 0.3368055555555556 0.00859375 0.029861111111111113
8 0.646875 0.2520833333333333 0.01875 0.03958333333333333
8 0.647265625 0.32083333333333336 0.015234375 0.034722222222222224
0 0.49609375 0.4673611111111111 0.034375 0.03819444444444445
0 0.20859375 0.4722222222222222 0.03515625 0.04861111111111111
0 0.32421875 0.45625 0.01484375 0.01875
0 0.14140625 0.4888888888888889 0.0328125 0.04722222222222222
0 0.453125 0.4625 0.02109375 0.027777777777777776
0 0.423046875 0.45694444444444443 0.010546875 0.0125
0 0.404296875 0.4548611111111111 0.006640625 0.010416666666666666
0 0.66640625 0.5076388888888889 0.10859375 0.11597222222222223
0 0.053515625 0.49444444444444446 0.053515625 0.07222222222222222
0 0.8578125 0.6541666666666667 0.14140625 0.2152777777777778
9 0.266015625 0.42986111111111114 0.006640625 0.013194444444444444
8 0.26875 0.3923611111111111 0.00703125 0.009027777777777777
0 0.348046875 0.45416666666666666 0.012109375 0.018055555555555554
0 0.366015625 0.45069444444444445 0.013671875 0.017361111111111112
9 0.45078125 0.425 0.00625 0.009722222222222222
9 0.344140625 0.37777777777777777 0.008203125 0.011111111111111112
9 0.414453125 0.38680555555555557 0.008203125 0.011805555555555555
