0 0.39296875 0.6097222222222223 0.009375 0.013888888888888888
0 0.40625 0.6097222222222223 0.0046875 0.011111111111111112
0 0.416015625 0.6131944444444445 0.005078125 0.013194444444444444
0 0.426953125 0.6097222222222223 0.008203125 0.011111111111111112
0 0.435546875 0.6159722222222223 0.008203125 0.017361111111111112
0 0.450390625 0.6194444444444445 0.006640625 0.013888888888888888
0 0.46015625 0.6215277777777778 0.00546875 0.011805555555555555
0 0.468359375 0.6194444444444445 0.005078125 0.020833333333333332
0 0.49140625 0.6236111111111111 0.0171875 0.027777777777777776
0 0.366015625 0.6229166666666667 0.017578125 0.03125
0 0.33671875 0.6159722222222223 0.0140625 0.022916666666666665
0 0.310546875 0.6166666666666667 0.010546875 0.018055555555555554
0 0.289453125 0.6159722222222223 0.005859375 0.010416666666666666
0 0.27421875 0.61875 0.0078125 0.013194444444444444
0 0.260546875 0.6201388888888889 0.007421875 0.014583333333333334
0 0.24921875 0.6256944444444444 0.0078125 0.02013888888888889
0 0.22734375 0.6229166666666667 0.01796875 0.024305555555555556
0 0.1859375 0.6243055555555556 0.0203125 0.02847222222222222
0 0.159765625 0.6319444444444444 0.013671875 0.027777777777777776
0 0.126171875 0.6340277777777777 0.025390625 0.034027777777777775
0 0.086328125 0.6451388888888889 0.037890625 0.035416666666666666
