0 0.825390625 0.5743055555555555 0.172265625 0.16597222222222222
0 0.625390625 0.5083333333333333 0.081640625 0.1
0 0.5109375 0.4777777777777778 0.04140625 0.05138888888888889
0 0.4703125 0.46111111111111114 0.021875 0.034722222222222224
0 0.435546875 0.4479166666666667 0.013671875 0.01875
0 0.14296875 0.46111111111111114 0.04375 0.03611111111111111
0 0.239453125 0.4444444444444444 0.019921875 0.02361111111111111
0 0.01953125 0.46458333333333335 0.01640625 0.011805555555555555
0 0.2640625 0.4479166666666667 0.00703125 0.017361111111111112
0 0.28359375 0.4395833333333333 0.009375 0.01597222222222222
0 0.317578125 0.4388888888888889 0.006640625 0.011111111111111112
0 0.32734375 0.43819444444444444 0.0046875 0.007638888888888889
0 0.340234375 0.4354166666666667 0.005859375 0.00625
0 0.362109375 0.43472222222222223 0.008984375 0.011111111111111112
0 0.4140625 0.4423611111111111 0.00625 0.01597222222222222
0 0.403125 0.4388888888888889 0.0046875 0.011111111111111112
0 0.394140625 0.4395833333333333 0.004296875 0.010416666666666666
0 0.38359375 0.43333333333333335 0.00390625 0.008333333333333333
0 0.30234375 0.44027777777777777 0.00703125 0.013888888888888888
8 0.51640625 0.3423611111111111 0.01328125 0.007638888888888889
8 0.201171875 0.3798611111111111 0.012109375 0.01597222222222222
9 0.216796875 0.27569444444444446 0.010546875 0.022916666666666665
9 0.392578125 0.30069444444444443 0.008203125 0.024305555555555556
9 0.380078125 0.38819444444444445 0.003515625 0.00625
9 0.325390625 0.38125 0.003515625 0.004861111111111111
9 0.340234375 0.4013888888888889 0.002734375 0.005555555555555556
9 0.3703125 0.40347222222222223 0.00390625 0.007638888888888889
8 0.526953125 0.30277777777777776 0.009765625 0.008333333333333333
