8 0.1203125 0.3402777777777778 0.03359375 0.06527777777777778
8 0.222265625 0.2326388888888889 0.073828125 0.04652777777777778
8 0.214453125 0.4486111111111111 0.018359375 0.030555555555555555
9 0.309375 0.4166666666666667 0.0078125 0.025
8 0.341796875 0.48194444444444445 0.007421875 0.018055555555555554
1 0.2375 0.5784722222222223 0.06953125 0.09236111111111112
0 0.294140625 0.6333333333333333 0.057421875 0.06111111111111111
0 0.40859375 0.6368055555555555 0.04609375 0.049305555555555554
9 0.43203125 0.5756944444444444 0.00546875 0.010416666666666666
9 0.440625 0.4673611111111111 0.003125 0.017361111111111112
0 0.46640625 0.6173611111111111 0.015625 0.029861111111111113
0 0.517578125 0.6083333333333333 0.018359375 0.022222222222222223
0 0.551171875 0.6208333333333333 0.017578125 0.027777777777777776
0 0.582421875 0.6263888888888889 0.026171875 0.029166666666666667
0 0.653515625 0.6291666666666667 0.041015625 0.04583333333333333
9 0.684375 0.40555555555555556 0.0046875 0.02361111111111111
9 0.7046875 0.40069444444444446 0.0078125 0.021527777777777778
8 0.696875 0.5298611111111111 0.009375 0.01875
9 0.70546875 0.5743055555555555 0.00703125 0.009027777777777777
2 0.762109375 0.6201388888888889 0.006640625 0.034027777777777775
0 0.813671875 0.6319444444444444 0.031640625 0.05277777777777778
8 0.8859375 0.38958333333333334 0.01640625 0.02013888888888889
8 0.887109375 0.4840277777777778 0.013671875 0.024305555555555556
9 0.91171875 0.5243055555555556 0.00859375 0.011805555555555555
8 0.9296875 0.3034722222222222 0.01953125 0.03819444444444445
8 0.98515625 0.4722222222222222 0.01328125 0.029166666666666667
9 0.90078125 0.6402777777777777 0.0984375 0.10555555555555556
9 0.472265625 0.5625 0.005859375 0.008333333333333333
9 0.546484375 0.5659722222222222 0.002734375 0.009027777777777777
9 0.44921875 0.4638888888888889 0.00390625 0.0125
8 0.41171875 0.4756944444444444 0.0125 0.017361111111111112
