8 0.401171875 0.44930555555555557 0.029296875 0.03125
8 0.476171875 0.44930555555555557 0.026171875 0.03125
8 0.287109375 0.5152777777777777 0.016796875 0.034722222222222224
8 0.315625 0.5625 0.00703125 0.016666666666666666
8 0.283984375 0.5631944444444444 0.009765625 0.007638888888888889
8 0.118359375 0.5673611111111111 0.008984375 0.017361111111111112
0 0.251953125 0.6215277777777778 0.017578125 0.011805555555555555
0 0.19609375 0.6347222222222222 0.0359375 0.05
0 0.1578125 0.5743055555555555 0.01328125 0.017361111111111112
0 0.444140625 0.5854166666666667 0.029296875 0.02847222222222222
0 0.483984375 0.69375 0.085546875 0.11736111111111111
1 0.378515625 0.5472222222222223 0.014453125 0.027777777777777776
0 0.4015625 0.5604166666666667 0.009375 0.010416666666666666
1 0.430078125 0.5493055555555556 0.008984375 0.02013888888888889
