8 0.2265625 0.28402777777777777 0.0078125 0.00625
8 0.30859375 0.26180555555555557 0.02265625 0.009027777777777777
8 0.238671875 0.32708333333333334 0.012109375 0.009027777777777777
8 0.6140625 0.27847222222222223 0.00546875 0.009027777777777777
8 0.81484375 0.25972222222222224 0.01015625 0.0375
9 0.356640625 0.2590277777777778 0.004296875 0.01875
9 0.540234375 0.2625 0.003515625 0.013888888888888888
9 0.223046875 0.3611111111111111 0.006640625 0.009722222222222222
9 0.3671875 0.26180555555555557 0.0046875 0.01875
9 0.54765625 0.26319444444444445 0.00390625 0.014583333333333334
2 0.271484375 0.4409722222222222 0.006640625 0.029861111111111113
2 0.249609375 0.4375 0.006640625 0.027777777777777776
2 0.283984375 0.44027777777777777 0.004296875 0.02361111111111111
2 0.23046875 0.45 0.0046875 0.020833333333333332
7 0.58984375 0.4270833333333333 0.0109375 0.04652777777777778
7 0.56640625 0.4236111111111111 0.00703125 0.03333333333333333
3 0.5859375 0.45902777777777776 0.00703125 0.03819444444444445
3 0.565234375 0.4388888888888889 0.005859375 0.027777777777777776
7 0.55625 0.4166666666666667 0.0046875 0.013888888888888888
3 0.55546875 0.4305555555555556 0.00390625 0.013888888888888888
0 0.084765625 0.4930555555555556 0.084765625 0.07777777777777778
0 0.4796875 0.4652777777777778 0.0421875 0.06527777777777778
0 0.373828125 0.4222222222222222 0.021484375 0.027777777777777776
4 0.8921875 0.46805555555555556 0.10703125 0.22083333333333333
0 0.752734375 0.4534722222222222 0.063671875 0.09513888888888888
4 0.66953125 0.3763888888888889 0.07421875 0.11527777777777778
0 0.4375 0.4263888888888889 0.0140625 0.016666666666666666
0 0.40390625 0.41805555555555557 0.01015625 0.020833333333333332
0 0.420703125 0.41944444444444445 0.005859375 0.015277777777777777
4 0.550390625 0.41041666666666665 0.011328125 0.025694444444444443
0 0.532421875 0.4166666666666667 0.006640625 0.015277777777777777
