8 0.316796875 0.4479166666666667 0.006640625 0.00625
8 0.520703125 0.41041666666666665 0.019140625 0.025694444444444443
8 0.5640625 0.4027777777777778 0.009375 0.018055555555555554
8 0.529296875 0.4479166666666667 0.005078125 0.009027777777777777
8 0.487109375 0.44305555555555554 0.005859375 0.006944444444444444
0 0.351171875 0.4756944444444444 0.008203125 0.017361111111111112
0 0.3125 0.46805555555555556 0.0078125 0.006944444444444444
0 0.29921875 0.4701388888888889 0.00546875 0.009027777777777777
0 0.393359375 0.4708333333333333 0.008984375 0.016666666666666666
0 0.363671875 0.4701388888888889 0.005859375 0.011805555555555555
0 0.37734375 0.47638888888888886 0.015625 0.02361111111111111
0 0.433203125 0.49375 0.027734375 0.03958333333333333
0 0.485546875 0.4791666666666667 0.017578125 0.022222222222222223
0 0.508203125 0.46875 0.005078125 0.007638888888888889
0 0.331640625 0.4826388888888889 0.015234375 0.01875
0 0.26640625 0.4861111111111111 0.0359375 0.043055555555555555
0 0.225390625 0.4736111111111111 0.011328125 0.0125
0 0.11953125 0.5597222222222222 0.11953125 0.15833333333333333
0 0.795703125 0.47708333333333336 0.030859375 0.021527777777777778
8 0.242578125 0.3888888888888889 0.007421875 0.006944444444444444
8 0.25390625 0.40902777777777777 0.0171875 0.01597222222222222
