8 0.141015625 0.3284722222222222 0.019921875 0.03263888888888889
8 0.443359375 0.3541666666666667 0.008984375 0.011111111111111112
8 0.709375 0.36875 0.01015625 0.009027777777777777
8 0.55078125 0.41041666666666665 0.00546875 0.00625
8 0.322265625 0.46041666666666664 0.004296875 0.017361111111111112
9 0.332421875 0.37222222222222223 0.007421875 0.018055555555555554
9 0.425 0.36180555555555555 0.00625 0.009027777777777777
9 0.41484375 0.42986111111111114 0.00390625 0.007638888888888889
9 0.5421875 0.3840277777777778 0.00703125 0.013194444444444444
9 0.40078125 0.4534722222222222 0.00546875 0.010416666666666666
9 0.70703125 0.41458333333333336 0.00390625 0.010416666666666666
9 0.676171875 0.28402777777777777 0.004296875 0.007638888888888889
9 0.6046875 0.2951388888888889 0.00625 0.009027777777777777
8 0.484375 0.45208333333333334 0.00859375 0.014583333333333334
0 0.340234375 0.4756944444444444 0.011328125 0.013194444444444444
0 0.308203125 0.4791666666666667 0.008203125 0.011111111111111112
0 0.412890625 0.475 0.006640625 0.0125
0 0.426171875 0.4777777777777778 0.008203125 0.011111111111111112
0 0.4390625 0.48055555555555557 0.0078125 0.009722222222222222
0 0.4515625 0.48125 0.0078125 0.010416666666666666
0 0.46953125 0.4861111111111111 0.01015625 0.013888888888888888
0 0.251953125 0.48055555555555557 0.024609375 0.029166666666666667
0 0.2125 0.47847222222222224 0.0078125 0.013194444444444444
0 0.1984375 0.48125 0.01015625 0.017361111111111112
0 0.187890625 0.4875 0.008203125 0.013888888888888888
0 0.173828125 0.4875 0.008203125 0.015277777777777777
0 0.16171875 0.4888888888888889 0.00703125 0.0125
0 0.1453125 0.4861111111111111 0.0125 0.019444444444444445
0 0.103515625 0.47708333333333336 0.027734375 0.027083333333333334
0 0.010546875 0.48333333333333334 0.010546875 0.029166666666666667
0 0.87265625 0.4965277777777778 0.021875 0.021527777777777778
0 0.384375 0.49236111111111114 0.025 0.03819444444444445
