8 0.188671875 0.22708333333333333 0.012109375 0.03680555555555556
8 0.2046875 0.11388888888888889 0.00546875 0.022222222222222223
9 0.21640625 0.22430555555555556 0.00625 0.013194444444444444
9 0.190234375 0.32430555555555557 0.007421875 0.011805555555555555
0 0.575 0.41041666666666665 0.00546875 0.010416666666666666
0 0.56328125 0.4097222222222222 0.00625 0.008333333333333333
0 0.54140625 0.4173611111111111 0.015625 0.017361111111111112
0 0.593359375 0.4076388888888889 0.005078125 0.009027777777777777
0 0.599609375 0.4076388888888889 0.003515625 0.009027777777777777
0 0.60546875 0.41041666666666665 0.00390625 0.010416666666666666
0 0.61484375 0.41041666666666665 0.00625 0.010416666666666666
0 0.64296875 0.4173611111111111 0.0046875 0.010416666666666666
0 0.6546875 0.42777777777777776 0.00625 0.011111111111111112
0 0.49765625 0.43680555555555556 0.03515625 0.03263888888888889
9 0.6609375 0.1701388888888889 0.01171875 0.03958333333333333
8 0.6859375 0.14583333333333334 0.01015625 0.020833333333333332
8 0.688671875 0.3763888888888889 0.005078125 0.006944444444444444
8 0.786328125 0.3576388888888889 0.010546875 0.017361111111111112
8 0.837890625 0.2548611111111111 0.019921875 0.009027777777777777
9 0.84609375 0.3055555555555556 0.009375 0.0125
8 0.8359375 0.3416666666666667 0.009375 0.020833333333333332
0 0.734765625 0.4576388888888889 0.062109375 0.07708333333333334
9 0.974609375 0.27152777777777776 0.010546875 0.022916666666666665
