0 0.3796875 0.5055555555555555 0.0046875 0.0125
0 0.50234375 0.5201388888888889 0.015625 0.022916666666666665
0 0.1421875 0.5131944444444444 0.01953125 0.025694444444444443
0 0.59375 0.5118055555555555 0.028125 0.02847222222222222
0 0.605078125 0.5159722222222223 0.018359375 0.024305555555555556
0 0.651953125 0.5090277777777777 0.026953125 0.03958333333333333
4 0.103515625 0.50625 0.025390625 0.03680555555555556
4 0.212890625 0.4951388888888889 0.048046875 0.05486111111111111
0 0.39609375 0.5111111111111111 0.01328125 0.015277777777777777
0 0.455859375 0.5145833333333333 0.019921875 0.01875
0 0.5375 0.5243055555555556 0.02734375 0.04236111111111111
0 0.31484375 0.5138888888888888 0.0609375 0.0875
0 0.042578125 0.5118055555555555 0.042578125 0.05763888888888889
0 0.94609375 0.5555555555555556 0.05234375 0.06666666666666667
1 0.208984375 0.4652777777777778 0.041015625 0.05138888888888889
8 0.623046875 0.42916666666666664 0.005859375 0.009722222222222222
