0 0.919921875 0.5402777777777777 0.079296875 0.1388888888888889
0 0.794921875 0.5493055555555556 0.080859375 0.08680555555555555
0 0.694921875 0.5076388888888889 0.053515625 0.06736111111111111
0 0.621875 0.48680555555555555 0.028125 0.024305555555555556
0 0.06875 0.5458333333333333 0.05390625 0.09444444444444444
0 0.460546875 0.4548611111111111 0.014453125 0.01597222222222222
0 0.43125 0.46805555555555556 0.00625 0.0125
0 0.416796875 0.4895833333333333 0.012109375 0.027083333333333334
0 0.44765625 0.4965277777777778 0.0203125 0.035416666666666666
0 0.526953125 0.49583333333333335 0.029296875 0.05277777777777778
0 0.38671875 0.4909722222222222 0.025 0.04375
0 0.34453125 0.525 0.04140625 0.059722222222222225
0 0.2140625 0.5736111111111111 0.12734375 0.1597222222222222
4 0.57265625 0.46319444444444446 0.046875 0.03819444444444445
0 0.49296875 0.5388888888888889 0.05390625 0.07916666666666666
8 0.243359375 0.3715277777777778 0.007421875 0.00625
8 0.248828125 0.38333333333333336 0.009765625 0.006944444444444444
8 0.254296875 0.4083333333333333 0.007421875 0.008333333333333333
8 0.357421875 0.3819444444444444 0.011328125 0.005555555555555556
9 0.39609375 0.38125 0.0046875 0.007638888888888889
9 0.500390625 0.3770833333333333 0.005078125 0.00625
0 0.4875 0.45555555555555555 0.015625 0.013888888888888888
