9 0.58203125 0.39791666666666664 0.0046875 0.013194444444444444
9 0.444921875 0.4131944444444444 0.003515625 0.009027777777777777
0 0.552734375 0.4791666666666667 0.008203125 0.011111111111111112
0 0.533984375 0.475 0.007421875 0.022222222222222223
0 0.49765625 0.4965277777777778 0.03359375 0.06041666666666667
2 0.3625 0.48333333333333334 0.01015625 0.03611111111111111
0 0.437109375 0.5798611111111112 0.080078125 0.11180555555555556
0 0.6234375 0.48194444444444445 0.01640625 0.027777777777777776
0 0.653125 0.46875 0.02421875 0.04652777777777778
0 0.70859375 0.5034722222222222 0.06953125 0.07708333333333334
0 0.906640625 0.5319444444444444 0.091796875 0.14722222222222223
9 0.576953125 0.3972222222222222 0.003515625 0.011111111111111112
