0 0.118359375 0.41180555555555554 0.022265625 0.021527777777777778
0 0.223046875 0.40625 0.014453125 0.02013888888888889
0 0.2515625 0.4027777777777778 0.0203125 0.02361111111111111
0 0.2875 0.40555555555555556 0.0140625 0.016666666666666666
0 0.31171875 0.4048611111111111 0.0078125 0.010416666666666666
0 0.3265625 0.4013888888888889 0.00859375 0.011111111111111112
0 0.34296875 0.4013888888888889 0.00859375 0.011111111111111112
0 0.368359375 0.4027777777777778 0.005859375 0.006944444444444444
0 0.358203125 0.40347222222222223 0.004296875 0.007638888888888889
0 0.377734375 0.4027777777777778 0.005078125 0.006944444444444444
0 0.441796875 0.40208333333333335 0.005859375 0.007638888888888889
0 0.43515625 0.40208333333333335 0.00546875 0.007638888888888889
0 0.427734375 0.4027777777777778 0.005078125 0.008333333333333333
0 0.4203125 0.40347222222222223 0.00546875 0.009027777777777777
0 0.41171875 0.40208333333333335 0.00625 0.010416666666666666
0 0.0375 0.4097222222222222 0.0375 0.0375
0 0.016015625 0.45902777777777776 0.016015625 0.050694444444444445
0 0.40078125 0.4048611111111111 0.00859375 0.011805555555555555
0 0.481640625 0.4423611111111111 0.043359375 0.06041666666666667
0 0.550390625 0.41180555555555554 0.018359375 0.027083333333333334
8 0.72734375 0.3236111111111111 0.0109375 0.018055555555555554
8 0.345703125 0.3548611111111111 0.004296875 0.007638888888888889
8 0.345703125 0.36944444444444446 0.004296875 0.006944444444444444
8 0.090625 0.30416666666666664 0.0234375 0.05416666666666667
8 0.5671875 0.3701388888888889 0.0046875 0.007638888888888889
9 0.484375 0.3638888888888889 0.00234375 0.006944444444444444
9 0.454296875 0.36527777777777776 0.001953125 0.008333333333333333
9 0.419140625 0.36666666666666664 0.002734375 0.008333333333333333
9 0.411328125 0.36736111111111114 0.001953125 0.007638888888888889
9 0.46171875 0.36527777777777776 0.00234375 0.008333333333333333
