0 0.431640625 0.5194444444444445 0.008984375 0.009722222222222222
0 0.41171875 0.5194444444444445 0.0046875 0.009722222222222222
0 0.398046875 0.5291666666666667 0.008984375 0.0125
0 0.376171875 0.5375 0.016796875 0.020833333333333332
0 0.12578125 0.5868055555555556 0.0765625 0.06597222222222222
0 0.46796875 0.5319444444444444 0.01015625 0.018055555555555554
0 0.501953125 0.5256944444444445 0.008203125 0.01875
0 0.519921875 0.5375 0.020703125 0.034722222222222224
0 0.62109375 0.5847222222222223 0.05078125 0.06388888888888888
0 0.90859375 0.8659722222222223 0.09140625 0.1326388888888889
