2 0.849609375 0.6993055555555555 0.090234375 0.29930555555555555
0 0.105078125 0.6520833333333333 0.105078125 0.09791666666666667
0 0.646875 0.6402777777777777 0.1328125 0.1
0 0.475390625 0.5986111111111111 0.048046875 0.029166666666666667
0 0.390625 0.5972222222222222 0.040625 0.029166666666666667
0 0.148046875 0.5659722222222222 0.008203125 0.007638888888888889
0 0.20390625 0.5583333333333333 0.00703125 0.011111111111111112
0 0.18515625 0.5902777777777778 0.0296875 0.034722222222222224
0 0.08203125 0.5659722222222222 0.0171875 0.009027777777777777
0 0.123046875 0.5923611111111111 0.033203125 0.022916666666666665
4 0.246484375 0.6048611111111111 0.035546875 0.059027777777777776
4 0.320703125 0.6041666666666666 0.032421875 0.05694444444444444
4 0.950390625 0.6020833333333333 0.048046875 0.06597222222222222
0 0.7828125 0.5770833333333333 0.02734375 0.02013888888888889
8 0.0640625 0.27847222222222223 0.0328125 0.021527777777777778
8 0.028125 0.5402777777777777 0.0046875 0.004166666666666667
8 0.16328125 0.4465277777777778 0.00625 0.009027777777777777
8 0.1703125 0.5006944444444444 0.0046875 0.017361111111111112
8 0.16640625 0.5222222222222223 0.00859375 0.004166666666666667
8 0.169921875 0.5333333333333333 0.006640625 0.004166666666666667
8 0.2890625 0.4986111111111111 0.01171875 0.004166666666666667
8 0.298046875 0.5125 0.012890625 0.008333333333333333
8 0.028125 0.5381944444444444 0.0046875 0.010416666666666666
8 0.226953125 0.4666666666666667 0.019140625 0.011111111111111112
9 0.187109375 0.50625 0.003515625 0.009027777777777777
9 0.24375 0.35 0.0078125 0.025
9 0.241796875 0.5208333333333334 0.007421875 0.016666666666666666
9 0.30234375 0.47708333333333336 0.00390625 0.014583333333333334
8 0.165234375 0.40902777777777777 0.017578125 0.02847222222222222
9 0.237890625 0.3972222222222222 0.007421875 0.011111111111111112
9 0.19140625 0.48125 0.0078125 0.010416666666666666
9 0.21015625 0.5069444444444444 0.00859375 0.011111111111111112
9 0.030859375 0.4666666666666667 0.012109375 0.022222222222222223
9 0.041796875 0.3486111111111111 0.016015625 0.04583333333333333
9 0.05 0.4513888888888889 0.01015625 0.022222222222222223
9 0.01171875 0.41944444444444445 0.01171875 0.020833333333333332
9 0.011328125 0.46458333333333335 0.009765625 0.01875
9 0.084375 0.19444444444444445 0.01171875 0.034722222222222224
