3 0.842578125 0.5430555555555555 0.040234375 0.06527777777777778
3 0.703515625 0.5145833333333333 0.015234375 0.049305555555555554
3 0.938671875 0.5652777777777778 0.059765625 0.09166666666666666
0 0.79921875 0.5041666666666667 0.05390625 0.03888888888888889
0 0.886328125 0.5090277777777777 0.049609375 0.03819444444444445
0 0.071875 0.4826388888888889 0.0296875 0.024305555555555556
0 0.037890625 0.4708333333333333 0.027734375 0.0375
0 0.144921875 0.47152777777777777 0.005859375 0.007638888888888889
0 0.15625 0.4701388888888889 0.00390625 0.007638888888888889
0 0.166796875 0.4722222222222222 0.006640625 0.008333333333333333
0 0.310546875 0.4777777777777778 0.011328125 0.011111111111111112
0 0.3671875 0.4840277777777778 0.009375 0.014583333333333334
0 0.407421875 0.48125 0.005859375 0.011805555555555555
0 0.3921875 0.48125 0.0078125 0.013194444444444444
0 0.433203125 0.4875 0.014453125 0.020833333333333332
0 0.017578125 0.5875 0.017578125 0.14583333333333334
9 0.06015625 0.3819444444444444 0.00625 0.027777777777777776
9 0.143359375 0.23819444444444443 0.008203125 0.029861111111111113
9 0.505859375 0.38958333333333334 0.006640625 0.024305555555555556
9 0.646875 0.4361111111111111 0.00234375 0.009722222222222222
9 0.6515625 0.40555555555555556 0.0046875 0.016666666666666666
9 0.073046875 0.3951388888888889 0.006640625 0.017361111111111112
9 0.68984375 0.22916666666666666 0.00625 0.03194444444444444
8 0.688671875 0.17847222222222223 0.005078125 0.013194444444444444
8 0.774609375 0.3333333333333333 0.006640625 0.020833333333333332
8 0.512890625 0.3597222222222222 0.031640625 0.027777777777777776
8 0.509765625 0.42916666666666664 0.004296875 0.013888888888888888
8 0.480078125 0.4013888888888889 0.005078125 0.009722222222222222
8 0.480859375 0.41944444444444445 0.005859375 0.009722222222222222
8 0.481640625 0.4423611111111111 0.005078125 0.010416666666666666
8 0.1515625 0.3416666666666667 0.01640625 0.009722222222222222
8 0.151953125 0.35555555555555557 0.016796875 0.006944444444444444
8 0.153125 0.3729166666666667 0.0171875 0.009027777777777777
8 0.15234375 0.39166666666666666 0.01640625 0.008333333333333333
8 0.155078125 0.41180555555555554 0.018359375 0.009027777777777777
8 0.1421875 0.19722222222222222 0.00703125 0.009722222222222222
0 0.190625 0.48125 0.0109375 0.010416666666666666
0 0.234375 0.4847222222222222 0.01796875 0.018055555555555554
