8 0.05234375 0.24513888888888888 0.01875 0.03680555555555556
8 0.053515625 0.32708333333333334 0.011328125 0.025694444444444443
8 0.637890625 0.3090277777777778 0.013671875 0.02847222222222222
8 0.64140625 0.37222222222222223 0.01015625 0.016666666666666666
8 0.774609375 0.4361111111111111 0.018359375 0.025
8 0.951171875 0.16875 0.017578125 0.014583333333333334
8 0.942578125 0.23055555555555557 0.026171875 0.04583333333333333
9 0.98125 0.30277777777777776 0.0125 0.022222222222222223
9 0.94921875 0.30486111111111114 0.0125 0.017361111111111112
2 0.585546875 0.44583333333333336 0.007421875 0.020833333333333332
0 0.478515625 0.5319444444444444 0.101171875 0.14166666666666666
0 0.3390625 0.5069444444444444 0.05078125 0.075
4 0.449609375 0.375 0.040234375 0.03194444444444444
0 0.305078125 0.46041666666666664 0.007421875 0.017361111111111112
0 0.293359375 0.4826388888888889 0.006640625 0.011805555555555555
4 0.26875 0.4756944444444444 0.009375 0.013194444444444444
0 0.255078125 0.48541666666666666 0.002734375 0.00625
