0 0.290234375 0.33819444444444446 0.013671875 0.021527777777777778
0 0.3765625 0.32569444444444445 0.00546875 0.014583333333333334
0 0.392578125 0.32569444444444445 0.014453125 0.022916666666666665
0 0.530078125 0.3159722222222222 0.006640625 0.022916666666666665
0 0.765234375 0.31666666666666665 0.046484375 0.04027777777777778
0 0.626171875 0.29930555555555555 0.013671875 0.007638888888888889
0 0.619140625 0.33958333333333335 0.032421875 0.035416666666666666
0 0.4671875 0.33611111111111114 0.06015625 0.10694444444444444
0 0.3375 0.33194444444444443 0.0359375 0.05138888888888889
0 0.2421875 0.3472222222222222 0.03046875 0.03194444444444444
0 0.10234375 0.4263888888888889 0.10234375 0.12361111111111112
