0 0.337890625 0.34791666666666665 0.008984375 0.024305555555555556
0 0.376171875 0.36041666666666666 0.030859375 0.052083333333333336
0 0.251171875 0.3923611111111111 0.065234375 0.10902777777777778
0 0.318359375 0.375 0.008203125 0.011111111111111112
0 0.390234375 0.39166666666666666 0.034765625 0.05555555555555555
0 0.96875 0.3923611111111111 0.03046875 0.06736111111111111
7 0.466015625 0.3645833333333333 0.006640625 0.03125
2 0.455078125 0.34444444444444444 0.005078125 0.008333333333333333
2 0.53515625 0.36319444444444443 0.0046875 0.025694444444444443
2 0.7046875 0.3659722222222222 0.009375 0.04652777777777778
2 0.67421875 0.37430555555555556 0.0078125 0.04513888888888889
2 0.524609375 0.3763888888888889 0.009765625 0.04027777777777778
2 0.565625 0.38472222222222224 0.0109375 0.04583333333333333
2 0.65390625 0.3770833333333333 0.0125 0.06875
2 0.478515625 0.3680555555555556 0.005859375 0.022222222222222223
2 0.928125 0.3611111111111111 0.0265625 0.14583333333333334
8 0.494140625 0.2423611111111111 0.012890625 0.03263888888888889
8 0.553125 0.16527777777777777 0.01015625 0.1125
9 0.49453125 0.18958333333333333 0.01015625 0.013194444444444444
8 0.68671875 0.17916666666666667 0.0140625 0.011111111111111112
