8 0.700390625 0.27569444444444446 0.008203125 0.009027777777777777
8 0.71171875 0.3145833333333333 0.00703125 0.017361111111111112
8 0.6875 0.3104166666666667 0.01328125 0.011805555555555555
8 0.580859375 0.2951388888888889 0.008203125 0.014583333333333334
9 0.6890625 0.3638888888888889 0.00625 0.013888888888888888
9 0.58046875 0.32569444444444445 0.0046875 0.013194444444444444
9 0.35234375 0.28680555555555554 0.00390625 0.017361111111111112
9 0.342578125 0.28402777777777777 0.005078125 0.02013888888888889
9 0.39140625 0.3736111111111111 0.00390625 0.005555555555555556
8 0.484765625 0.3659722222222222 0.004296875 0.007638888888888889
8 0.257421875 0.3638888888888889 0.008984375 0.006944444444444444
0 0.50390625 0.43333333333333335 0.01171875 0.022222222222222223
0 0.48125 0.4354166666666667 0.01171875 0.024305555555555556
0 0.363671875 0.4215277777777778 0.016015625 0.017361111111111112
0 0.2296875 0.4638888888888889 0.01875 0.03333333333333333
0 0.808984375 0.4597222222222222 0.027734375 0.027777777777777776
0 0.619140625 0.4673611111111111 0.074609375 0.10902777777777778
0 0.287109375 0.4777777777777778 0.051953125 0.0625
0 0.424609375 0.4722222222222222 0.073046875 0.125
0 0.110546875 0.5708333333333333 0.108984375 0.09861111111111111
0 0.881640625 0.45625 0.012890625 0.029861111111111113
