8 0.844140625 0.0875 0.015234375 0.0125
8 0.844921875 0.16527777777777777 0.018359375 0.03194444444444444
2 0.369921875 0.36944444444444446 0.025390625 0.14444444444444443
2 0.892578125 0.28680555555555554 0.012890625 0.022916666666666665
9 0.51796875 0.15069444444444444 0.00234375 0.014583333333333334
9 0.667578125 0.10416666666666667 0.004296875 0.018055555555555554
9 0.508984375 0.1527777777777778 0.003515625 0.0125
9 0.659765625 0.10625 0.004296875 0.02013888888888889
0 0.1828125 0.40694444444444444 0.165625 0.17222222222222222
0 0.391796875 0.3798611111111111 0.062109375 0.07847222222222222
0 0.440234375 0.3451388888888889 0.041015625 0.05763888888888889
0 0.901171875 0.46458333333333335 0.098046875 0.16597222222222222
0 0.7703125 0.35138888888888886 0.0890625 0.1111111111111111
0 0.673828125 0.3347222222222222 0.032421875 0.05416666666666667
0 0.640625 0.32430555555555557 0.021875 0.03680555555555556
0 0.6203125 0.3020833333333333 0.01015625 0.017361111111111112
0 0.59375 0.29930555555555555 0.00703125 0.01597222222222222
0 0.529296875 0.3284722222222222 0.028515625 0.03680555555555556
0 0.54765625 0.29444444444444445 0.0140625 0.020833333333333332
0 0.472265625 0.3034722222222222 0.008984375 0.01875
0 0.48671875 0.3034722222222222 0.01015625 0.01597222222222222
2 0.434375 0.27708333333333335 0.00703125 0.010416666666666666
2 0.447265625 0.27708333333333335 0.004296875 0.007638888888888889
