9 0.534375 0.4388888888888889 0.00546875 0.008333333333333333
9 0.50390625 0.4388888888888889 0.00625 0.008333333333333333
0 0.505078125 0.4652777777777778 0.011328125 0.013888888888888888
0 0.520703125 0.4625 0.012109375 0.011111111111111112
0 0.544140625 0.4708333333333333 0.008203125 0.009722222222222222
0 0.554296875 0.4840277777777778 0.008984375 0.014583333333333334
0 0.564453125 0.48819444444444443 0.008203125 0.014583333333333334
0 0.576171875 0.4875 0.008984375 0.020833333333333332
0 0.5890625 0.49375 0.01796875 0.024305555555555556
0 0.60703125 0.4965277777777778 0.01796875 0.022916666666666665
0 0.623828125 0.5069444444444444 0.016796875 0.030555555555555555
0 0.489453125 0.4638888888888889 0.004296875 0.0125
0 0.48046875 0.47638888888888886 0.01328125 0.0125
0 0.371484375 0.50625 0.058203125 0.06180555555555556
0 0.15 0.5868055555555556 0.14921875 0.21458333333333332
0 0.534765625 0.4895833333333333 0.008203125 0.009027777777777777
