9 0.473046875 0.4201388888888889 0.003515625 0.014583333333333334
9 0.52890625 0.42986111111111114 0.00390625 0.01597222222222222
0 0.481640625 0.4652777777777778 0.007421875 0.0125
0 0.46484375 0.46875 0.00703125 0.011805555555555555
0 0.44921875 0.4583333333333333 0.009375 0.015277777777777777
0 0.4 0.4638888888888889 0.01171875 0.025
0 0.384375 0.4708333333333333 0.015625 0.03194444444444444
0 0.334765625 0.47291666666666665 0.042578125 0.04791666666666667
0 0.511328125 0.45694444444444443 0.003515625 0.009722222222222222
0 0.5234375 0.46597222222222223 0.00625 0.009027777777777777
0 0.539453125 0.475 0.011328125 0.013888888888888888
8 0.5625 0.4513888888888889 0.00390625 0.009722222222222222
0 0.558203125 0.4826388888888889 0.007421875 0.01597222222222222
0 0.571484375 0.48680555555555555 0.008203125 0.01597222222222222
0 0.591015625 0.4930555555555556 0.013671875 0.02361111111111111
0 0.621875 0.5 0.015625 0.030555555555555555
0 0.66796875 0.5173611111111112 0.03046875 0.04375
0 0.74296875 0.53125 0.06484375 0.06597222222222222
0 0.89296875 0.5868055555555556 0.10703125 0.12569444444444444
