9 0.21328125 0.19791666666666666 0.00546875 0.024305555555555556
9 0.49375 0.2743055555555556 0.0046875 0.025694444444444443
9 0.193359375 0.3729166666666667 0.006640625 0.011805555555555555
9 0.640234375 0.4576388888888889 0.006640625 0.013194444444444444
9 0.826171875 0.3590277777777778 0.010546875 0.01875
9 0.201171875 0.19652777777777777 0.006640625 0.022916666666666665
8 0.63984375 0.34791666666666665 0.0109375 0.007638888888888889
8 0.62578125 0.3020833333333333 0.009375 0.02847222222222222
0 0.291796875 0.44027777777777777 0.019140625 0.04027777777777778
0 0.519140625 0.4756944444444444 0.012109375 0.009027777777777777
0 0.501171875 0.475 0.011328125 0.015277777777777777
0 0.425390625 0.4625 0.018359375 0.025
0 0.478515625 0.4722222222222222 0.014453125 0.018055555555555554
0 0.390234375 0.4673611111111111 0.022265625 0.024305555555555556
0 0.23046875 0.46041666666666664 0.05390625 0.05486111111111111
