0 0.227734375 0.5333333333333333 0.018359375 0.02361111111111111
0 0.289453125 0.5638888888888889 0.062109375 0.06666666666666667
0 0.330859375 0.5159722222222223 0.014453125 0.014583333333333334
0 0.35625 0.5305555555555556 0.025 0.015277777777777777
0 0.368359375 0.5138888888888888 0.016796875 0.008333333333333333
0 0.432421875 0.5645833333333333 0.062109375 0.08958333333333333
4 0.450390625 0.46805555555555556 0.039453125 0.022222222222222223
0 0.48828125 0.5090277777777777 0.021875 0.029861111111111113
0 0.519140625 0.49930555555555556 0.016015625 0.014583333333333334
0 0.553515625 0.5152777777777777 0.030078125 0.022222222222222223
8 0.518359375 0.4444444444444444 0.006640625 0.009722222222222222
8 0.518359375 0.425 0.008984375 0.004166666666666667
8 0.518359375 0.40555555555555556 0.008984375 0.016666666666666666
8 0.3015625 0.4263888888888889 0.01015625 0.015277777777777777
8 0.29921875 0.36736111111111114 0.01015625 0.00625
