9 0.66328125 0.2222222222222222 0.0046875 0.02361111111111111
9 0.506640625 0.18472222222222223 0.005078125 0.03611111111111111
9 0.02578125 0.12361111111111112 0.00859375 0.03194444444444444
9 0.498828125 0.1909722222222222 0.005078125 0.03125
9 0.8515625 0.2798611111111111 0.00859375 0.03125
9 0.287890625 0.2534722222222222 0.003515625 0.03263888888888889
8 0.390625 0.3736111111111111 0.0046875 0.0125
8 0.575390625 0.3472222222222222 0.003515625 0.008333333333333333
8 0.77578125 0.26319444444444445 0.01484375 0.01875
8 0.869921875 0.32222222222222224 0.008203125 0.009722222222222222
8 0.445703125 0.14930555555555555 0.012109375 0.022916666666666665
8 0.272265625 0.3194444444444444 0.006640625 0.044444444444444446
9 0.009375 0.4083333333333333 0.0046875 0.009722222222222222
8 0.00703125 0.37083333333333335 0.00703125 0.009722222222222222
8 0.00546875 0.4284722222222222 0.00546875 0.009027777777777777
9 0.86171875 0.3590277777777778 0.00625 0.01597222222222222
4 0.46328125 0.41458333333333336 0.021875 0.03680555555555556
0 0.3359375 0.4305555555555556 0.0109375 0.009722222222222222
0 0.3125 0.45416666666666666 0.01640625 0.03333333333333333
0 0.158203125 0.4673611111111111 0.031640625 0.03819444444444445
0 0.1828125 0.47847222222222224 0.03125 0.04236111111111111
0 0.690234375 0.43125 0.009765625 0.02013888888888889
0 0.708203125 0.43333333333333335 0.010546875 0.022222222222222223
0 0.623046875 0.4173611111111111 0.009765625 0.013194444444444444
0 0.605859375 0.4027777777777778 0.007421875 0.0125
0 0.5875 0.3993055555555556 0.0046875 0.007638888888888889
0 0.583984375 0.4479166666666667 0.010546875 0.04097222222222222
0 0.10390625 0.44166666666666665 0.01171875 0.008333333333333333
0 0.525 0.4777777777777778 0.0640625 0.10416666666666667
0 0.85625 0.4666666666666667 0.0640625 0.059722222222222225
0 0.2375 0.47291666666666665 0.0453125 0.059027777777777776
2 0.41015625 0.4340277777777778 0.00234375 0.014583333333333334
2 0.404296875 0.4361111111111111 0.002734375 0.015277777777777777
2 0.397265625 0.43333333333333335 0.002734375 0.013888888888888888
0 0.291015625 0.46805555555555556 0.015234375 0.041666666666666664
2 0.637890625 0.42986111111111114 0.002734375 0.01875
2 0.678125 0.43680555555555556 0.00546875 0.022916666666666665
