9 0.393359375 0.3875 0.007421875 0.018055555555555554
9 0.098828125 0.3972222222222222 0.007421875 0.025
9 0.69453125 0.30416666666666664 0.00703125 0.02361111111111111
9 0.714453125 0.30486111111111114 0.008984375 0.027083333333333334
8 0.365234375 0.5076388888888889 0.014453125 0.011805555555555555
8 0.580078125 0.4513888888888889 0.018359375 0.019444444444444445
8 0.447265625 0.37777777777777777 0.019921875 0.009722222222222222
4 0.38828125 0.5291666666666667 0.00703125 0.027777777777777776
4 0.411328125 0.5215277777777778 0.019140625 0.04791666666666667
0 0.375 0.54375 0.009375 0.017361111111111112
0 0.23671875 0.5583333333333333 0.0234375 0.02638888888888889
0 0.67265625 0.5548611111111111 0.05390625 0.04513888888888889
0 0.434375 0.5576388888888889 0.0203125 0.03125
0 0.97265625 0.6055555555555555 0.0265625 0.05277777777777778
0 0.16640625 0.5701388888888889 0.05625 0.050694444444444445
0 0.333984375 0.58125 0.044140625 0.06180555555555556
0 0.4765625 0.5756944444444444 0.0359375 0.05625
0 0.015234375 0.5972222222222222 0.015234375 0.03611111111111111
8 0.980078125 0.2986111111111111 0.016796875 0.09027777777777778
8 0.97578125 0.08680555555555555 0.02265625 0.08680555555555555
