9 0.271875 0.06041666666666667 0.01953125 0.06041666666666667
9 0.238671875 0.05555555555555555 0.016015625 0.05416666666666667
9 0.119140625 0.20555555555555555 0.019921875 0.06527777777777778
9 0.05234375 0.39791666666666664 0.0171875 0.03125
9 0.084765625 0.40347222222222223 0.006640625 0.021527777777777778
9 0.5140625 0.47291666666666665 0.00390625 0.010416666666666666
9 0.544921875 0.47708333333333336 0.004296875 0.010416666666666666
9 0.484375 0.4736111111111111 0.003125 0.008333333333333333
9 0.52109375 0.5201388888888889 0.0046875 0.00625
9 0.51171875 0.5131944444444444 0.003125 0.007638888888888889
0 0.03046875 0.5479166666666667 0.03046875 0.03958333333333333
0 0.563671875 0.5326388888888889 0.008984375 0.010416666666666666
0 0.552734375 0.5256944444444445 0.005078125 0.009027777777777777
8 0.4625 0.49236111111111114 0.00625 0.00625
8 0.884765625 0.5298611111111111 0.008203125 0.01875
0 0.397265625 0.5104166666666666 0.012109375 0.011805555555555555
9 0.491796875 0.5173611111111112 0.003515625 0.007638888888888889
4 0.6203125 0.5229166666666667 0.0359375 0.06180555555555556
8 0.248828125 0.45555555555555555 0.009765625 0.013888888888888888
0 0.091796875 0.5201388888888889 0.018359375 0.02847222222222222
