0 0.12578125 0.5645833333333333 0.0890625 0.0798611111111111
0 0.672265625 0.5638888888888889 0.048046875 0.04861111111111111
0 0.434375 0.50625 0.01328125 0.01597222222222222
0 0.24921875 0.5541666666666667 0.03671875 0.04583333333333333
0 0.84375 0.61875 0.09375 0.09097222222222222
0 0.630078125 0.55 0.022265625 0.03611111111111111
0 0.605859375 0.5444444444444444 0.016796875 0.03333333333333333
0 0.58671875 0.5368055555555555 0.01171875 0.03125
0 0.572265625 0.5256944444444445 0.012890625 0.027083333333333334
0 0.559375 0.5270833333333333 0.01015625 0.025694444444444443
0 0.49375 0.5097222222222222 0.00859375 0.0125
0 0.471875 0.50625 0.00625 0.011805555555555555
0 0.94140625 0.6465277777777778 0.0578125 0.11736111111111111
8 0.606640625 0.3173611111111111 0.049609375 0.029861111111111113
9 0.443359375 0.4263888888888889 0.003515625 0.009722222222222222
9 0.508984375 0.4305555555555556 0.002734375 0.008333333333333333
9 0.35859375 0.47847222222222224 0.00390625 0.007638888888888889
9 0.603515625 0.48541666666666666 0.003515625 0.009027777777777777
9 0.4546875 0.4666666666666667 0.00390625 0.006944444444444444
9 0.4375 0.425 0.00390625 0.011111111111111112
