0 0.062109375 0.5861111111111111 0.062109375 0.15694444444444444
0 0.845703125 0.5597222222222222 0.152734375 0.20277777777777778
0 0.419921875 0.5215277777777778 0.008203125 0.024305555555555556
0 0.426953125 0.525 0.008203125 0.02638888888888889
0 0.448046875 0.5284722222222222 0.019140625 0.03125
0 0.4625 0.5409722222222222 0.0125 0.03263888888888889
0 0.487890625 0.5423611111111111 0.023828125 0.05347222222222222
0 0.527734375 0.5520833333333334 0.040234375 0.06180555555555556
0 0.61796875 0.5833333333333334 0.0984375 0.09027777777777778
0 0.33203125 0.5152777777777777 0.00625 0.02361111111111111
0 0.320703125 0.5152777777777777 0.013671875 0.02638888888888889
0 0.305078125 0.5236111111111111 0.023046875 0.029166666666666667
0 0.39375 0.5256944444444445 0.00859375 0.024305555555555556
4 0.380078125 0.4847222222222222 0.016796875 0.019444444444444445
0 0.3640625 0.5243055555555556 0.0265625 0.04375
0 0.253125 0.5319444444444444 0.040625 0.04583333333333333
8 0.562109375 0.41597222222222224 0.012890625 0.029861111111111113
8 0.773046875 0.29375 0.016796875 0.02013888888888889
9 0.32734375 0.4215277777777778 0.00234375 0.009027777777777777
9 0.31796875 0.4215277777777778 0.00234375 0.009027777777777777
9 0.321875 0.4222222222222222 0.003125 0.009722222222222222
