9 0.50859375 0.32430555555555557 0.00390625 0.009027777777777777
0 0.05546875 0.5736111111111111 0.05546875 0.14166666666666666
0 0.173046875 0.45069444444444445 0.120703125 0.14097222222222222
0 0.313671875 0.4166666666666667 0.055078125 0.07083333333333333
0 0.380078125 0.3909722222222222 0.034765625 0.05763888888888889
0 0.90703125 0.3951388888888889 0.090625 0.25069444444444444
0 0.784375 0.39375 0.1203125 0.14791666666666667
0 0.65625 0.39375 0.040625 0.07152777777777777
0 0.621484375 0.37569444444444444 0.038671875 0.06736111111111111
0 0.5828125 0.3729166666666667 0.015625 0.04791666666666667
0 0.56796875 0.36041666666666666 0.01484375 0.027083333333333334
0 0.5546875 0.36736111111111114 0.00703125 0.017361111111111112
0 0.544140625 0.3659722222222222 0.007421875 0.01597222222222222
0 0.5328125 0.3638888888888889 0.0046875 0.013888888888888888
4 0.462109375 0.35347222222222224 0.019140625 0.034027777777777775
0 0.485546875 0.3590277777777778 0.004296875 0.011805555555555555
0 0.50546875 0.35833333333333334 0.00703125 0.008333333333333333
8 0.534765625 0.32430555555555557 0.005078125 0.009027777777777777
