9 0.5359375 0.5541666666666667 0.0046875 0.0125
9 0.49765625 0.55625 0.0046875 0.013194444444444444
9 0.46171875 0.6076388888888888 0.0046875 0.010416666666666666
8 0.803125 0.43472222222222223 0.01796875 0.0125
8 0.8 0.38333333333333336 0.025 0.015277777777777777
8 0.79453125 0.3472222222222222 0.009375 0.015277777777777777
8 0.818359375 0.2986111111111111 0.019921875 0.0125
8 0.455859375 0.5875 0.005078125 0.006944444444444444
8 0.452734375 0.5666666666666667 0.005859375 0.009722222222222222
8 0.472265625 0.5715277777777777 0.005859375 0.014583333333333334
0 0.54453125 0.6361111111111111 0.00859375 0.016666666666666666
0 0.562109375 0.6402777777777777 0.016015625 0.02361111111111111
0 0.5765625 0.6479166666666667 0.01484375 0.02847222222222222
0 0.6015625 0.6604166666666667 0.015625 0.034027777777777775
0 0.488671875 0.6326388888888889 0.009765625 0.017361111111111112
0 0.4734375 0.6326388888888889 0.0125 0.027083333333333334
0 0.45859375 0.6430555555555556 0.0125 0.030555555555555555
0 0.444140625 0.6444444444444445 0.016796875 0.03888888888888889
0 0.398828125 0.6638888888888889 0.041015625 0.05416666666666667
0 0.513671875 0.6381944444444444 0.010546875 0.014583333333333334
0 0.34921875 0.6861111111111111 0.0578125 0.06666666666666667
0 0.63203125 0.6666666666666666 0.0375 0.044444444444444446
