9 0.382421875 0.4527777777777778 0.005078125 0.020833333333333332
9 0.29609375 0.4465277777777778 0.0046875 0.01875
9 0.144921875 0.5527777777777778 0.003515625 0.019444444444444445
9 0.060546875 0.47638888888888886 0.006640625 0.027777777777777776
9 0.39765625 0.4548611111111111 0.00625 0.022916666666666665
9 0.283984375 0.59375 0.002734375 0.010416666666666666
9 0.55625 0.5583333333333333 0.00390625 0.0125
9 0.652734375 0.5152777777777777 0.020703125 0.025
8 0.535546875 0.46597222222222223 0.010546875 0.025694444444444443
8 0.53984375 0.5069444444444444 0.0125 0.008333333333333333
8 0.616015625 0.4395833333333333 0.023046875 0.014583333333333334
8 0.310546875 0.5958333333333333 0.004296875 0.006944444444444444
0 0.330078125 0.6284722222222222 0.019140625 0.03125
0 0.275390625 0.6347222222222222 0.018359375 0.025
0 0.437109375 0.5805555555555556 0.093359375 0.06805555555555555
0 0.458984375 0.8222222222222222 0.226953125 0.175
8 0.685546875 0.34097222222222223 0.018359375 0.052083333333333336
