8 0.333203125 0.16666666666666666 0.008984375 0.018055555555555554
8 0.334765625 0.19583333333333333 0.006640625 0.013888888888888888
0 0.118359375 0.26666666666666666 0.005078125 0.013888888888888888
0 0.128125 0.26180555555555557 0.0046875 0.014583333333333334
0 0.135546875 0.25625 0.006640625 0.013194444444444444
0 0.148046875 0.2625 0.007421875 0.015277777777777777
0 0.17109375 0.25763888888888886 0.01875 0.01875
0 0.24453125 0.25277777777777777 0.01796875 0.016666666666666666
0 0.28046875 0.25 0.01953125 0.016666666666666666
0 0.321484375 0.24930555555555556 0.023828125 0.02013888888888889
0 0.4078125 0.2465277777777778 0.02734375 0.027083333333333334
0 0.464453125 0.23541666666666666 0.036328125 0.04097222222222222
0 0.633203125 0.24513888888888888 0.061328125 0.05625
0 0.080859375 0.26944444444444443 0.008203125 0.008333333333333333
0 0.098046875 0.25972222222222224 0.011328125 0.016666666666666666
0 0.0484375 0.27708333333333335 0.0078125 0.03680555555555556
0 0.0328125 0.27847222222222223 0.0171875 0.049305555555555554
0 0.0171875 0.2826388888888889 0.0171875 0.059027777777777776
