8 0.30078125 0.1986111111111111 0.00703125 0.011111111111111112
8 0.29453125 0.24513888888888888 0.0078125 0.024305555555555556
8 0.28125 0.2 0.0140625 0.02361111111111111
8 0.288671875 0.3402777777777778 0.016796875 0.030555555555555555
8 0.371484375 0.25069444444444444 0.014453125 0.021527777777777778
8 0.390234375 0.21944444444444444 0.008203125 0.005555555555555556
8 0.387890625 0.18888888888888888 0.009765625 0.006944444444444444
9 0.46015625 0.2152777777777778 0.00703125 0.009722222222222222
9 0.560546875 0.2076388888888889 0.005859375 0.01875
9 0.54921875 0.2972222222222222 0.003125 0.006944444444444444
9 0.536328125 0.32222222222222224 0.003515625 0.005555555555555556
9 0.520703125 0.3236111111111111 0.002734375 0.005555555555555556
9 0.596875 0.32569444444444445 0.0046875 0.010416666666666666
8 0.56171875 0.32083333333333336 0.003125 0.011111111111111112
8 0.5796875 0.30694444444444446 0.0078125 0.008333333333333333
9 0.34140625 0.1840277777777778 0.00546875 0.02013888888888889
9 0.281640625 0.28194444444444444 0.012890625 0.016666666666666666
1 0.4578125 0.3284722222222222 0.05390625 0.11736111111111111
0 0.37265625 0.29930555555555555 0.034375 0.03263888888888889
0 0.362109375 0.4152777777777778 0.073828125 0.09583333333333334
0 0.588671875 0.36319444444444443 0.016015625 0.022916666666666665
0 0.5359375 0.4125 0.05 0.08333333333333333
0 0.178515625 0.5451388888888888 0.178515625 0.2590277777777778
1 0.811328125 0.43125 0.187890625 0.42986111111111114
