0 0.2625 0.44513888888888886 0.01015625 0.04097222222222222
0 0.53046875 0.4270833333333333 0.0359375 0.06736111111111111
0 0.494921875 0.42083333333333334 0.012890625 0.030555555555555555
0 0.5390625 0.3854166666666667 0.01875 0.01875
0 0.56953125 0.4375 0.01171875 0.034722222222222224
0 0.5875 0.4215277777777778 0.0125 0.01875
0 0.60859375 0.41180555555555554 0.0046875 0.009027777777777777
0 0.61953125 0.41180555555555554 0.00625 0.009027777777777777
0 0.1625 0.4513888888888889 0.0640625 0.059722222222222225
0 0.382421875 0.4777777777777778 0.125390625 0.1638888888888889
9 0.142578125 0.11944444444444445 0.011328125 0.0375
9 0.73046875 0.009027777777777777 0.0078125 0.009027777777777777
9 0.715625 0.010416666666666666 0.00703125 0.010416666666666666
9 0.987890625 0.27152777777777776 0.011328125 0.027083333333333334
8 0.96640625 0.03819444444444445 0.0296875 0.03819444444444445
8 0.860546875 0.027083333333333334 0.062109375 0.024305555555555556
8 0.033984375 0.13958333333333334 0.033984375 0.017361111111111112
8 0.970703125 0.14305555555555555 0.023828125 0.03611111111111111
8 0.969140625 0.19444444444444445 0.027734375 0.015277777777777777
8 0.9578125 0.23125 0.0140625 0.01875
9 0.5140625 0.35625 0.00546875 0.010416666666666666
2 0.1328125 0.41805555555555557 0.0078125 0.019444444444444445
2 0.216015625 0.4236111111111111 0.006640625 0.030555555555555555
8 0.652734375 0.35347222222222224 0.010546875 0.009027777777777777
