9 0.673828125 0.2722222222222222 0.008984375 0.02361111111111111
9 0.687890625 0.27291666666666664 0.004296875 0.022916666666666665
9 0.6609375 0.27361111111111114 0.00390625 0.02361111111111111
8 0.720703125 0.2972222222222222 0.018359375 0.022222222222222223
8 0.79296875 0.3840277777777778 0.0140625 0.017361111111111112
4 0.466796875 0.4979166666666667 0.026171875 0.05625
4 0.280859375 0.4388888888888889 0.141796875 0.23194444444444445
8 0.59296875 0.45555555555555555 0.01171875 0.009722222222222222
0 0.596875 0.5097222222222222 0.00546875 0.009722222222222222
0 0.61875 0.53125 0.02265625 0.03125
0 0.698828125 0.5375 0.062109375 0.08055555555555556
0 0.43515625 0.5111111111111111 0.009375 0.04027777777777778
0 0.53125 0.5576388888888889 0.06953125 0.12291666666666666
8 0.119140625 0.46319444444444446 0.005078125 0.009027777777777777
8 0.120703125 0.4826388888888889 0.003515625 0.010416666666666666
