8 0.050390625 0.39652777777777776 0.023046875 0.010416666666666666
9 0.0203125 0.3951388888888889 0.0046875 0.02013888888888889
0 0.327734375 0.6173611111111111 0.177734375 0.18125
0 0.512890625 0.5729166666666666 0.032421875 0.04375
9 0.241796875 0.39444444444444443 0.005859375 0.013888888888888888
9 0.42421875 0.41388888888888886 0.0078125 0.015277777777777777
9 0.600390625 0.41944444444444445 0.005859375 0.013888888888888888
9 0.665234375 0.4722222222222222 0.006640625 0.011111111111111112
9 0.5359375 0.43333333333333335 0.00390625 0.016666666666666666
0 0.8296875 0.6916666666666667 0.16796875 0.12916666666666668
1 0.9421875 0.5076388888888889 0.05703125 0.07569444444444444
0 0.700390625 0.5986111111111111 0.042578125 0.03888888888888889
2 0.591015625 0.5722222222222222 0.003515625 0.016666666666666666
8 0.801171875 0.4756944444444444 0.010546875 0.014583333333333334
3 0.105859375 0.5611111111111111 0.007421875 0.03611111111111111
0 0.045703125 0.5597222222222222 0.016796875 0.03333333333333333
0 0.17421875 0.5263888888888889 0.021875 0.025
0 0.081640625 0.5597222222222222 0.017578125 0.025
