0 0.4921875 0.3888888888888889 0.00703125 0.009722222222222222
0 0.51484375 0.40208333333333335 0.02109375 0.022916666666666665
0 0.48046875 0.3923611111111111 0.0046875 0.010416666666666666
0 0.47109375 0.4 0.00625 0.020833333333333332
0 0.461328125 0.40694444444444444 0.008984375 0.030555555555555555
0 0.45390625 0.42777777777777776 0.01796875 0.04861111111111111
0 0.40390625 0.4444444444444444 0.0484375 0.075
0 0.2625 0.5854166666666667 0.1515625 0.21875
0 0.5453125 0.39375 0.00703125 0.021527777777777778
0 0.558203125 0.39444444444444443 0.007421875 0.020833333333333332
0 0.60234375 0.39791666666666664 0.04296875 0.024305555555555556
0 0.620703125 0.41180555555555554 0.015234375 0.01875
0 0.50390625 0.5722222222222222 0.0046875 0.013888888888888888
0 0.64921875 0.4263888888888889 0.02734375 0.027777777777777776
0 0.723046875 0.4361111111111111 0.062890625 0.0625
0 0.82890625 0.48819444444444443 0.1015625 0.10208333333333333
0 0.956640625 0.5770833333333333 0.042578125 0.08819444444444445
0 0.5640625 0.6034722222222222 0.13046875 0.18125
