0 0.26484375 0.425 0.01640625 0.025
0 0.392578125 0.4097222222222222 0.010546875 0.008333333333333333
0 0.366015625 0.41388888888888886 0.005859375 0.011111111111111112
0 0.37734375 0.4201388888888889 0.00625 0.010416666666666666
0 0.335546875 0.425 0.016796875 0.020833333333333332
0 0.469921875 0.3972222222222222 0.004296875 0.006944444444444444
0 0.46171875 0.40208333333333335 0.00390625 0.007638888888888889
0 0.449609375 0.40069444444444446 0.007421875 0.010416666666666666
0 0.436328125 0.40694444444444444 0.005859375 0.011111111111111112
0 0.418359375 0.42291666666666666 0.016015625 0.025694444444444443
0 0.5625 0.4326388888888889 0.03671875 0.052083333333333336
0 0.455859375 0.44722222222222224 0.029296875 0.04027777777777778
0 0.1796875 0.5729166666666666 0.13984375 0.16319444444444445
8 0.965625 0.20833333333333334 0.01484375 0.03194444444444444
0 0.391796875 0.3659722222222222 0.011328125 0.007638888888888889
0 0.41796875 0.3680555555555556 0.0109375 0.006944444444444444
0 0.515234375 0.3576388888888889 0.006640625 0.00625
0 0.48359375 0.3597222222222222 0.0109375 0.006944444444444444
4 0.458203125 0.3590277777777778 0.016015625 0.009027777777777777
0 0.434765625 0.36527777777777776 0.004296875 0.008333333333333333
