8 0.0453125 0.10347222222222222 0.0453125 0.10347222222222222
8 0.087890625 0.2902777777777778 0.010546875 0.030555555555555555
8 0.126953125 0.3145833333333333 0.008984375 0.014583333333333334
8 0.833203125 0.15555555555555556 0.016015625 0.011111111111111112
8 0.8140625 0.1986111111111111 0.03671875 0.0375
8 0.8015625 0.29791666666666666 0.00546875 0.01597222222222222
8 0.663671875 0.31180555555555556 0.010546875 0.014583333333333334
8 0.723046875 0.32430555555555557 0.006640625 0.010416666666666666
8 0.617578125 0.2875 0.007421875 0.008333333333333333
8 0.6171875 0.26666666666666666 0.00703125 0.008333333333333333
8 0.584375 0.31875 0.0046875 0.010416666666666666
8 0.485546875 0.32708333333333334 0.005078125 0.007638888888888889
0 0.965234375 0.34652777777777777 0.019921875 0.013194444444444444
0 0.617578125 0.34930555555555554 0.010546875 0.011805555555555555
0 0.494921875 0.34791666666666665 0.011328125 0.014583333333333334
0 0.515625 0.3527777777777778 0.015625 0.02638888888888889
0 0.46484375 0.3333333333333333 0.00703125 0.0125
0 0.455859375 0.3680555555555556 0.023046875 0.034722222222222224
0 0.56640625 0.40347222222222223 0.04375 0.06180555555555556
8 0.192578125 0.30972222222222223 0.005078125 0.008333333333333333
8 0.20546875 0.32569444444444445 0.0078125 0.010416666666666666
8 0.22578125 0.325 0.009375 0.011111111111111112
0 0.4 0.34375 0.00703125 0.011805555555555555
0 0.363671875 0.3402777777777778 0.005078125 0.008333333333333333
0 0.3703125 0.35208333333333336 0.00859375 0.009027777777777777
8 0.340234375 0.32708333333333334 0.003515625 0.007638888888888889
8 0.3515625 0.33194444444444443 0.003125 0.008333333333333333
0 0.30078125 0.3701388888888889 0.02578125 0.034027777777777775
0 0.2390625 0.37569444444444444 0.02734375 0.027083333333333334
