9 0.86875 0.28541666666666665 0.05234375 0.06875
9 0.6125 0.53125 0.00703125 0.01597222222222222
9 0.241796875 0.09236111111111112 0.011328125 0.05347222222222222
9 0.211328125 0.08402777777777778 0.017578125 0.06319444444444444
9 0.469140625 0.32222222222222224 0.008203125 0.030555555555555555
9 0.48828125 0.31666666666666665 0.00703125 0.03333333333333333
9 0.394140625 0.5729166666666666 0.003515625 0.00625
8 0.053515625 0.04097222222222222 0.051171875 0.04097222222222222
8 0.54140625 0.3659722222222222 0.03984375 0.017361111111111112
8 0.616015625 0.46597222222222223 0.009765625 0.007638888888888889
8 0.603125 0.48194444444444445 0.0171875 0.0125
8 0.4484375 0.5604166666666667 0.01015625 0.004861111111111111
0 0.415625 0.6118055555555556 0.00703125 0.009027777777777777
0 0.3890625 0.6118055555555556 0.0109375 0.013194444444444444
0 0.366015625 0.6090277777777777 0.012109375 0.01597222222222222
0 0.29453125 0.6215277777777778 0.0234375 0.029861111111111113
0 0.9328125 0.6847222222222222 0.06640625 0.04583333333333333
9 0.43515625 0.5583333333333333 0.00703125 0.015277777777777777
