0 0.012890625 0.5430555555555555 0.012890625 0.027777777777777776
0 0.22109375 0.6256944444444444 0.08671875 0.11041666666666666
0 0.46328125 0.5708333333333333 0.02109375 0.03194444444444444
0 0.757421875 0.6368055555555555 0.075390625 0.07291666666666667
0 0.6484375 0.5784722222222223 0.01796875 0.021527777777777778
0 0.58671875 0.5736111111111111 0.01796875 0.011111111111111112
0 0.91796875 0.6548611111111111 0.08125 0.05486111111111111
0 0.2828125 0.5416666666666666 0.01328125 0.015277777777777777
4 0.340234375 0.5493055555555556 0.019140625 0.014583333333333334
0 0.39375 0.5555555555555556 0.01015625 0.008333333333333333
0 0.6875 0.5770833333333333 0.01953125 0.013194444444444444
0 0.612890625 0.5715277777777777 0.009765625 0.014583333333333334
9 0.487890625 0.5298611111111111 0.001953125 0.010416666666666666
9 0.50390625 0.5284722222222222 0.00234375 0.007638888888888889
9 0.44296875 0.5305555555555556 0.003125 0.008333333333333333
9 0.427734375 0.5291666666666667 0.002734375 0.006944444444444444
0 0.149609375 0.5506944444444445 0.009765625 0.02013888888888889
