9 0.541796875 0.2388888888888889 0.005859375 0.025
9 0.526953125 0.2388888888888889 0.006640625 0.027777777777777776
9 0.55390625 0.24375 0.00625 0.024305555555555556
9 0.6765625 0.4125 0.00703125 0.0125
9 0.45 0.41875 0.00390625 0.009027777777777777
0 0.89765625 0.6222222222222222 0.10078125 0.15694444444444444
0 0.428515625 0.5375 0.053515625 0.07916666666666666
0 0.059375 0.5972222222222222 0.059375 0.1375
0 0.121875 0.47847222222222224 0.05 0.050694444444444445
0 0.190625 0.48680555555555555 0.01875 0.03125
0 0.221484375 0.47291666666666665 0.023046875 0.04097222222222222
0 0.261328125 0.475 0.036328125 0.0375
0 0.32734375 0.46458333333333335 0.01953125 0.022916666666666665
0 0.37265625 0.4625 0.025 0.020833333333333332
0 0.431640625 0.45208333333333334 0.019921875 0.010416666666666666
2 0.619140625 0.4798611111111111 0.006640625 0.027083333333333334
2 0.72265625 0.5027777777777778 0.0078125 0.04027777777777778
0 0.553125 0.4638888888888889 0.0125 0.011111111111111112
8 0.571875 0.25833333333333336 0.0171875 0.03611111111111111
8 0.67421875 0.3298611111111111 0.0109375 0.011805555555555555
2 0.634375 0.49583333333333335 0.00859375 0.043055555555555555
