9 0.366015625 0.36736111111111114 0.002734375 0.013194444444444444
9 0.447265625 0.36527777777777776 0.004296875 0.013888888888888888
9 0.456640625 0.36319444444444443 0.003515625 0.011805555555555555
8 0.348828125 0.3506944444444444 0.020703125 0.024305555555555556
8 0.391796875 0.38819444444444445 0.009765625 0.011805555555555555
8 0.5375 0.3798611111111111 0.0078125 0.013194444444444444
9 0.065625 0.36527777777777776 0.00390625 0.0125
9 0.074609375 0.3659722222222222 0.004296875 0.013194444444444444
2 0.069140625 0.45625 0.004296875 0.013194444444444444
2 0.06015625 0.46041666666666664 0.00390625 0.017361111111111112
2 0.05 0.45625 0.0046875 0.017361111111111112
1 0.128125 0.4479166666666667 0.0328125 0.03125
0 0.1640625 0.4618055555555556 0.00625 0.011805555555555555
0 0.112109375 0.4673611111111111 0.020703125 0.021527777777777778
0 0.087109375 0.4673611111111111 0.016015625 0.02013888888888889
0 0.034765625 0.5159722222222223 0.034765625 0.09375
0 0.39375 0.4548611111111111 0.00859375 0.01597222222222222
4 0.354296875 0.45555555555555555 0.032421875 0.044444444444444446
8 0.319921875 0.38263888888888886 0.004296875 0.010416666666666666
0 0.7953125 0.5493055555555556 0.15703125 0.15069444444444444
8 0.834765625 0.24791666666666667 0.019140625 0.027083333333333334
8 0.837109375 0.015277777777777777 0.038671875 0.015277777777777777
0 0.515625 0.6 0.159375 0.22777777777777777
0 0.2140625 0.47638888888888886 0.01171875 0.03194444444444444
0 0.271484375 0.4840277777777778 0.065234375 0.08819444444444445
