9 0.388671875 0.34375 0.005078125 0.013194444444444444
9 0.3078125 0.4305555555555556 0.0046875 0.009722222222222222
9 0.221875 0.4083333333333333 0.0078125 0.009722222222222222
9 0.492578125 0.38333333333333336 0.005859375 0.009722222222222222
8 0.228125 0.32222222222222224 0.0140625 0.011111111111111112
8 0.201171875 0.37777777777777777 0.016796875 0.009722222222222222
8 0.184375 0.41458333333333336 0.0125 0.021527777777777778
8 0.91484375 0.39791666666666664 0.01171875 0.02013888888888889
2 0.1140625 0.5236111111111111 0.0109375 0.05555555555555555
2 0.090234375 0.5201388888888889 0.011328125 0.04513888888888889
2 0.061328125 0.5027777777777778 0.011328125 0.03611111111111111
2 0.04609375 0.4909722222222222 0.00859375 0.03958333333333333
2 0.028515625 0.47708333333333336 0.008984375 0.021527777777777778
0 0.371875 0.5243055555555556 0.00703125 0.01875
0 0.334765625 0.5631944444444444 0.041015625 0.07291666666666667
0 0.22109375 0.5895833333333333 0.09921875 0.11458333333333333
0 0.901171875 0.5847222222222223 0.022265625 0.06388888888888888
0 0.463671875 0.6215277777777778 0.092578125 0.17847222222222223
8 0.023828125 0.33194444444444443 0.013671875 0.030555555555555555
1 0.720703125 0.44722222222222224 0.174609375 0.2791666666666667
0 0.072265625 0.6708333333333333 0.071484375 0.23472222222222222
0 0.9484375 0.6680555555555555 0.05 0.0875
