8 0.23359375 0.31319444444444444 0.02578125 0.03125
8 0.287109375 0.3263888888888889 0.026953125 0.03333333333333333
1 0.248828125 0.42916666666666664 0.031640625 0.04027777777777778
0 0.2625 0.45902777777777776 0.02421875 0.035416666666666666
0 0.42578125 0.4701388888888889 0.05 0.059027777777777776
0 0.3515625 0.44027777777777777 0.01640625 0.016666666666666666
0 0.38203125 0.4423611111111111 0.0140625 0.014583333333333334
0 0.18125 0.40902777777777777 0.01953125 0.014583333333333334
0 0.0859375 0.37777777777777777 0.01171875 0.013888888888888888
0 0.73671875 0.4444444444444444 0.01171875 0.008333333333333333
0 0.7203125 0.4444444444444444 0.00703125 0.0125
0 0.665625 0.4444444444444444 0.00859375 0.0125
0 0.603515625 0.4361111111111111 0.005078125 0.018055555555555554
0 0.5328125 0.41944444444444445 0.009375 0.0125
0 0.51640625 0.41805555555555557 0.009375 0.0125
0 0.326171875 0.41597222222222224 0.013671875 0.010416666666666666
0 0.3875 0.4152777777777778 0.01171875 0.008333333333333333
0 0.3640625 0.4125 0.00703125 0.006944444444444444
0 0.344921875 0.4111111111111111 0.007421875 0.008333333333333333
