0 0.033984375 0.5041666666666667 0.033984375 0.06666666666666667
0 0.8828125 0.5048611111111111 0.11640625 0.22430555555555556
0 0.14140625 0.4756944444444444 0.0421875 0.05625
0 0.45078125 0.43125 0.03984375 0.06041666666666667
0 0.353125 0.4201388888888889 0.01640625 0.025694444444444443
0 0.6875 0.4375 0.07109375 0.10416666666666667
0 0.51171875 0.39305555555555555 0.0140625 0.019444444444444445
0 0.220703125 0.45902777777777776 0.034765625 0.04236111111111111
0 0.6125 0.42291666666666666 0.0203125 0.05486111111111111
0 0.582421875 0.42291666666666666 0.015234375 0.02847222222222222
0 0.56484375 0.4215277777777778 0.0125 0.027083333333333334
0 0.553125 0.40625 0.00859375 0.022916666666666665
0 0.54453125 0.3951388888888889 0.00625 0.01875
0 0.534375 0.3958333333333333 0.00546875 0.019444444444444445
0 0.5265625 0.3993055555555556 0.00859375 0.01597222222222222
0 0.37734375 0.4125 0.009375 0.02638888888888889
0 0.3953125 0.4131944444444444 0.00703125 0.024305555555555556
9 0.505078125 0.3611111111111111 0.005078125 0.0125
8 0.71484375 0.20208333333333334 0.00703125 0.013194444444444444
