8 0.402734375 0.26666666666666666 0.005078125 0.005555555555555556
8 0.5015625 0.2986111111111111 0.00859375 0.004166666666666667
8 0.584375 0.28402777777777777 0.0171875 0.02847222222222222
9 0.234765625 0.32083333333333336 0.003515625 0.016666666666666666
9 0.3890625 0.27291666666666664 0.0046875 0.013194444444444444
9 0.448046875 0.28541666666666665 0.006640625 0.013194444444444444
9 0.503125 0.3236111111111111 0.0046875 0.009722222222222222
9 0.5828125 0.3215277777777778 0.00546875 0.007638888888888889
8 0.49296875 0.3375 0.00625 0.009722222222222222
8 0.46875 0.3472222222222222 0.00546875 0.005555555555555556
0 0.223828125 0.36319444444444443 0.018359375 0.017361111111111112
