8 0.4640625 0.4909722222222222 0.0046875 0.007638888888888889
8 0.42890625 0.4388888888888889 0.00625 0.004166666666666667
8 0.429296875 0.4576388888888889 0.014453125 0.01597222222222222
8 0.398046875 0.44513888888888886 0.007421875 0.003472222222222222
8 0.397265625 0.4576388888888889 0.013671875 0.011805555555555555
0 0.5203125 0.5444444444444444 0.03125 0.04027777777777778
0 0.415234375 0.5236111111111111 0.009765625 0.009722222222222222
0 0.318359375 0.5138888888888888 0.008984375 0.009722222222222222
0 0.81640625 0.625 0.18203125 0.18888888888888888
0 0.394140625 0.4965277777777778 0.005078125 0.007638888888888889
