9 0.36484375 0.3784722222222222 0.00625 0.010416666666666666
9 0.51796875 0.4131944444444444 0.00625 0.011805555555555555
9 0.391796875 0.45902777777777776 0.005078125 0.009027777777777777
9 0.43046875 0.4597222222222222 0.0046875 0.009722222222222222
8 0.587109375 0.4548611111111111 0.007421875 0.007638888888888889
0 0.430078125 0.5013888888888889 0.005859375 0.013888888888888888
0 0.443359375 0.5048611111111111 0.008203125 0.01597222222222222
0 0.45703125 0.5125 0.00703125 0.013888888888888888
0 0.466015625 0.5125 0.005859375 0.016666666666666666
0 0.474609375 0.5138888888888888 0.008203125 0.016666666666666666
0 0.505078125 0.5340277777777778 0.016796875 0.01597222222222222
8 0.32578125 0.4111111111111111 0.00859375 0.005555555555555556
8 0.267578125 0.40902777777777777 0.011328125 0.009027777777777777
0 0.402734375 0.5006944444444444 0.005859375 0.010416666666666666
0 0.3953125 0.5041666666666667 0.00625 0.0125
0 0.3828125 0.5083333333333333 0.009375 0.013888888888888888
0 0.415234375 0.5104166666666666 0.008203125 0.011805555555555555
0 0.3671875 0.5152777777777777 0.0171875 0.019444444444444445
0 0.31015625 0.5291666666666667 0.02734375 0.04861111111111111
0 0.280078125 0.5395833333333333 0.032421875 0.06041666666666667
0 0.566796875 0.5354166666666667 0.022265625 0.04375
0 0.185546875 0.5479166666666667 0.084765625 0.09652777777777778
0 0.61796875 0.5423611111111111 0.046875 0.06180555555555556
9 0.430859375 0.4791666666666667 0.003515625 0.005555555555555556
