9 0.3578125 0.31666666666666665 0.00625 0.016666666666666666
9 0.445703125 0.3416666666666667 0.005078125 0.016666666666666666
9 0.25546875 0.37777777777777777 0.00546875 0.015277777777777777
9 0.246484375 0.40902777777777777 0.005859375 0.009027777777777777
9 0.619921875 0.4027777777777778 0.011328125 0.011111111111111112
8 0.634765625 0.32222222222222224 0.005859375 0.008333333333333333
8 0.63046875 0.34375 0.00546875 0.00625
8 0.6421875 0.35 0.00546875 0.0125
8 0.60703125 0.3527777777777778 0.01328125 0.009722222222222222
8 0.545703125 0.3909722222222222 0.008203125 0.00625
8 0.48515625 0.42777777777777776 0.0046875 0.011111111111111112
8 0.45859375 0.4215277777777778 0.00390625 0.009027777777777777
8 0.424609375 0.4166666666666667 0.005078125 0.008333333333333333
8 0.41796875 0.4354166666666667 0.0046875 0.010416666666666666
2 0.128515625 0.4638888888888889 0.014453125 0.05555555555555555
0 0.4953125 0.46597222222222223 0.0140625 0.01597222222222222
0 0.4578125 0.45555555555555555 0.01171875 0.009722222222222222
0 0.3875 0.45069444444444445 0.009375 0.017361111111111112
0 0.365234375 0.4597222222222222 0.019921875 0.022222222222222223
0 0.070703125 0.4722222222222222 0.033984375 0.022222222222222223
9 0.1953125 0.28402777777777777 0.0078125 0.021527777777777778
9 0.13203125 0.37569444444444444 0.0109375 0.01597222222222222
