0 0.43828125 0.4618055555555556 0.00703125 0.014583333333333334
0 0.444921875 0.46805555555555556 0.004296875 0.018055555555555554
0 0.452734375 0.4722222222222222 0.007421875 0.018055555555555554
0 0.466015625 0.48125 0.008203125 0.022916666666666665
0 0.489453125 0.4777777777777778 0.023828125 0.03888888888888889
0 0.493359375 0.48819444444444443 0.015234375 0.03819444444444445
0 0.51015625 0.48819444444444443 0.01953125 0.049305555555555554
0 0.362109375 0.45625 0.007421875 0.014583333333333334
0 0.30078125 0.46319444444444446 0.0109375 0.014583333333333334
0 0.296484375 0.4722222222222222 0.007421875 0.0125
0 0.2859375 0.4722222222222222 0.00703125 0.019444444444444445
0 0.273828125 0.4708333333333333 0.011328125 0.018055555555555554
0 0.244140625 0.4666666666666667 0.024609375 0.02638888888888889
4 0.094921875 0.47638888888888886 0.057421875 0.05277777777777778
0 0.56640625 0.49930555555555556 0.06328125 0.08125
0 0.394921875 0.49027777777777776 0.037890625 0.05416666666666667
0 0.3234375 0.46805555555555556 0.01328125 0.018055555555555554
2 0.19609375 0.45555555555555555 0.00703125 0.019444444444444445
0 0.217578125 0.47708333333333336 0.026953125 0.027083333333333334
0 0.03671875 0.49444444444444446 0.03515625 0.058333333333333334
8 0.027734375 0.325 0.008984375 0.018055555555555554
8 0.027734375 0.36180555555555555 0.009765625 0.01875
8 0.581640625 0.3423611111111111 0.007421875 0.03125
