0 0.468359375 0.5694444444444444 0.007421875 0.008333333333333333
0 0.56171875 0.5722222222222222 0.01171875 0.018055555555555554
0 0.640234375 0.5652777777777778 0.010546875 0.0125
0 0.68359375 0.5868055555555556 0.02421875 0.035416666666666666
0 0.61015625 0.5763888888888888 0.01796875 0.027777777777777776
0 0.50625 0.5826388888888889 0.03359375 0.04513888888888889
8 0.739453125 0.5097222222222222 0.016796875 0.029166666666666667
8 0.790234375 0.5222222222222223 0.007421875 0.0125
8 0.700390625 0.5305555555555556 0.005078125 0.013888888888888888
8 0.62109375 0.5354166666666667 0.00390625 0.007638888888888889
8 0.580859375 0.5354166666666667 0.003515625 0.007638888888888889
8 0.560546875 0.5395833333333333 0.004296875 0.004861111111111111
8 0.550390625 0.5416666666666666 0.003515625 0.009722222222222222
8 0.5375 0.5416666666666666 0.00234375 0.005555555555555556
8 0.603515625 0.5104166666666666 0.003515625 0.00625
8 0.607421875 0.5381944444444444 0.003515625 0.00625
8 0.594921875 0.5541666666666667 0.002734375 0.006944444444444444
8 0.580859375 0.5465277777777777 0.002734375 0.003472222222222222
9 0.477734375 0.4965277777777778 0.004296875 0.009027777777777777
