9 0.30859375 0.01875 0.00859375 0.01875
9 0.328125 0.01875 0.00703125 0.01875
9 0.496484375 0.08888888888888889 0.004296875 0.02361111111111111
9 0.484375 0.09027777777777778 0.00546875 0.022222222222222223
9 0.583984375 0.21875 0.008984375 0.014583333333333334
9 0.2296875 0.21875 0.00859375 0.014583333333333334
9 0.703515625 0.16944444444444445 0.003515625 0.018055555555555554
9 0.739453125 0.16875 0.010546875 0.022916666666666665
8 0.716796875 0.09305555555555556 0.021484375 0.019444444444444445
8 0.57265625 0.1763888888888889 0.01171875 0.011111111111111112
8 0.581640625 0.16111111111111112 0.007421875 0.008333333333333333
9 0.403515625 0.22708333333333333 0.003515625 0.010416666666666666
9 0.449609375 0.23194444444444445 0.002734375 0.011111111111111112
0 0.427734375 0.2791666666666667 0.003515625 0.008333333333333333
0 0.416796875 0.2798611111111111 0.005078125 0.007638888888888889
0 0.4046875 0.2847222222222222 0.00625 0.008333333333333333
0 0.3875 0.28958333333333336 0.0078125 0.013194444444444444
0 0.375 0.2916666666666667 0.0078125 0.020833333333333332
0 0.3578125 0.2986111111111111 0.0109375 0.022222222222222223
0 0.339453125 0.3055555555555556 0.011328125 0.025
0 0.31484375 0.3076388888888889 0.02421875 0.027083333333333334
0 0.087890625 0.34305555555555556 0.087890625 0.1
0 0.02109375 0.39652777777777776 0.0203125 0.09375
0 0.438671875 0.2875 0.008984375 0.016666666666666666
0 0.45390625 0.28402777777777777 0.00625 0.009027777777777777
0 0.466015625 0.28958333333333336 0.005859375 0.013194444444444444
0 0.475390625 0.2916666666666667 0.008203125 0.019444444444444445
0 0.500390625 0.3 0.019140625 0.02361111111111111
2 0.530078125 0.3 0.007421875 0.04027777777777778
0 0.66875 0.3576388888888889 0.0765625 0.08680555555555555
0 0.965234375 0.27361111111111114 0.034765625 0.018055555555555554
0 0.842578125 0.4131944444444444 0.157421875 0.15763888888888888
2 0.162890625 0.29097222222222224 0.012890625 0.03819444444444445
