0 0.8796875 0.6027777777777777 0.11875 0.1625
0 0.6578125 0.5861111111111111 0.14453125 0.10833333333333334
8 0.53359375 0.36180555555555555 0.01953125 0.03125
9 0.54375 0.42430555555555555 0.0046875 0.01597222222222222
8 0.316015625 0.4618055555555556 0.009765625 0.01597222222222222
8 0.2875 0.49027777777777776 0.009375 0.0125
9 0.089453125 0.29583333333333334 0.008984375 0.016666666666666666
9 0.19140625 0.3729166666666667 0.00859375 0.017361111111111112
9 0.326953125 0.48333333333333334 0.004296875 0.011111111111111112
0 0.1484375 0.5333333333333333 0.0265625 0.006944444444444444
0 0.08828125 0.7125 0.08828125 0.22916666666666666
0 0.143359375 0.575 0.023046875 0.03611111111111111
0 0.1921875 0.5784722222222223 0.02421875 0.03680555555555556
