9 0.359765625 0.33402777777777776 0.001953125 0.011805555555555555
9 0.4265625 0.3229166666666667 0.00234375 0.014583333333333334
0 0.357421875 0.38055555555555554 0.008984375 0.02361111111111111
0 0.343359375 0.38819444444444445 0.006640625 0.010416666666666666
0 0.331640625 0.38958333333333334 0.005078125 0.014583333333333334
0 0.318359375 0.3972222222222222 0.009765625 0.016666666666666666
0 0.297265625 0.4048611111111111 0.011328125 0.01597222222222222
0 0.203125 0.38333333333333336 0.028125 0.029166666666666667
0 0.144921875 0.4215277777777778 0.048828125 0.06458333333333334
0 0.38984375 0.4173611111111111 0.03515625 0.06041666666666667
0 0.450390625 0.4215277777777778 0.026953125 0.029861111111111113
0 0.24609375 0.4423611111111111 0.06015625 0.07013888888888889
0 0.515625 0.45416666666666666 0.0515625 0.06111111111111111
0 0.066796875 0.4263888888888889 0.066796875 0.1361111111111111
0 0.8390625 0.3645833333333333 0.159375 0.30486111111111114
8 0.450390625 0.3263888888888889 0.006640625 0.006944444444444444
2 0.5671875 0.41944444444444445 0.00859375 0.034722222222222224
