8 0.059375 0.32708333333333334 0.01171875 0.007638888888888889
8 0.232421875 0.24375 0.010546875 0.02013888888888889
8 0.43125 0.29305555555555557 0.0109375 0.020833333333333332
8 0.6421875 0.34791666666666665 0.00546875 0.010416666666666666
8 0.353515625 0.29791666666666666 0.007421875 0.010416666666666666
9 0.06796875 0.3548611111111111 0.00234375 0.017361111111111112
9 0.4046875 0.2951388888888889 0.0046875 0.013194444444444444
9 0.412109375 0.30486111111111114 0.004296875 0.010416666666666666
8 0.37890625 0.28958333333333336 0.00546875 0.011805555555555555
8 0.38359375 0.30833333333333335 0.0046875 0.006944444444444444
8 0.499609375 0.3263888888888889 0.004296875 0.011111111111111112
8 0.551953125 0.28680555555555554 0.008203125 0.03819444444444445
2 0.828515625 0.37083333333333335 0.021484375 0.08888888888888889
2 0.765234375 0.41944444444444445 0.039453125 0.11666666666666667
2 0.503125 0.3611111111111111 0.00703125 0.015277777777777777
2 0.55 0.3819444444444444 0.00625 0.030555555555555555
2 0.54296875 0.38819444444444445 0.0078125 0.04097222222222222
2 0.562109375 0.38263888888888886 0.005859375 0.029861111111111113
2 0.594921875 0.38958333333333334 0.006640625 0.03819444444444445
2 0.575 0.3819444444444444 0.00625 0.02361111111111111
2 0.523046875 0.4583333333333333 0.019921875 0.07916666666666666
2 0.0109375 0.46111111111111114 0.01015625 0.044444444444444446
0 0.069921875 0.4284722222222222 0.025390625 0.017361111111111112
0 0.0375 0.4618055555555556 0.03671875 0.03819444444444445
0 0.245703125 0.4201388888888889 0.050390625 0.049305555555555554
0 0.309375 0.4125 0.0328125 0.04027777777777778
1 0.5390625 0.36944444444444446 0.06796875 0.04027777777777778
1 0.396875 0.37777777777777777 0.06484375 0.044444444444444446
0 0.140625 0.4652777777777778 0.0765625 0.06805555555555555
0 0.434765625 0.4548611111111111 0.068359375 0.10902777777777778
