0 0.18671875 0.5208333333333334 0.05 0.059722222222222225
0 0.316015625 0.5118055555555555 0.026953125 0.03958333333333333
0 0.253515625 0.5138888888888888 0.012890625 0.020833333333333332
0 0.4640625 0.5159722222222223 0.02578125 0.03125
0 0.0546875 0.5381944444444444 0.01328125 0.013194444444444444
0 0.23984375 0.5173611111111112 0.00625 0.013194444444444444
0 0.2703125 0.5104166666666666 0.00546875 0.00625
0 0.28125 0.5069444444444444 0.0046875 0.006944444444444444
0 0.2828125 0.4986111111111111 0.00625 0.0125
0 0.442578125 0.50625 0.019140625 0.027083333333333334
0 0.4171875 0.5111111111111111 0.01015625 0.020833333333333332
0 0.401953125 0.5118055555555555 0.007421875 0.022916666666666665
0 0.38984375 0.5083333333333333 0.00546875 0.015277777777777777
0 0.38359375 0.5069444444444444 0.0046875 0.011111111111111112
0 0.3765625 0.5034722222222222 0.009375 0.013194444444444444
0 0.367578125 0.5027777777777778 0.008203125 0.013888888888888888
0 0.357421875 0.5006944444444444 0.006640625 0.011805555555555555
0 0.84140625 0.4847222222222222 0.05625 0.041666666666666664
4 0.910546875 0.4326388888888889 0.087890625 0.08819444444444445
2 0.94609375 0.5 0.01875 0.1125
9 0.3515625 0.06944444444444445 0.01171875 0.05138888888888889
9 0.558984375 0.41597222222222224 0.005859375 0.010416666666666666
9 0.195703125 0.42986111111111114 0.002734375 0.010416666666666666
9 0.353515625 0.4326388888888889 0.001953125 0.009027777777777777
9 0.37578125 0.0798611111111111 0.01171875 0.049305555555555554
9 0.332421875 0.07708333333333334 0.008203125 0.04513888888888889
9 0.358203125 0.43472222222222223 0.001953125 0.008333333333333333
9 0.35078125 0.43333333333333335 0.00390625 0.009722222222222222
9 0.200390625 0.43125 0.002734375 0.010416666666666666
9 0.189453125 0.43125 0.003515625 0.010416666666666666
9 0.54453125 0.41597222222222224 0.00703125 0.010416666666666666
9 0.100390625 0.49027777777777776 0.004296875 0.008333333333333333
9 0.919140625 0.25416666666666665 0.023828125 0.03333333333333333
9 0.858203125 0.2708333333333333 0.010546875 0.03888888888888889
8 0.130078125 0.4354166666666667 0.017578125 0.007638888888888889
8 0.1609375 0.42430555555555555 0.00625 0.010416666666666666
8 0.100390625 0.4527777777777778 0.005859375 0.005555555555555556
8 0.48125 0.44166666666666665 0.0078125 0.015277777777777777
8 0.38046875 0.4305555555555556 0.009375 0.004166666666666667
8 0.55234375 0.37083333333333335 0.0078125 0.006944444444444444
8 0.484375 0.025 0.065625 0.025
8 0.594140625 0.029166666666666667 0.026171875 0.029166666666666667
8 0.878125 0.08402777777777778 0.04296875 0.08263888888888889
