9 0.336328125 0.47430555555555554 0.005078125 0.010416666666666666
9 0.44921875 0.3972222222222222 0.00234375 0.011111111111111112
9 0.438671875 0.3951388888888889 0.001953125 0.010416666666666666
9 0.529296875 0.41388888888888886 0.002734375 0.011111111111111112
9 0.444140625 0.3958333333333333 0.002734375 0.0125
9 0.52421875 0.4125 0.00234375 0.0125
9 0.519140625 0.4777777777777778 0.001953125 0.006944444444444444
9 0.455859375 0.47430555555555554 0.002734375 0.009027777777777777
4 0.459375 0.5118055555555555 0.0125 0.014583333333333334
0 0.446484375 0.5222222222222223 0.006640625 0.0125
0 0.43828125 0.5243055555555556 0.00546875 0.010416666666666666
0 0.430078125 0.5222222222222223 0.005859375 0.015277777777777777
0 0.374609375 0.5326388888888889 0.012109375 0.027083333333333334
0 0.278515625 0.5451388888888888 0.034765625 0.04513888888888889
0 0.343359375 0.5402777777777777 0.027734375 0.03333333333333333
0 0.52109375 0.5222222222222223 0.0046875 0.0125
0 0.534765625 0.5152777777777777 0.010546875 0.020833333333333332
0 0.550390625 0.5208333333333334 0.015234375 0.022222222222222223
0 0.573046875 0.5208333333333334 0.019140625 0.03333333333333333
0 0.579296875 0.5361111111111111 0.008203125 0.03333333333333333
0 0.609375 0.5243055555555556 0.0328125 0.04513888888888889
0 0.628515625 0.5375 0.023828125 0.043055555555555555
0 0.671484375 0.5381944444444444 0.044921875 0.06736111111111111
0 0.2265625 0.5548611111111111 0.03984375 0.05625
0 0.112109375 0.5611111111111111 0.088671875 0.09166666666666666
0 0.7578125 0.55 0.084375 0.09027777777777778
0 0.412890625 0.5256944444444445 0.015234375 0.01875
