7 0.40390625 0.4722222222222222 0.0203125 0.1
3 0.40390625 0.5180555555555556 0.021875 0.06805555555555555
8 0.4390625 0.4125 0.00390625 0.02361111111111111
8 0.462890625 0.41180555555555554 0.005859375 0.01875
8 0.60078125 0.39375 0.00546875 0.009027777777777777
8 0.5984375 0.41597222222222224 0.00546875 0.010416666666666666
8 0.33671875 0.38055555555555554 0.0046875 0.022222222222222223
8 0.615625 0.4048611111111111 0.00390625 0.011805555555555555
7 0.19140625 0.46875 0.08359375 0.2673611111111111
3 0.191796875 0.6041666666666666 0.091796875 0.11944444444444445
0 0.503515625 0.46041666666666664 0.005078125 0.010416666666666666
0 0.494140625 0.4576388888888889 0.005078125 0.010416666666666666
0 0.486328125 0.4618055555555556 0.006640625 0.011805555555555555
0 0.476171875 0.45694444444444443 0.013671875 0.016666666666666666
0 0.470703125 0.4652777777777778 0.014453125 0.022222222222222223
0 0.4625 0.4722222222222222 0.0171875 0.029166666666666667
0 0.418359375 0.475 0.041796875 0.044444444444444446
0 0.3609375 0.44583333333333336 0.02109375 0.022222222222222223
0 0.342578125 0.5 0.052734375 0.08333333333333333
0 0.282421875 0.5166666666666667 0.078515625 0.10694444444444444
0 0.518359375 0.4576388888888889 0.011328125 0.010416666666666666
0 0.550390625 0.4576388888888889 0.005859375 0.010416666666666666
0 0.5609375 0.46458333333333335 0.00859375 0.027083333333333334
0 0.566015625 0.4708333333333333 0.007421875 0.034722222222222224
0 0.574609375 0.47430555555555554 0.008203125 0.03819444444444445
0 0.580859375 0.4861111111111111 0.006640625 0.03611111111111111
0 0.601171875 0.4840277777777778 0.018359375 0.05763888888888889
0 0.646484375 0.50625 0.049609375 0.09930555555555555
0 0.755859375 0.5215277777777778 0.115234375 0.1701388888888889
0 0.13828125 0.55625 0.13828125 0.1673611111111111
0 0.006640625 0.6798611111111111 0.006640625 0.049305555555555554
0 0.87265625 0.5326388888888889 0.1265625 0.20069444444444445
0 0.5390625 0.4625 0.009375 0.0125
