8 0.459765625 0.15625 0.019921875 0.011805555555555555
9 0.37109375 0.3236111111111111 0.0046875 0.0125
9 0.2265625 0.39305555555555555 0.00234375 0.013888888888888888
9 0.18046875 0.39305555555555555 0.00234375 0.013888888888888888
2 0.51953125 0.4013888888888889 0.00859375 0.03194444444444444
2 0.768359375 0.39652777777777776 0.019921875 0.07569444444444444
2 0.933203125 0.3729166666666667 0.026171875 0.11875
1 0.4453125 0.3840277777777778 0.0578125 0.1076388888888889
0 0.237109375 0.4548611111111111 0.033984375 0.05486111111111111
0 0.189453125 0.4618055555555556 0.014453125 0.034027777777777775
0 0.330078125 0.5090277777777777 0.090234375 0.13541666666666666
0 0.071875 0.5986111111111111 0.071875 0.2361111111111111
