0 0.33125 0.5958333333333333 0.05703125 0.09166666666666666
0 0.430078125 0.5680555555555555 0.031640625 0.05277777777777778
0 0.27421875 0.5652777777777778 0.015625 0.02638888888888889
0 0.2 0.5909722222222222 0.025 0.02847222222222222
0 0.461328125 0.5694444444444444 0.012109375 0.030555555555555555
0 0.40078125 0.5666666666666667 0.00859375 0.018055555555555554
0 0.391796875 0.5625 0.004296875 0.015277777777777777
8 0.0875 0.37916666666666665 0.02578125 0.011111111111111112
8 0.091015625 0.44583333333333336 0.012109375 0.05138888888888889
9 0.334375 0.4895833333333333 0.00234375 0.010416666666666666
9 0.385546875 0.5013888888888889 0.001953125 0.011111111111111112
8 0.444921875 0.4625 0.010546875 0.004166666666666667
8 0.44609375 0.4826388888888889 0.0046875 0.011805555555555555
8 0.689453125 0.39305555555555555 0.012109375 0.020833333333333332
8 0.688671875 0.4305555555555556 0.010546875 0.019444444444444445
