0 0.392578125 0.6354166666666666 0.014453125 0.025694444444444443
0 0.466015625 0.6361111111111111 0.010546875 0.0125
0 0.514453125 0.6340277777777777 0.010546875 0.013194444444444444
0 0.5890625 0.6395833333333333 0.00625 0.021527777777777778
0 0.561328125 0.6319444444444444 0.025390625 0.03611111111111111
0 0.43359375 0.64375 0.02421875 0.03819444444444445
0 0.86640625 0.7743055555555556 0.1328125 0.19791666666666666
8 0.412890625 0.5854166666666667 0.009765625 0.01875
8 0.381640625 0.5909722222222222 0.013671875 0.014583333333333334
0 0.478125 0.6354166666666666 0.00390625 0.010416666666666666
