0 0.54453125 0.4361111111111111 0.00546875 0.006944444444444444
0 0.532421875 0.4354166666666667 0.007421875 0.011805555555555555
0 0.584375 0.43333333333333335 0.00546875 0.008333333333333333
0 0.601953125 0.4166666666666667 0.009765625 0.02638888888888889
0 0.6125 0.42569444444444443 0.0125 0.017361111111111112
0 0.626171875 0.43680555555555556 0.014453125 0.02013888888888889
0 0.52109375 0.4395833333333333 0.00703125 0.010416666666666666
0 0.51015625 0.44583333333333336 0.01796875 0.016666666666666666
0 0.715625 0.4486111111111111 0.04765625 0.058333333333333334
0 0.327734375 0.49583333333333335 0.075390625 0.0875
0 0.426953125 0.47430555555555554 0.030078125 0.03819444444444445
0 0.886328125 0.47152777777777777 0.112890625 0.13402777777777777
8 0.745703125 0.32430555555555557 0.012890625 0.007638888888888889
8 0.77578125 0.31666666666666665 0.01171875 0.008333333333333333
