8 0.2796875 0.2777777777777778 0.01328125 0.016666666666666666
8 0.378125 0.20902777777777778 0.01015625 0.022916666666666665
8 0.40546875 0.2111111111111111 0.015625 0.018055555555555554
8 0.373046875 0.2569444444444444 0.008984375 0.009722222222222222
8 0.477734375 0.24375 0.010546875 0.02013888888888889
0 0.04375 0.3104166666666667 0.04375 0.022916666666666665
0 0.128125 0.3298611111111111 0.0109375 0.014583333333333334
0 0.252734375 0.28541666666666665 0.007421875 0.00625
0 0.232421875 0.29444444444444445 0.005078125 0.005555555555555556
0 0.21015625 0.30694444444444446 0.00625 0.008333333333333333
0 0.2265625 0.31180555555555556 0.00546875 0.004861111111111111
0 0.266015625 0.2916666666666667 0.004296875 0.008333333333333333
0 0.2515625 0.29930555555555555 0.00703125 0.007638888888888889
0 0.2390625 0.3013888888888889 0.0046875 0.006944444444444444
0 0.40078125 0.26666666666666666 0.003125 0.008333333333333333
0 0.409375 0.2673611111111111 0.0046875 0.011805555555555555
0 0.387890625 0.26666666666666666 0.005078125 0.008333333333333333
0 0.4078125 0.28541666666666665 0.01015625 0.010416666666666666
0 0.419140625 0.3659722222222222 0.055859375 0.07291666666666667
0 0.265234375 0.3576388888888889 0.046484375 0.05763888888888889
9 0.5953125 0.23125 0.00546875 0.011805555555555555
