8 0.201171875 0.48125 0.016796875 0.034027777777777775
0 0.55 0.5368055555555555 0.01875 0.03263888888888889
0 0.516796875 0.5215277777777778 0.008984375 0.014583333333333334
8 0.465625 0.5090277777777777 0.00390625 0.00625
8 0.608984375 0.44375 0.005859375 0.011805555555555555
9 0.383984375 0.4798611111111111 0.003515625 0.010416666666666666
8 0.398828125 0.475 0.005078125 0.008333333333333333
9 0.5203125 0.48194444444444445 0.00390625 0.011111111111111112
9 0.53984375 0.45694444444444443 0.00234375 0.009722222222222222
9 0.5453125 0.4722222222222222 0.00234375 0.008333333333333333
0 0.48828125 0.5145833333333333 0.0078125 0.00625
0 0.405078125 0.5215277777777778 0.008203125 0.009027777777777777
0 0.4515625 0.5277777777777778 0.0109375 0.013888888888888888
8 0.9859375 0.3458333333333333 0.01171875 0.0125
8 0.991796875 0.38263888888888886 0.007421875 0.011805555555555555
0 0.532421875 0.5173611111111112 0.005859375 0.011805555555555555
