9 0.617578125 0.11458333333333333 0.012109375 0.04236111111111111
8 0.946484375 0.20208333333333334 0.015234375 0.011805555555555555
8 0.9140625 0.1909722222222222 0.01015625 0.013194444444444444
9 0.59921875 0.11736111111111111 0.0078125 0.03958333333333333
0 0.48125 0.44027777777777777 0.01015625 0.011111111111111112
0 0.453125 0.44722222222222224 0.0125 0.015277777777777777
0 0.43359375 0.45416666666666666 0.00859375 0.015277777777777777
0 0.41953125 0.4527777777777778 0.00546875 0.019444444444444445
0 0.40390625 0.4548611111111111 0.015625 0.025694444444444443
0 0.383203125 0.46041666666666664 0.013671875 0.024305555555555556
0 0.35703125 0.4597222222222222 0.02109375 0.027777777777777776
0 0.3171875 0.46805555555555556 0.0265625 0.03194444444444444
0 0.553515625 0.4083333333333333 0.009765625 0.011111111111111112
0 0.6078125 0.4361111111111111 0.00703125 0.022222222222222223
0 0.67890625 0.42986111111111114 0.01640625 0.02013888888888889
0 0.67890625 0.4465277777777778 0.009375 0.024305555555555556
0 0.697265625 0.44722222222222224 0.012890625 0.030555555555555555
0 0.72421875 0.44513888888888886 0.02734375 0.03819444444444445
0 0.92421875 0.42569444444444443 0.07421875 0.15486111111111112
0 0.258203125 0.48333333333333334 0.036328125 0.03333333333333333
0 0.640625 0.44027777777777777 0.02890625 0.043055555555555555
0 0.7609375 0.45902777777777776 0.04140625 0.04236111111111111
0 0.57421875 0.47430555555555554 0.04140625 0.05763888888888889
1 0.51953125 0.40694444444444444 0.0234375 0.043055555555555555
0 0.509765625 0.45 0.018359375 0.029166666666666667
2 0.1359375 0.49166666666666664 0.00703125 0.04027777777777778
2 0.121484375 0.48819444444444443 0.007421875 0.04375
2 0.10703125 0.4756944444444444 0.01015625 0.03819444444444445
8 0.101953125 0.3729166666666667 0.015234375 0.007638888888888889
