8 0.505859375 0.40555555555555556 0.005859375 0.011111111111111112
8 0.479296875 0.43194444444444446 0.005078125 0.008333333333333333
0 0.4640625 0.45694444444444443 0.00625 0.0125
0 0.420703125 0.4513888888888889 0.007421875 0.011111111111111112
4 0.441015625 0.43680555555555556 0.016796875 0.04375
4 0.8421875 0.41458333333333336 0.0859375 0.10208333333333333
4 0.686328125 0.4444444444444444 0.041015625 0.05555555555555555
0 0.4015625 0.4583333333333333 0.0109375 0.016666666666666666
0 0.3234375 0.45555555555555555 0.00625 0.008333333333333333
0 0.30234375 0.45416666666666666 0.0078125 0.0125
0 0.151171875 0.46597222222222223 0.013671875 0.013194444444444444
0 0.7546875 0.45416666666666666 0.01640625 0.015277777777777777
