8 0.615625 0.5284722222222222 0.01640625 0.01875
8 0.596875 0.575 0.00703125 0.008333333333333333
8 0.255859375 0.5222222222222223 0.015234375 0.015277777777777777
8 0.5109375 0.5541666666666667 0.0046875 0.0125
8 0.5125 0.5576388888888889 0.00703125 0.014583333333333334
8 0.5609375 0.5631944444444444 0.00703125 0.007638888888888889
0 0.571875 0.5902777777777778 0.00625 0.008333333333333333
0 0.598828125 0.5888888888888889 0.005078125 0.011111111111111112
0 0.53671875 0.5881944444444445 0.00703125 0.010416666666666666
0 0.55390625 0.5895833333333333 0.00703125 0.010416666666666666
0 0.58359375 0.5923611111111111 0.0109375 0.014583333333333334
8 0.70703125 0.5770833333333333 0.00703125 0.00625
8 0.646875 0.5729166666666666 0.0046875 0.00625
8 0.690625 0.5729166666666666 0.0046875 0.00625
0 0.276953125 0.5916666666666667 0.037109375 0.03333333333333333
0 0.501171875 0.5826388888888889 0.013671875 0.013194444444444444
0 0.393359375 0.6152777777777778 0.058203125 0.07777777777777778
8 0.3875 0.49722222222222223 0.0140625 0.03194444444444444
0 0.629296875 0.6048611111111111 0.023046875 0.029861111111111113
0 0.691796875 0.60625 0.024609375 0.02847222222222222
0 0.76953125 0.6006944444444444 0.021875 0.017361111111111112
0 0.8359375 0.6111111111111112 0.01875 0.015277777777777777
