0 0.510546875 0.6618055555555555 0.004296875 0.01597222222222222
0 0.520703125 0.6631944444444444 0.008203125 0.017361111111111112
0 0.533203125 0.6625 0.008984375 0.022222222222222223
0 0.54453125 0.6694444444444444 0.0109375 0.03194444444444444
0 0.582421875 0.6659722222222222 0.029296875 0.03958333333333333
0 0.484765625 0.6715277777777777 0.014453125 0.01875
0 0.46171875 0.6631944444444444 0.00859375 0.013194444444444444
0 0.442578125 0.6659722222222222 0.007421875 0.011805555555555555
0 0.423046875 0.6736111111111112 0.008984375 0.015277777777777777
0 0.3921875 0.66875 0.0203125 0.024305555555555556
0 0.38828125 0.6236111111111111 0.003125 0.009722222222222222
0 0.334765625 0.68125 0.030078125 0.04375
0 0.2625 0.7034722222222223 0.078125 0.09375
8 0.064453125 0.5152777777777777 0.029296875 0.013888888888888888
8 0.118359375 0.49375 0.016015625 0.014583333333333334
9 0.198046875 0.4888888888888889 0.005078125 0.011111111111111112
8 0.588671875 0.4270833333333333 0.016796875 0.022916666666666665
8 0.934375 0.3909722222222222 0.02578125 0.07847222222222222
9 0.981640625 0.43333333333333335 0.012890625 0.03611111111111111
9 0.687890625 0.24513888888888888 0.016796875 0.03958333333333333
8 0.74296875 0.20208333333333334 0.02265625 0.04236111111111111
8 0.648828125 0.4930555555555556 0.019140625 0.011111111111111112
9 0.490625 0.3958333333333333 0.00703125 0.02638888888888889
9 0.469140625 0.3875 0.007421875 0.02638888888888889
0 0.881640625 0.6472222222222223 0.068359375 0.05694444444444444
0 0.175 0.6993055555555555 0.0203125 0.017361111111111112
0 0.0453125 0.7194444444444444 0.040625 0.02638888888888889
0 0.41796875 0.9138888888888889 0.0078125 0.0
8 0.034765625 0.8423611111111111 0.008984375 0.003472222222222222
0 0.966796875 0.80625 0.031640625 0.14375
9 0.609375 0.5972222222222222 0.00859375 0.0125
9 0.62734375 0.5979166666666667 0.009375 0.01597222222222222
