8 0.212109375 0.48055555555555557 0.014453125 0.006944444444444444
8 0.323828125 0.55 0.008984375 0.006944444444444444
8 0.557421875 0.5354166666666667 0.005859375 0.014583333333333334
8 0.56484375 0.56875 0.0078125 0.004861111111111111
8 0.556640625 0.5986111111111111 0.005078125 0.008333333333333333
9 0.038671875 0.4395833333333333 0.006640625 0.01875
9 0.3953125 0.50625 0.00390625 0.01597222222222222
9 0.516796875 0.5215277777777778 0.004296875 0.014583333333333334
9 0.32265625 0.5770833333333333 0.003125 0.013194444444444444
9 0.409375 0.5881944444444445 0.00390625 0.010416666666666666
9 0.219921875 0.5652777777777778 0.003515625 0.0125
9 0.201171875 0.5659722222222222 0.004296875 0.011805555555555555
8 0.211328125 0.5284722222222222 0.012109375 0.02013888888888889
2 0.964453125 0.6965277777777777 0.017578125 0.06180555555555556
2 0.874609375 0.6888888888888889 0.008203125 0.04861111111111111
2 0.90625 0.6861111111111111 0.00859375 0.044444444444444446
2 0.76796875 0.65 0.00390625 0.0125
0 0.459765625 0.7486111111111111 0.103515625 0.19305555555555556
0 0.784765625 0.7222222222222222 0.070703125 0.05694444444444444
0 0.70546875 0.6958333333333333 0.046875 0.05555555555555555
0 0.554296875 0.6881944444444444 0.046484375 0.07430555555555556
0 0.323046875 0.6777777777777778 0.035546875 0.043055555555555555
0 0.277734375 0.6680555555555555 0.019140625 0.029166666666666667
0 0.366015625 0.6729166666666667 0.009765625 0.027083333333333334
0 0.404296875 0.6513888888888889 0.021484375 0.0375
0 0.25 0.6638888888888889 0.015625 0.019444444444444445
