4 0.438671875 0.2916666666666667 0.012890625 0.0125
0 0.405859375 0.31319444444444444 0.012890625 0.017361111111111112
0 0.369921875 0.3194444444444444 0.014453125 0.019444444444444445
0 0.335546875 0.3298611111111111 0.012109375 0.021527777777777778
0 0.3234375 0.3298611111111111 0.01171875 0.021527777777777778
0 0.30546875 0.33402777777777776 0.02109375 0.025694444444444443
0 0.532421875 0.3388888888888889 0.015234375 0.030555555555555555
0 0.891796875 0.44305555555555554 0.107421875 0.1111111111111111
2 0.801953125 0.3277777777777778 0.010546875 0.020833333333333332
2 0.7296875 0.33402777777777776 0.0078125 0.01875
2 0.71171875 0.36319444444444443 0.00625 0.050694444444444445
0 0.769921875 0.40694444444444444 0.066015625 0.07222222222222222
0 0.033984375 0.35625 0.033984375 0.09097222222222222
8 0.880078125 0.19791666666666666 0.019140625 0.052083333333333336
1 0.631640625 0.33819444444444446 0.080859375 0.1326388888888889
0 0.464453125 0.4152777777777778 0.081640625 0.1125
0 0.248046875 0.36527777777777776 0.051171875 0.05694444444444444
0 0.132421875 0.3597222222222222 0.059765625 0.05694444444444444
8 0.485546875 0.13958333333333334 0.013671875 0.02013888888888889
