0 0.432421875 0.4736111111111111 0.016015625 0.027777777777777776
0 0.392578125 0.47152777777777777 0.012890625 0.02013888888888889
0 0.35625 0.47638888888888886 0.0234375 0.030555555555555555
0 0.298828125 0.4888888888888889 0.026953125 0.044444444444444446
0 0.2171875 0.525 0.0734375 0.07361111111111111
0 0.008984375 0.6125 0.008203125 0.1125
0 0.454296875 0.47638888888888886 0.003515625 0.008333333333333333
0 0.462109375 0.47638888888888886 0.006640625 0.011111111111111112
0 0.481640625 0.48333333333333334 0.009765625 0.013888888888888888
0 0.526171875 0.4930555555555556 0.021484375 0.03333333333333333
0 0.57421875 0.5097222222222222 0.03359375 0.041666666666666664
0 0.712890625 0.525 0.087890625 0.1111111111111111
0 0.87265625 0.5930555555555556 0.1265625 0.15694444444444444
