8 0.41875 0.22569444444444445 0.0390625 0.017361111111111112
8 0.042578125 0.4791666666666667 0.005859375 0.0125
9 0.28671875 0.09861111111111111 0.01640625 0.05555555555555555
9 0.431640625 0.30972222222222223 0.006640625 0.029166666666666667
9 0.444140625 0.39305555555555555 0.009765625 0.018055555555555554
9 0.4265625 0.39791666666666664 0.0078125 0.01875
0 0.37578125 0.5104166666666666 0.02265625 0.024305555555555556
0 0.058984375 0.5409722222222222 0.052734375 0.050694444444444445
0 0.126171875 0.5277777777777778 0.013671875 0.015277777777777777
0 0.141796875 0.5222222222222223 0.005859375 0.013888888888888888
0 0.154296875 0.5243055555555556 0.007421875 0.01597222222222222
0 0.16953125 0.5222222222222223 0.009375 0.013888888888888888
0 0.18125 0.5201388888888889 0.0078125 0.009027777777777777
0 0.18984375 0.5145833333333333 0.00703125 0.010416666666666666
0 0.2359375 0.5076388888888889 0.01015625 0.014583333333333334
0 0.27421875 0.5020833333333333 0.0078125 0.011805555555555555
0 0.354296875 0.4979166666666667 0.005859375 0.014583333333333334
0 0.344921875 0.4951388888888889 0.004296875 0.010416666666666666
0 0.32890625 0.49375 0.0046875 0.00625
0 0.015234375 0.55 0.014453125 0.027777777777777776
0 0.251171875 0.5048611111111111 0.005078125 0.007638888888888889
