9 0.408203125 0.3215277777777778 0.005078125 0.029861111111111113
9 0.519140625 0.4041666666666667 0.005078125 0.020833333333333332
9 0.13671875 0.4263888888888889 0.0109375 0.020833333333333332
9 0.596484375 0.4895833333333333 0.007421875 0.009027777777777777
9 0.41640625 0.3333333333333333 0.00390625 0.020833333333333332
9 0.70859375 0.4340277777777778 0.009375 0.017361111111111112
9 0.68984375 0.4305555555555556 0.009375 0.020833333333333332
8 0.662890625 0.37916666666666665 0.008203125 0.0125
8 0.67109375 0.40069444444444446 0.00703125 0.009027777777777777
8 0.671484375 0.4388888888888889 0.007421875 0.016666666666666666
2 0.85078125 0.5791666666666667 0.01875 0.06388888888888888
2 0.88125 0.5805555555555556 0.02109375 0.06666666666666667
2 0.63359375 0.5479166666666667 0.009375 0.034027777777777775
0 0.820703125 0.5590277777777778 0.029296875 0.03125
0 0.51875 0.5395833333333333 0.00703125 0.009027777777777777
4 0.48828125 0.5465277777777777 0.0234375 0.03125
4 0.407421875 0.5506944444444445 0.052734375 0.07291666666666667
9 0.27890625 0.36875 0.0046875 0.01875
