0 0.05703125 0.6826388888888889 0.05703125 0.10486111111111111
0 0.908984375 0.5541666666666667 0.089453125 0.1875
0 0.197265625 0.6354166666666666 0.084765625 0.10069444444444445
0 0.745703125 0.5277777777777778 0.050390625 0.06388888888888888
0 0.655078125 0.5166666666666667 0.018359375 0.02361111111111111
0 0.607421875 0.5298611111111111 0.013671875 0.021527777777777778
0 0.569921875 0.5159722222222223 0.023046875 0.02013888888888889
0 0.61484375 0.4986111111111111 0.003125 0.005555555555555556
0 0.598046875 0.5 0.008203125 0.006944444444444444
8 0.326171875 0.4527777777777778 0.007421875 0.013888888888888888
8 0.32734375 0.4847222222222222 0.0078125 0.015277777777777777
9 0.5296875 0.47430555555555554 0.00234375 0.00625
9 0.656640625 0.4479166666666667 0.003515625 0.00625
9 0.62265625 0.48194444444444445 0.00234375 0.004166666666666667
9 0.698828125 0.37222222222222223 0.005078125 0.013888888888888888
