0 0.386328125 0.5694444444444444 0.029296875 0.0375
0 0.626171875 0.5756944444444444 0.059765625 0.09375
0 0.8625 0.5284722222222222 0.07265625 0.05486111111111111
0 0.7265625 0.5361111111111111 0.0390625 0.0375
0 0.503515625 0.5465277777777777 0.012890625 0.010416666666666666
0 0.414453125 0.5611111111111111 0.012890625 0.029166666666666667
0 0.433984375 0.5701388888888889 0.012109375 0.02013888888888889
0 0.4609375 0.5569444444444445 0.015625 0.0125
0 0.485546875 0.5548611111111111 0.008984375 0.010416666666666666
9 0.1671875 0.4027777777777778 0.00859375 0.041666666666666664
9 0.318359375 0.1423611111111111 0.012890625 0.052083333333333336
9 0.524609375 0.46944444444444444 0.003515625 0.016666666666666666
9 0.57421875 0.5083333333333333 0.00390625 0.008333333333333333
8 0.185546875 0.2916666666666667 0.043359375 0.02638888888888889
8 0.53671875 0.4722222222222222 0.0078125 0.005555555555555556
8 0.47421875 0.46944444444444444 0.009375 0.008333333333333333
9 0.488671875 0.45625 0.003515625 0.013194444444444444
8 0.858984375 0.3902777777777778 0.005859375 0.016666666666666666
4 0.673828125 0.5236111111111111 0.012109375 0.029166666666666667
