0 0.126171875 0.51875 0.126171875 0.17847222222222223
0 0.478125 0.5402777777777777 0.10703125 0.21805555555555556
1 0.723828125 0.46111111111111114 0.131640625 0.20833333333333334
1 0.545703125 0.4423611111111111 0.052734375 0.10347222222222222
0 0.26640625 0.5020833333333333 0.065625 0.09791666666666667
0 0.355078125 0.49236111111111114 0.036328125 0.06041666666666667
0 0.378125 0.43333333333333335 0.025 0.019444444444444445
5 0.96953125 0.6368055555555555 0.0265625 0.10486111111111111
2 0.8765625 0.48194444444444445 0.0171875 0.07083333333333333
2 0.902734375 0.4979166666666667 0.015234375 0.06597222222222222
8 0.2140625 0.37569444444444444 0.0171875 0.014583333333333334
