0 0.454296875 0.5458333333333333 0.023828125 0.02638888888888889
0 0.429296875 0.5604166666666667 0.006640625 0.013194444444444444
0 0.415625 0.5604166666666667 0.0125 0.01597222222222222
0 0.380078125 0.5666666666666667 0.023046875 0.029166666666666667
0 0.35078125 0.5701388888888889 0.01953125 0.035416666666666666
0 0.31640625 0.5729166666666666 0.0265625 0.04375
0 0.27421875 0.5715277777777777 0.028125 0.05347222222222222
0 0.19296875 0.5881944444444445 0.07109375 0.07291666666666667
0 0.519921875 0.55625 0.018359375 0.024305555555555556
0 0.559765625 0.5493055555555556 0.025390625 0.04097222222222222
0 0.6046875 0.5604166666666667 0.0359375 0.06180555555555556
0 0.677734375 0.5597222222222222 0.072265625 0.09861111111111111
0 0.776953125 0.5916666666666667 0.066015625 0.10833333333333334
0 0.902734375 0.6208333333333333 0.096484375 0.15138888888888888
8 0.664453125 0.43125 0.008203125 0.01875
8 0.65 0.43125 0.01015625 0.01875
9 0.376171875 0.47638888888888886 0.002734375 0.0125
9 0.41640625 0.4722222222222222 0.0046875 0.011111111111111112
8 0.3890625 0.47638888888888886 0.015625 0.009722222222222222
8 0.5515625 0.4861111111111111 0.01015625 0.016666666666666666
0 0.025390625 0.61875 0.025390625 0.04375
2 0.486328125 0.5479166666666667 0.004296875 0.014583333333333334
8 0.6375 0.27708333333333335 0.00859375 0.017361111111111112
