9 0.510546875 0.48333333333333334 0.003515625 0.015277777777777777
9 0.358203125 0.5034722222222222 0.002734375 0.01875
9 0.44453125 0.54375 0.003125 0.010416666666666666
9 0.472265625 0.55 0.001953125 0.009722222222222222
9 0.51796875 0.48680555555555555 0.00390625 0.014583333333333334
8 0.53828125 0.4888888888888889 0.0125 0.006944444444444444
8 0.569140625 0.49027777777777776 0.005078125 0.008333333333333333
8 0.574609375 0.5159722222222223 0.005078125 0.00625
0 0.40859375 0.5736111111111111 0.00546875 0.006944444444444444
0 0.38203125 0.5729166666666666 0.00390625 0.011805555555555555
0 0.44140625 0.5805555555555556 0.0078125 0.009722222222222222
0 0.42578125 0.5791666666666667 0.00546875 0.0125
0 0.3953125 0.5770833333333333 0.00234375 0.013194444444444444
0 0.375 0.5736111111111111 0.0046875 0.009722222222222222
0 0.362890625 0.5756944444444444 0.007421875 0.009027777777777777
0 0.4625 0.5805555555555556 0.00625 0.016666666666666666
0 0.48828125 0.5611111111111111 0.00625 0.015277777777777777
0 0.519140625 0.6145833333333334 0.039453125 0.06875
0 0.58515625 0.6215277777777778 0.0234375 0.029861111111111113
8 0.528515625 0.5548611111111111 0.006640625 0.01597222222222222
0 0.651171875 0.6263888888888889 0.031640625 0.043055555555555555
0 0.71875 0.6298611111111111 0.0640625 0.07013888888888889
0 0.8515625 0.6854166666666667 0.03671875 0.05625
9 0.5796875 0.5493055555555556 0.00390625 0.010416666666666666
8 0.608984375 0.5388888888888889 0.012109375 0.009722222222222222
8 0.56953125 0.5291666666666667 0.0078125 0.009722222222222222
0 0.05078125 0.6277777777777778 0.05078125 0.044444444444444446
