9 0.28125 0.6048611111111111 0.009375 0.02013888888888889
9 0.5328125 0.6861111111111111 0.00546875 0.011111111111111112
9 0.6125 0.6597222222222222 0.00390625 0.009722222222222222
9 0.61015625 0.4534722222222222 0.00703125 0.027083333333333334
9 0.56875 0.6972222222222222 0.00546875 0.011111111111111112
9 0.280859375 0.6972222222222222 0.009765625 0.018055555555555554
9 0.29296875 0.6993055555555555 0.00625 0.01597222222222222
8 0.22578125 0.6756944444444445 0.01484375 0.024305555555555556
9 0.772265625 0.48819444444444443 0.008984375 0.027083333333333334
8 0.774609375 0.5180555555555556 0.019140625 0.02638888888888889
8 0.776953125 0.5590277777777778 0.019921875 0.021527777777777778
8 0.636328125 0.5902777777777778 0.016796875 0.015277777777777777
0 0.626953125 0.7152777777777778 0.005078125 0.008333333333333333
0 0.662890625 0.7215277777777778 0.018359375 0.029861111111111113
0 0.5828125 0.7208333333333333 0.0046875 0.008333333333333333
0 0.591015625 0.7159722222222222 0.005859375 0.007638888888888889
0 0.597265625 0.7180555555555556 0.004296875 0.008333333333333333
0 0.601953125 0.7180555555555556 0.003515625 0.008333333333333333
0 0.60703125 0.7173611111111111 0.00390625 0.007638888888888889
0 0.6109375 0.7166666666666667 0.0046875 0.009722222222222222
0 0.63828125 0.7125 0.0109375 0.016666666666666666
0 0.698046875 0.7208333333333333 0.031640625 0.04027777777777778
9 0.612890625 0.6847222222222222 0.002734375 0.005555555555555556
