0 0.41484375 0.425 0.009375 0.013888888888888888
0 0.43359375 0.4270833333333333 0.0078125 0.010416666666666666
0 0.454296875 0.4423611111111111 0.014453125 0.02847222222222222
0 0.471875 0.45555555555555555 0.01640625 0.030555555555555555
0 0.50859375 0.46041666666666664 0.034375 0.04375
0 0.533203125 0.4798611111111111 0.033203125 0.05486111111111111
0 0.591015625 0.4930555555555556 0.055078125 0.0763888888888889
0 0.725 0.5527777777777778 0.1390625 0.1388888888888889
0 0.321875 0.4576388888888889 0.01640625 0.025694444444444443
0 0.30390625 0.45902777777777776 0.015625 0.027083333333333334
0 0.2734375 0.46805555555555556 0.02578125 0.04027777777777778
0 0.2328125 0.47708333333333336 0.0453125 0.049305555555555554
0 0.378125 0.4930555555555556 0.053125 0.07916666666666666
0 0.07109375 0.5201388888888889 0.07109375 0.10208333333333333
0 0.884765625 0.6326388888888889 0.115234375 0.21875
8 0.5125 0.35208333333333336 0.0078125 0.025694444444444443
8 0.515234375 0.38680555555555557 0.008203125 0.02013888888888889
8 0.792578125 0.3229166666666667 0.014453125 0.022916666666666665
8 0.348828125 0.39791666666666664 0.006640625 0.014583333333333334
