9 0.534375 0.3923611111111111 0.0046875 0.014583333333333334
9 0.523046875 0.43819444444444444 0.006640625 0.011805555555555555
8 0.733984375 0.29375 0.010546875 0.02013888888888889
8 0.721484375 0.33541666666666664 0.020703125 0.01875
0 0.43671875 0.45208333333333334 0.0125 0.014583333333333334
0 0.41171875 0.45694444444444443 0.0140625 0.013888888888888888
0 0.398046875 0.45694444444444443 0.014453125 0.020833333333333332
0 0.3796875 0.46597222222222223 0.01328125 0.021527777777777778
0 0.5171875 0.4638888888888889 0.00703125 0.009722222222222222
0 0.527734375 0.46111111111111114 0.007421875 0.013888888888888888
0 0.544140625 0.46041666666666664 0.010546875 0.02013888888888889
0 0.348046875 0.4736111111111111 0.023828125 0.02361111111111111
0 0.573046875 0.49166666666666664 0.031640625 0.0375
0 0.674609375 0.49722222222222223 0.066015625 0.075
0 0.25390625 0.4909722222222222 0.059375 0.05763888888888889
