0 0.430078125 0.45 0.008984375 0.0125
0 0.37734375 0.4673611111111111 0.00859375 0.02013888888888889
1 0.296484375 0.40902777777777777 0.075390625 0.14097222222222222
0 0.1640625 0.5152777777777777 0.103125 0.11527777777777778
2 0.532421875 0.425 0.004296875 0.016666666666666666
2 0.52265625 0.42569444444444443 0.00390625 0.01875
0 0.490234375 0.47152777777777777 0.023046875 0.03125
0 0.525 0.48819444444444443 0.03359375 0.04791666666666667
0 0.051171875 0.61875 0.051171875 0.16180555555555556
0 0.87890625 0.6631944444444444 0.1203125 0.18263888888888888
0 0.3953125 0.4465277777777778 0.009375 0.013194444444444444
0 0.599609375 0.5034722222222222 0.071484375 0.07847222222222222
8 0.529296875 0.35625 0.006640625 0.025694444444444443
