8 0.5046875 0.38055555555555554 0.00703125 0.016666666666666666
8 0.33671875 0.42986111111111114 0.00625 0.009027777777777777
9 0.379296875 0.4125 0.006640625 0.011111111111111112
9 0.315625 0.4083333333333333 0.00390625 0.008333333333333333
9 0.2140625 0.40069444444444446 0.00625 0.007638888888888889
8 0.51015625 0.4201388888888889 0.00390625 0.007638888888888889
0 0.276171875 0.4548611111111111 0.015234375 0.013194444444444444
0 0.20625 0.44722222222222224 0.02578125 0.011111111111111112
0 0.147265625 0.4930555555555556 0.023828125 0.019444444444444445
0 0.091796875 0.5020833333333333 0.027734375 0.024305555555555556
0 0.377734375 0.4736111111111111 0.006640625 0.011111111111111112
0 0.392578125 0.4701388888888889 0.011328125 0.017361111111111112
0 0.418359375 0.46597222222222223 0.016796875 0.024305555555555556
0 0.533984375 0.48333333333333334 0.016796875 0.025
0 0.554296875 0.4861111111111111 0.013671875 0.027777777777777776
0 0.600390625 0.49236111111111114 0.037109375 0.04375
0 0.65625 0.50625 0.05 0.050694444444444445
0 0.788671875 0.5236111111111111 0.103515625 0.08611111111111111
0 0.939453125 0.58125 0.058203125 0.09652777777777778
0 0.0359375 0.4986111111111111 0.0359375 0.030555555555555555
0 0.458984375 0.46458333333333335 0.023828125 0.03125
