9 0.2265625 0.41388888888888886 0.0046875 0.018055555555555554
9 0.23125 0.41458333333333336 0.00546875 0.02013888888888889
9 0.242578125 0.4111111111111111 0.005859375 0.02361111111111111
9 0.4734375 0.43125 0.0046875 0.017361111111111112
9 0.465625 0.4284722222222222 0.0046875 0.02013888888888889
9 0.480078125 0.4263888888888889 0.005859375 0.018055555555555554
9 0.130859375 0.5625 0.006640625 0.011111111111111112
9 0.8390625 0.4465277777777778 0.015625 0.02847222222222222
9 0.812890625 0.4465277777777778 0.010546875 0.024305555555555556
8 0.003515625 0.42916666666666664 0.003515625 0.009722222222222222
8 0.158203125 0.4173611111111111 0.029296875 0.01597222222222222
8 0.59140625 0.46944444444444444 0.00703125 0.009722222222222222
8 0.848828125 0.49722222222222223 0.007421875 0.025
8 0.5828125 0.4305555555555556 0.01328125 0.022222222222222223
8 0.57890625 0.5395833333333333 0.00546875 0.013194444444444444
2 0.9890625 0.6277777777777778 0.00859375 0.08472222222222223
2 0.61640625 0.5694444444444444 0.00703125 0.022222222222222223
2 0.603515625 0.5972222222222222 0.004296875 0.02638888888888889
2 0.61015625 0.5881944444444445 0.00625 0.03680555555555556
2 0.615234375 0.5875 0.005078125 0.03194444444444444
2 0.70078125 0.5645833333333333 0.0046875 0.02013888888888889
2 0.691015625 0.5659722222222222 0.005859375 0.01875
2 0.655078125 0.5736111111111111 0.005859375 0.030555555555555555
2 0.643359375 0.5833333333333334 0.006640625 0.030555555555555555
2 0.68125 0.5798611111111112 0.0078125 0.034027777777777775
0 0.6328125 0.5701388888888889 0.01171875 0.021527777777777778
2 0.698046875 0.6152777777777778 0.010546875 0.05
2 0.72109375 0.6076388888888888 0.0109375 0.05625
2 0.90078125 0.625 0.01953125 0.09444444444444444
2 0.0875 0.6347222222222222 0.0109375 0.03194444444444444
2 0.31328125 0.5861111111111111 0.003125 0.008333333333333333
2 0.31875 0.5847222222222223 0.00390625 0.009722222222222222
0 0.019140625 0.6368055555555555 0.019140625 0.02847222222222222
0 0.01484375 0.65 0.01484375 0.029166666666666667
0 0.051953125 0.80625 0.051953125 0.12986111111111112
1 0.926171875 0.5354166666666667 0.071484375 0.11319444444444444
0 0.8390625 0.6013888888888889 0.028125 0.04027777777777778
2 0.5390625 0.575 0.0046875 0.015277777777777777
2 0.56328125 0.5715277777777777 0.0046875 0.014583333333333334
0 0.403125 0.5659722222222222 0.01328125 0.010416666666666666
0 0.41796875 0.5777777777777777 0.00703125 0.013888888888888888
0 0.4078125 0.6 0.0140625 0.029166666666666667
0 0.39765625 0.60625 0.01953125 0.029861111111111113
0 0.383984375 0.6173611111111111 0.020703125 0.035416666666666666
0 0.344921875 0.63125 0.035546875 0.050694444444444445
0 0.234375 0.65 0.096875 0.11805555555555555
0 0.473828125 0.5652777777777778 0.055859375 0.09583333333333334
0 0.52421875 0.75625 0.1203125 0.19930555555555557
