9 0.4578125 0.12361111111111112 0.003125 0.0125
9 0.540625 0.11736111111111111 0.003125 0.009027777777777777
9 0.5328125 0.11944444444444445 0.00234375 0.008333333333333333
0 0.455859375 0.18263888888888888 0.008203125 0.017361111111111112
0 0.436328125 0.20694444444444443 0.017578125 0.03888888888888889
0 0.27890625 0.23055555555555557 0.03828125 0.05694444444444444
0 0.173828125 0.21944444444444444 0.083984375 0.09861111111111111
0 0.552734375 0.16319444444444445 0.015234375 0.014583333333333334
0 0.61484375 0.19652777777777777 0.01328125 0.021527777777777778
0 0.6703125 0.22569444444444445 0.04609375 0.08125
0 0.7765625 0.27847222222222223 0.10859375 0.13958333333333334
0 0.533984375 0.32430555555555557 0.122265625 0.16597222222222222
0 0.375 0.22361111111111112 0.05 0.07083333333333333
0 0.887890625 0.35625 0.111328125 0.26180555555555557
0 0.108203125 0.33194444444444443 0.108203125 0.26805555555555555
4 0.28984375 0.15347222222222223 0.05234375 0.09236111111111112
8 0.352734375 0.07152777777777777 0.006640625 0.010416666666666666
8 0.34609375 0.08888888888888889 0.00703125 0.006944444444444444
8 0.344140625 0.10625 0.006640625 0.004861111111111111
8 0.353125 0.13194444444444445 0.009375 0.006944444444444444
