8 0.6796875 0.07013888888888889 0.0125 0.034027777777777775
8 0.6125 0.33194444444444443 0.00703125 0.016666666666666666
9 0.579296875 0.13680555555555557 0.005078125 0.024305555555555556
9 0.451953125 0.3368055555555556 0.001953125 0.007638888888888889
9 0.00859375 0.05486111111111111 0.0078125 0.04236111111111111
9 0.56796875 0.1388888888888889 0.0046875 0.02638888888888889
9 0.1234375 0.34305555555555556 0.00703125 0.011111111111111112
9 0.84609375 0.20416666666666666 0.009375 0.029166666666666667
2 0.29140625 0.40555555555555556 0.00546875 0.018055555555555554
2 0.246484375 0.4097222222222222 0.005859375 0.019444444444444445
2 0.227734375 0.4048611111111111 0.002734375 0.022916666666666665
2 0.663671875 0.3715277777777778 0.007421875 0.017361111111111112
4 0.641015625 0.36875 0.036328125 0.03125
0 0.4421875 0.41041666666666665 0.01875 0.03263888888888889
0 0.582421875 0.4 0.009765625 0.02361111111111111
0 0.37578125 0.42083333333333334 0.05546875 0.075
0 0.521484375 0.4395833333333333 0.066796875 0.10625
