8 0.069140625 0.4673611111111111 0.008203125 0.01875
8 0.15703125 0.48541666666666666 0.009375 0.014583333333333334
8 0.062109375 0.5451388888888888 0.033984375 0.06041666666666667
8 0.602734375 0.4888888888888889 0.006640625 0.020833333333333332
8 0.60390625 0.5222222222222223 0.003125 0.009722222222222222
8 0.55390625 0.5868055555555556 0.009375 0.007638888888888889
8 0.491796875 0.5583333333333333 0.020703125 0.008333333333333333
8 0.30234375 0.6319444444444444 0.003125 0.006944444444444444
8 0.301953125 0.6506944444444445 0.003515625 0.009027777777777777
8 0.278125 0.6513888888888889 0.00703125 0.006944444444444444
8 0.149609375 0.6395833333333333 0.008203125 0.007638888888888889
0 0.1421875 0.6888888888888889 0.0171875 0.011111111111111112
4 0.20390625 0.6708333333333333 0.01796875 0.027777777777777776
8 0.2375 0.6284722222222222 0.00703125 0.003472222222222222
9 0.435546875 0.5472222222222223 0.003515625 0.0125
9 0.326953125 0.5666666666666667 0.003515625 0.0125
9 0.108203125 0.5375 0.010546875 0.019444444444444445
9 0.621484375 0.5944444444444444 0.010546875 0.013888888888888888
9 0.55234375 0.6333333333333333 0.0078125 0.009722222222222222
4 0.77734375 0.6326388888888889 0.084375 0.05625
2 0.537890625 0.6819444444444445 0.004296875 0.022222222222222223
2 0.5109375 0.6777777777777778 0.0046875 0.016666666666666666
2 0.50078125 0.6881944444444444 0.00390625 0.013194444444444444
0 0.07265625 0.6833333333333333 0.0296875 0.03611111111111111
0 0.2046875 0.6909722222222222 0.01640625 0.024305555555555556
0 0.27578125 0.6819444444444445 0.0125 0.0125
0 0.2984375 0.6833333333333333 0.015625 0.018055555555555554
0 0.325 0.6868055555555556 0.0125 0.013194444444444444
0 0.353125 0.6736111111111112 0.0046875 0.008333333333333333
0 0.364453125 0.6784722222222223 0.005859375 0.009027777777777777
0 0.394921875 0.6826388888888889 0.005859375 0.009027777777777777
0 0.46875 0.6722222222222223 0.02109375 0.029166666666666667
0 0.578125 0.71875 0.03671875 0.059027777777777776
0 0.6484375 0.7354166666666667 0.07421875 0.08263888888888889
0 0.834375 0.7993055555555556 0.1640625 0.15902777777777777
0 0.035546875 0.6902777777777778 0.035546875 0.041666666666666664
0 0.2359375 0.6916666666666667 0.02421875 0.02638888888888889
0 0.443359375 0.7208333333333333 0.048828125 0.06805555555555555
