8 0.201171875 0.43819444444444444 0.007421875 0.00625
8 0.19375 0.4638888888888889 0.00703125 0.009722222222222222
8 0.194921875 0.5006944444444444 0.005859375 0.027083333333333334
8 0.14453125 0.5381944444444444 0.01171875 0.00625
8 0.79609375 0.47430555555555554 0.00703125 0.029861111111111113
8 0.335546875 0.45555555555555555 0.007421875 0.02361111111111111
4 0.0515625 0.5979166666666667 0.01171875 0.014583333333333334
0 0.026171875 0.6076388888888888 0.012890625 0.017361111111111112
0 0.115625 0.6013888888888889 0.00859375 0.011111111111111112
4 0.1375 0.5951388888888889 0.009375 0.01597222222222222
0 0.084765625 0.6027777777777777 0.024609375 0.041666666666666664
0 0.728125 0.5680555555555555 0.028125 0.04722222222222222
0 0.751171875 0.6152777777777778 0.040234375 0.058333333333333334
4 0.884375 0.5819444444444445 0.1140625 0.12916666666666668
8 0.59296875 0.5090277777777777 0.00546875 0.01875
8 0.533984375 0.5354166666666667 0.003515625 0.01875
9 0.2015625 0.5541666666666667 0.0046875 0.008333333333333333
9 0.0078125 0.5326388888888889 0.0046875 0.007638888888888889
