8 0.85078125 0.6277777777777778 0.01328125 0.03194444444444444
8 0.679296875 0.5777777777777777 0.008203125 0.016666666666666666
4 0.577734375 0.6597222222222222 0.016796875 0.029166666666666667
0 0.606640625 0.6527777777777778 0.019921875 0.043055555555555555
0 0.627734375 0.6569444444444444 0.019921875 0.043055555555555555
0 0.290625 0.6513888888888889 0.03515625 0.0375
8 0.554296875 0.6743055555555556 0.006640625 0.004861111111111111
0 0.680078125 0.6590277777777778 0.048046875 0.05763888888888889
0 0.384375 0.6631944444444444 0.021875 0.01875
0 0.192578125 0.6520833333333333 0.066015625 0.05763888888888889
8 0.101953125 0.4583333333333333 0.010546875 0.022222222222222223
