8 0.1609375 0.5041666666666667 0.02578125 0.020833333333333332
8 0.3203125 0.5527777777777778 0.0046875 0.009722222222222222
9 0.36171875 0.5020833333333333 0.00234375 0.010416666666666666
9 0.34296875 0.5006944444444444 0.00234375 0.011805555555555555
9 0.3375 0.5006944444444444 0.0015625 0.010416666666666666
9 0.31328125 0.5020833333333333 0.003125 0.009027777777777777
9 0.366015625 0.5013888888888889 0.003515625 0.0125
9 0.38984375 0.49930555555555556 0.00234375 0.011805555555555555
9 0.384765625 0.5041666666666667 0.002734375 0.013888888888888888
0 0.615625 0.5625 0.0140625 0.011111111111111112
0 0.680078125 0.5541666666666667 0.010546875 0.009722222222222222
0 0.75234375 0.5583333333333333 0.01171875 0.009722222222222222
0 0.20625 0.5673611111111111 0.00625 0.007638888888888889
0 0.187109375 0.56875 0.004296875 0.00625
0 0.14921875 0.5569444444444445 0.0078125 0.009722222222222222
0 0.13515625 0.5638888888888889 0.00625 0.009722222222222222
4 0.073828125 0.5583333333333333 0.005859375 0.008333333333333333
4 0.057421875 0.5548611111111111 0.008984375 0.010416666666666666
0 0.041015625 0.5569444444444445 0.005859375 0.008333333333333333
0 0.10859375 0.5652777777777778 0.0109375 0.009722222222222222
