9 0.3296875 0.25069444444444444 0.01015625 0.04097222222222222
9 0.310546875 0.26180555555555557 0.010546875 0.03680555555555556
9 0.986328125 0.4930555555555556 0.011328125 0.016666666666666666
9 0.203515625 0.5347222222222222 0.012109375 0.019444444444444445
9 0.232421875 0.53125 0.005859375 0.017361111111111112
8 0.202734375 0.42083333333333334 0.013671875 0.009722222222222222
8 0.234375 0.4375 0.00859375 0.008333333333333333
8 0.213671875 0.45625 0.005078125 0.009027777777777777
8 0.2203125 0.4826388888888889 0.01953125 0.010416666666666666
8 0.471484375 0.53125 0.009765625 0.014583333333333334
8 0.46796875 0.5555555555555556 0.00546875 0.013888888888888888
8 0.598828125 0.5798611111111112 0.007421875 0.014583333333333334
8 0.651171875 0.5673611111111111 0.004296875 0.009027777777777777
0 0.694921875 0.5958333333333333 0.003515625 0.006944444444444444
0 0.70234375 0.5951388888888889 0.00546875 0.009027777777777777
0 0.71171875 0.5979166666666667 0.00390625 0.00625
0 0.683203125 0.5979166666666667 0.005078125 0.00625
0 0.8796875 0.6041666666666666 0.03046875 0.03333333333333333
0 0.919140625 0.5972222222222222 0.030859375 0.034722222222222224
0 0.781640625 0.5923611111111111 0.010546875 0.014583333333333334
0 0.33203125 0.6888888888888889 0.1515625 0.1
0 0.094140625 0.6930555555555555 0.090234375 0.075
9 0.537109375 0.044444444444444446 0.012890625 0.044444444444444446
9 0.5078125 0.05486111111111111 0.01796875 0.052083333333333336
