8 0.146875 0.03125 0.02578125 0.014583333333333334
8 0.11796875 0.15902777777777777 0.02265625 0.035416666666666666
8 0.1625 0.24027777777777778 0.00546875 0.008333333333333333
8 0.172265625 0.2604166666666667 0.003515625 0.009027777777777777
8 0.162890625 0.2791666666666667 0.008984375 0.0125
8 0.164453125 0.30277777777777776 0.006640625 0.0125
9 0.684375 0.03888888888888889 0.0078125 0.03194444444444444
8 0.871484375 0.13333333333333333 0.017578125 0.008333333333333333
8 0.83359375 0.12152777777777778 0.009375 0.009027777777777777
8 0.849609375 0.18263888888888888 0.015234375 0.010416666666666666
8 0.83203125 0.1486111111111111 0.00703125 0.009722222222222222
9 0.82578125 0.1875 0.01015625 0.02361111111111111
8 0.8703125 0.2222222222222222 0.0109375 0.019444444444444445
0 0.1609375 0.3527777777777778 0.01328125 0.018055555555555554
0 0.04375 0.35555555555555557 0.01171875 0.0125
0 0.0796875 0.3590277777777778 0.01015625 0.009027777777777777
0 0.06015625 0.3625 0.009375 0.011111111111111112
0 0.25703125 0.34305555555555556 0.0140625 0.018055555555555554
0 0.20546875 0.36319444444444443 0.03671875 0.04236111111111111
8 0.41015625 0.24722222222222223 0.00546875 0.008333333333333333
0 0.394921875 0.3923611111111111 0.090234375 0.1423611111111111
0 0.47890625 0.3590277777777778 0.00859375 0.02847222222222222
0 0.6265625 0.3638888888888889 0.090625 0.10694444444444444
