3 0.13671875 0.6430555555555556 0.028125 0.06666666666666667
7 0.13203125 0.5652777777777778 0.01796875 0.08472222222222223
8 0.101171875 0.25625 0.023046875 0.03819444444444445
0 0.510546875 0.5263888888888889 0.016796875 0.013888888888888888
0 0.5265625 0.5569444444444445 0.0171875 0.03611111111111111
0 0.551953125 0.5756944444444444 0.032421875 0.050694444444444445
0 0.560546875 0.6027777777777777 0.030078125 0.058333333333333334
0 0.637109375 0.6111111111111112 0.081640625 0.11666666666666667
2 0.791015625 0.7590277777777777 0.044140625 0.22430555555555556
0 0.788671875 0.7319444444444444 0.177734375 0.20277777777777778
4 0.33984375 0.4979166666666667 0.07890625 0.17430555555555555
0 0.28359375 0.6125 0.07109375 0.1
0 0.461328125 0.6201388888888889 0.063671875 0.09375
