8 0.14375 0.2923611111111111 0.0046875 0.009027777777777777
8 0.244140625 0.24930555555555556 0.004296875 0.007638888888888889
8 0.335546875 0.05347222222222222 0.010546875 0.014583333333333334
8 0.428125 0.47291666666666665 0.0046875 0.009027777777777777
8 0.684375 0.4111111111111111 0.0125 0.016666666666666666
9 0.147265625 0.3284722222222222 0.008203125 0.027083333333333334
9 0.3359375 0.12013888888888889 0.01328125 0.050694444444444445
9 0.0703125 0.4548611111111111 0.00625 0.021527777777777778
8 0.068359375 0.4173611111111111 0.007421875 0.009027777777777777
8 0.07265625 0.5416666666666666 0.009375 0.011111111111111112
9 0.159765625 0.3277777777777778 0.004296875 0.025
0 0.6234375 0.5263888888888889 0.040625 0.03194444444444444
0 0.702734375 0.5180555555555556 0.014453125 0.034722222222222224
0 0.4546875 0.5145833333333333 0.009375 0.011805555555555555
0 0.380859375 0.5208333333333334 0.010546875 0.019444444444444445
7 0.351171875 0.49930555555555556 0.010546875 0.010416666666666666
7 0.902734375 0.49166666666666664 0.021484375 0.05138888888888889
7 0.869140625 0.5256944444444445 0.019140625 0.04236111111111111
7 0.466015625 0.5208333333333334 0.007421875 0.016666666666666666
5 0.46328125 0.5493055555555556 0.015625 0.01875
5 0.918359375 0.56875 0.013671875 0.034027777777777775
5 0.860546875 0.5743055555555555 0.012890625 0.029861111111111113
1 0.073046875 0.5263888888888889 0.061328125 0.03194444444444444
1 0.182421875 0.5173611111111112 0.032421875 0.022916666666666665
1 0.270703125 0.5145833333333333 0.057421875 0.0798611111111111
0 0.351171875 0.5263888888888889 0.010546875 0.013888888888888888
