9 0.37734375 0.32916666666666666 0.00234375 0.013888888888888888
9 0.5546875 0.3263888888888889 0.003125 0.011111111111111112
9 0.630859375 0.4 0.003515625 0.006944444444444444
8 0.62265625 0.3645833333333333 0.0078125 0.00625
8 0.675390625 0.37916666666666665 0.008203125 0.008333333333333333
9 0.259765625 0.4083333333333333 0.005078125 0.008333333333333333
0 0.016015625 0.5138888888888888 0.016015625 0.06388888888888888
0 0.07890625 0.49583333333333335 0.065625 0.06805555555555555
0 0.1734375 0.4840277777777778 0.03515625 0.052083333333333336
0 0.2265625 0.4840277777777778 0.0203125 0.03819444444444445
0 0.251171875 0.4465277777777778 0.006640625 0.010416666666666666
0 0.2890625 0.48055555555555557 0.04765625 0.058333333333333334
0 0.344140625 0.45625 0.015234375 0.027083333333333334
0 0.369921875 0.4576388888888889 0.010546875 0.013194444444444444
0 0.377734375 0.4513888888888889 0.009765625 0.015277777777777777
0 0.3921875 0.4583333333333333 0.00390625 0.013888888888888888
0 0.398828125 0.45208333333333334 0.007421875 0.013194444444444444
0 0.409375 0.44930555555555557 0.00390625 0.013194444444444444
0 0.41640625 0.45 0.0046875 0.013888888888888888
0 0.867578125 0.4791666666666667 0.102734375 0.09861111111111111
0 0.7515625 0.46111111111111114 0.04453125 0.06805555555555555
0 0.696484375 0.46319444444444446 0.028515625 0.04513888888888889
0 0.66484375 0.45902777777777776 0.02265625 0.04236111111111111
0 0.516015625 0.4576388888888889 0.023828125 0.03680555555555556
0 0.585546875 0.44375 0.013671875 0.01597222222222222
0 0.44140625 0.44583333333333336 0.0078125 0.009722222222222222
0 0.5734375 0.44027777777777777 0.009375 0.022222222222222223
0 0.561328125 0.43680555555555556 0.001953125 0.013194444444444444
0 0.55546875 0.44027777777777777 0.00390625 0.009722222222222222
0 0.540625 0.44027777777777777 0.003125 0.008333333333333333
0 0.4546875 0.4444444444444444 0.0046875 0.006944444444444444
0 0.465625 0.44375 0.00390625 0.004861111111111111
8 0.269140625 0.37083333333333335 0.008203125 0.0125
