8 0.134765625 0.4152777777777778 0.010546875 0.011111111111111112
0 0.52265625 0.42986111111111114 0.00390625 0.00625
0 0.563671875 0.4284722222222222 0.006640625 0.010416666666666666
0 0.58125 0.43333333333333335 0.00859375 0.016666666666666666
0 0.586328125 0.4375 0.007421875 0.019444444444444445
0 0.601171875 0.4375 0.013671875 0.025
0 0.614453125 0.44375 0.018359375 0.027083333333333334
0 0.65234375 0.44027777777777777 0.028125 0.04583333333333333
0 0.694140625 0.45555555555555555 0.042578125 0.04583333333333333
0 0.54375 0.4486111111111111 0.02109375 0.030555555555555555
8 0.4796875 0.36180555555555555 0.01796875 0.01597222222222222
8 0.489453125 0.3402777777777778 0.006640625 0.004166666666666667
8 0.51484375 0.35833333333333334 0.0171875 0.011111111111111112
8 0.523828125 0.34375 0.007421875 0.004861111111111111
8 0.437890625 0.36736111111111114 0.014453125 0.011805555555555555
8 0.813671875 0.24027777777777778 0.015234375 0.009722222222222222
8 0.796484375 0.26875 0.021484375 0.014583333333333334
8 0.805859375 0.29375 0.011328125 0.014583333333333334
