1 0.830078125 0.34930555555555554 0.166796875 0.3423611111111111
0 0.165234375 0.5020833333333333 0.058984375 0.07291666666666667
0 0.290234375 0.43125 0.012109375 0.01875
0 0.348046875 0.4847222222222222 0.043359375 0.05694444444444444
0 0.62265625 0.4222222222222222 0.021875 0.027777777777777776
0 0.57265625 0.4076388888888889 0.01640625 0.021527777777777778
0 0.48359375 0.4270833333333333 0.01953125 0.027083333333333334
0 0.330078125 0.43333333333333335 0.018359375 0.02361111111111111
0 0.35625 0.41944444444444445 0.009375 0.008333333333333333
0 0.43984375 0.41458333333333336 0.00703125 0.007638888888888889
0 0.427734375 0.4131944444444444 0.005859375 0.010416666666666666
0 0.4171875 0.41875 0.009375 0.02013888888888889
0 0.39921875 0.4270833333333333 0.01796875 0.02847222222222222
0 0.3890625 0.4479166666666667 0.02109375 0.03819444444444445
0 0.484765625 0.39652777777777776 0.011328125 0.00625
0 0.505859375 0.4125 0.005078125 0.006944444444444444
0 0.59921875 0.40208333333333335 0.0109375 0.02013888888888889
0 0.014453125 0.4388888888888889 0.012890625 0.0125
0 0.05 0.4444444444444444 0.01875 0.0125
8 0.109375 0.39305555555555555 0.0046875 0.0125
8 0.43671875 0.2951388888888889 0.00625 0.014583333333333334
8 0.439453125 0.3368055555555556 0.010546875 0.01875
8 0.650390625 0.2763888888888889 0.026953125 0.016666666666666666
8 0.64609375 0.3034722222222222 0.00546875 0.010416666666666666
8 0.6390625 0.3506944444444444 0.009375 0.010416666666666666
8 0.773828125 0.17569444444444443 0.023828125 0.029861111111111113
8 0.880078125 0.04583333333333333 0.052734375 0.04583333333333333
8 0.855078125 0.12708333333333333 0.029296875 0.034027777777777775
9 0.148828125 0.20625 0.007421875 0.03125
9 0.698828125 0.1451388888888889 0.007421875 0.03125
9 0.71171875 0.1486111111111111 0.00625 0.027777777777777776
9 0.68515625 0.15069444444444444 0.009375 0.03263888888888889
9 0.163671875 0.2048611111111111 0.008203125 0.03263888888888889
9 0.137109375 0.20902777777777778 0.007421875 0.03263888888888889
9 0.084375 0.40208333333333335 0.01015625 0.013194444444444444
