0 0.0578125 0.5319444444444444 0.0578125 0.0625
0 0.9671875 0.5631944444444444 0.03046875 0.12013888888888889
4 0.814453125 0.47430555555555554 0.099609375 0.09791666666666667
0 0.28046875 0.48055555555555557 0.0359375 0.0375
0 0.325390625 0.4722222222222222 0.019921875 0.03333333333333333
0 0.356640625 0.47847222222222224 0.014453125 0.024305555555555556
0 0.373046875 0.47638888888888886 0.008203125 0.020833333333333332
0 0.383203125 0.46805555555555556 0.015234375 0.020833333333333332
0 0.425390625 0.4597222222222222 0.013671875 0.019444444444444445
0 0.448046875 0.4576388888888889 0.008984375 0.014583333333333334
0 0.463671875 0.45694444444444443 0.006640625 0.011111111111111112
0 0.473828125 0.4527777777777778 0.005859375 0.009722222222222222
0 0.7015625 0.47430555555555554 0.02890625 0.04513888888888889
0 0.669140625 0.46805555555555556 0.026171875 0.03888888888888889
0 0.641796875 0.46597222222222223 0.016796875 0.03125
0 0.623046875 0.46111111111111114 0.012890625 0.025
0 0.609765625 0.4583333333333333 0.006640625 0.019444444444444445
0 0.596875 0.4583333333333333 0.00859375 0.015277777777777777
0 0.585546875 0.45069444444444445 0.007421875 0.014583333333333334
0 0.57265625 0.4465277777777778 0.00625 0.013194444444444444
0 0.56171875 0.44513888888888886 0.00546875 0.011805555555555555
0 0.49140625 0.45208333333333334 0.009375 0.010416666666666666
0 0.530859375 0.4486111111111111 0.007421875 0.011111111111111112
0 0.505859375 0.45069444444444445 0.005078125 0.009027777777777777
0 0.54453125 0.44722222222222224 0.00546875 0.008333333333333333
8 0.765234375 0.3506944444444444 0.008984375 0.010416666666666666
9 0.55234375 0.4097222222222222 0.00546875 0.009722222222222222
9 0.49375 0.41458333333333336 0.003125 0.007638888888888889
8 0.59453125 0.4131944444444444 0.003125 0.011805555555555555
