0 0.1921875 0.4222222222222222 0.0359375 0.03333333333333333
0 0.467578125 0.5201388888888889 0.134765625 0.18819444444444444
0 0.81171875 0.5055555555555555 0.1875 0.19444444444444445
0 0.644140625 0.3736111111111111 0.037109375 0.029166666666666667
9 0.388671875 0.11597222222222223 0.006640625 0.03125
9 0.567578125 0.24097222222222223 0.005859375 0.011805555555555555
9 0.553515625 0.24583333333333332 0.006640625 0.018055555555555554
9 0.569140625 0.3020833333333333 0.005078125 0.009027777777777777
9 0.325 0.25277777777777777 0.00625 0.013888888888888888
9 0.81953125 0.05486111111111111 0.01484375 0.05486111111111111
9 0.862890625 0.03958333333333333 0.013671875 0.03819444444444445
0 0.355078125 0.39375 0.013671875 0.01875
8 0.32734375 0.35208333333333336 0.00859375 0.01597222222222222
8 0.329296875 0.40069444444444446 0.006640625 0.013194444444444444
9 0.871484375 0.16944444444444445 0.013671875 0.029166666666666667
9 0.831640625 0.19027777777777777 0.010546875 0.02638888888888889
0 0.9828125 0.3548611111111111 0.01640625 0.035416666666666666
0 0.554296875 0.36666666666666664 0.012109375 0.008333333333333333
0 0.573046875 0.3638888888888889 0.008984375 0.009722222222222222
0 0.591015625 0.3625 0.008984375 0.009722222222222222
9 0.3984375 0.32222222222222224 0.003125 0.009722222222222222
0 0.962890625 0.3333333333333333 0.025390625 0.013888888888888888
