9 0.3984375 0.4513888888888889 0.003125 0.011111111111111112
9 0.392578125 0.4486111111111111 0.002734375 0.009722222222222222
9 0.519140625 0.45694444444444443 0.003515625 0.009722222222222222
9 0.525 0.45555555555555555 0.00390625 0.011111111111111112
9 0.328515625 0.5027777777777778 0.005859375 0.008333333333333333
8 0.333203125 0.4930555555555556 0.007421875 0.005555555555555556
8 0.370703125 0.49930555555555556 0.006640625 0.004861111111111111
8 0.567578125 0.45902777777777776 0.005078125 0.011805555555555555
8 0.571875 0.4888888888888889 0.00625 0.005555555555555556
8 0.568359375 0.49930555555555556 0.005859375 0.004861111111111111
0 0.434375 0.5354166666666667 0.00546875 0.007638888888888889
0 0.35234375 0.5493055555555556 0.0109375 0.017361111111111112
0 0.337890625 0.5486111111111112 0.012109375 0.018055555555555554
0 0.319921875 0.5520833333333334 0.010546875 0.021527777777777778
0 0.39296875 0.5381944444444444 0.009375 0.01597222222222222
0 0.29765625 0.5486111111111112 0.01484375 0.02638888888888889
0 0.268359375 0.5520833333333334 0.020703125 0.029861111111111113
0 0.53046875 0.5340277777777778 0.00625 0.013194444444444444
0 0.565234375 0.5381944444444444 0.018359375 0.029861111111111113
0 0.584375 0.5520833333333334 0.0234375 0.03263888888888889
0 0.616796875 0.5652777777777778 0.029296875 0.04583333333333333
0 0.6359375 0.5826388888888889 0.03203125 0.049305555555555554
0 0.659375 0.6034722222222222 0.03828125 0.06319444444444444
0 0.723046875 0.6388888888888888 0.079296875 0.09166666666666666
0 0.223828125 0.5638888888888889 0.034765625 0.0375
0 0.09375 0.5708333333333333 0.075 0.059722222222222225
0 0.414453125 0.5388888888888889 0.016796875 0.02361111111111111
0 0.447265625 0.5402777777777777 0.012109375 0.018055555555555554
0 0.494921875 0.525 0.005859375 0.009722222222222222
4 0.480859375 0.5229166666666667 0.008203125 0.01875
0 0.878515625 0.73125 0.119140625 0.21458333333333332
0 0.503125 0.5236111111111111 0.0046875 0.009722222222222222
