0 0.415625 0.56875 0.00390625 0.007638888888888889
0 0.420703125 0.5694444444444444 0.004296875 0.008333333333333333
0 0.4265625 0.5701388888888889 0.00625 0.010416666666666666
0 0.4359375 0.5729166666666666 0.0046875 0.014583333333333334
0 0.44375 0.5743055555555555 0.00703125 0.01597222222222222
0 0.45546875 0.5784722222222223 0.0125 0.02013888888888889
0 0.403125 0.5645833333333333 0.0046875 0.00625
0 0.39296875 0.5652777777777778 0.00546875 0.006944444444444444
0 0.46484375 0.5840277777777778 0.0140625 0.01597222222222222
0 0.494140625 0.5902777777777778 0.019140625 0.029166666666666667
0 0.480859375 0.575 0.008203125 0.011111111111111112
0 0.34921875 0.5645833333333333 0.00390625 0.007638888888888889
0 0.36796875 0.5645833333333333 0.003125 0.007638888888888889
0 0.2953125 0.5625 0.00546875 0.011111111111111112
1 0.151171875 0.4909722222222222 0.151171875 0.2590277777777778
0 0.337890625 0.5645833333333333 0.008984375 0.013194444444444444
0 0.359375 0.5708333333333333 0.009375 0.013888888888888888
0 0.562109375 0.7076388888888889 0.101953125 0.14375
9 0.19296875 0.3215277777777778 0.01015625 0.027083333333333334
9 0.371875 0.38958333333333334 0.0046875 0.021527777777777778
9 0.871484375 0.2423611111111111 0.011328125 0.05625
9 0.895703125 0.4736111111111111 0.016796875 0.025
8 0.290234375 0.3590277777777778 0.034765625 0.011805555555555555
8 0.515234375 0.5111111111111111 0.006640625 0.0125
8 0.86796875 0.41388888888888886 0.01328125 0.020833333333333332
8 0.893359375 0.34930555555555554 0.026171875 0.013194444444444444
8 0.847265625 0.32569444444444445 0.008203125 0.017361111111111112
9 0.365234375 0.5 0.008984375 0.0125
9 0.3578125 0.5173611111111112 0.00234375 0.00625
9 0.653515625 0.010416666666666666 0.017578125 0.010416666666666666
9 0.704296875 0.009027777777777777 0.017578125 0.009027777777777777
2 0.38046875 0.5777777777777777 0.00546875 0.022222222222222223
