9 0.274609375 0.33055555555555555 0.005859375 0.027777777777777776
9 0.515234375 0.2847222222222222 0.006640625 0.03194444444444444
9 0.678515625 0.5236111111111111 0.008984375 0.016666666666666666
9 0.669140625 0.1875 0.012890625 0.044444444444444446
9 0.498828125 0.28194444444444444 0.009765625 0.03333333333333333
9 0.494140625 0.3020833333333333 0.011328125 0.04097222222222222
9 0.644921875 0.40208333333333335 0.010546875 0.034027777777777775
8 0.0453125 0.3888888888888889 0.01875 0.011111111111111112
9 0.021484375 0.49375 0.011328125 0.02013888888888889
9 0.053515625 0.49722222222222223 0.004296875 0.018055555555555554
2 0.2390625 0.6215277777777778 0.01171875 0.05347222222222222
2 0.5375 0.6256944444444444 0.00859375 0.050694444444444445
2 0.5265625 0.625 0.00703125 0.05
0 0.341015625 0.6611111111111111 0.080859375 0.1111111111111111
0 0.264453125 0.6291666666666667 0.021484375 0.03888888888888889
4 0.411328125 0.59375 0.008203125 0.022916666666666665
8 0.661328125 0.4666666666666667 0.014453125 0.011111111111111112
8 0.67890625 0.42083333333333334 0.01484375 0.011111111111111112
8 0.5640625 0.31875 0.01953125 0.024305555555555556
