8 0.18359375 0.4951388888888889 0.00390625 0.007638888888888889
8 0.069140625 0.5277777777777778 0.005859375 0.008333333333333333
9 0.146875 0.49027777777777776 0.00234375 0.008333333333333333
8 0.52265625 0.48541666666666666 0.0109375 0.03680555555555556
0 0.107421875 0.5444444444444444 0.005078125 0.008333333333333333
4 0.141015625 0.5361111111111111 0.008984375 0.018055555555555554
0 0.171875 0.5548611111111111 0.00859375 0.022916666666666665
0 0.18203125 0.5583333333333333 0.0125 0.02638888888888889
0 0.20234375 0.5645833333333333 0.01484375 0.03819444444444445
0 0.273046875 0.5868055555555556 0.071484375 0.0798611111111111
0 0.439453125 0.6583333333333333 0.093359375 0.10277777777777777
0 0.666796875 0.7118055555555556 0.204296875 0.18680555555555556
2 0.224609375 0.5861111111111111 0.019140625 0.06388888888888888
0 0.96484375 0.88125 0.034375 0.09652777777777778
0 0.126171875 0.5506944444444445 0.012109375 0.017361111111111112
0 0.092578125 0.5506944444444445 0.008984375 0.013194444444444444
