9 0.374609375 0.43472222222222223 0.004296875 0.02361111111111111
9 0.583984375 0.25763888888888886 0.008203125 0.04236111111111111
9 0.38828125 0.43472222222222223 0.00546875 0.025
9 0.364453125 0.43819444444444444 0.005078125 0.021527777777777778
9 0.601953125 0.25763888888888886 0.008984375 0.04513888888888889
9 0.566796875 0.2590277777777778 0.007421875 0.04375
9 0.80078125 0.5673611111111111 0.00703125 0.011805555555555555
0 0.354296875 0.6743055555555556 0.075390625 0.08819444444444445
0 0.526953125 0.6333333333333333 0.063671875 0.11527777777777778
0 0.74609375 0.7541666666666667 0.10625 0.1375
0 0.933984375 0.6763888888888889 0.060546875 0.06666666666666667
0 0.613671875 0.6388888888888888 0.024609375 0.03194444444444444
0 0.44296875 0.6326388888888889 0.01796875 0.022916666666666665
0 0.462109375 0.6215277777777778 0.008203125 0.014583333333333334
8 0.787890625 0.5541666666666667 0.002734375 0.019444444444444445
8 0.280078125 0.4888888888888889 0.008203125 0.005555555555555556
9 0.298046875 0.55 0.003515625 0.009722222222222222
8 0.62421875 0.22430555555555556 0.00234375 0.034027777777777775
