8 0.291015625 0.40694444444444444 0.005859375 0.0125
8 0.68671875 0.44513888888888886 0.00703125 0.014583333333333334
8 0.65078125 0.4395833333333333 0.00390625 0.010416666666666666
8 0.51484375 0.42291666666666666 0.00390625 0.007638888888888889
9 0.49609375 0.4215277777777778 0.0046875 0.010416666666666666
9 0.494140625 0.44513888888888886 0.004296875 0.00625
9 0.576171875 0.41597222222222224 0.004296875 0.009027777777777777
9 0.534765625 0.40902777777777777 0.005078125 0.009027777777777777
0 0.5546875 0.4666666666666667 0.0046875 0.006944444444444444
0 0.54765625 0.46805555555555556 0.0046875 0.008333333333333333
0 0.5421875 0.46805555555555556 0.0046875 0.008333333333333333
0 0.537109375 0.46944444444444444 0.004296875 0.006944444444444444
0 0.528515625 0.47291666666666665 0.007421875 0.007638888888888889
0 0.600390625 0.4486111111111111 0.005078125 0.006944444444444444
0 0.590234375 0.44583333333333336 0.005859375 0.008333333333333333
0 0.58046875 0.44513888888888886 0.0046875 0.004861111111111111
0 0.58046875 0.45416666666666666 0.00625 0.006944444444444444
0 0.568359375 0.45694444444444443 0.007421875 0.009722222222222222
0 0.58671875 0.4840277777777778 0.009375 0.01597222222222222
0 0.60703125 0.4583333333333333 0.00625 0.011111111111111112
0 0.618359375 0.4638888888888889 0.007421875 0.009722222222222222
0 0.62265625 0.47708333333333336 0.009375 0.014583333333333334
0 0.596484375 0.4652777777777778 0.006640625 0.011111111111111112
0 0.591796875 0.44583333333333336 0.006640625 0.009722222222222222
0 0.568359375 0.49236111111111114 0.014453125 0.024305555555555556
0 0.6296875 0.48125 0.00625 0.01597222222222222
0 0.6359375 0.4875 0.00546875 0.019444444444444445
0 0.6453125 0.4895833333333333 0.0109375 0.021527777777777778
0 0.65703125 0.49444444444444446 0.01015625 0.022222222222222223
0 0.69140625 0.46597222222222223 0.0265625 0.010416666666666666
0 0.698046875 0.5347222222222222 0.055078125 0.06527777777777778
0 0.74453125 0.5027777777777778 0.0125 0.020833333333333332
0 0.778125 0.5166666666666667 0.03125 0.059722222222222225
0 0.8515625 0.5284722222222222 0.07265625 0.08263888888888889
0 0.93203125 0.5708333333333333 0.06796875 0.10555555555555556
0 0.484765625 0.48194444444444445 0.008203125 0.015277777777777777
0 0.47578125 0.48541666666666666 0.01015625 0.01597222222222222
0 0.421875 0.5375 0.03828125 0.058333333333333334
0 0.2765625 0.5680555555555555 0.11953125 0.13333333333333333
0 0.033203125 0.6798611111111111 0.033203125 0.24513888888888888
