0 0.0578125 0.6048611111111111 0.009375 0.014583333333333334
0 0.076953125 0.6090277777777777 0.010546875 0.01875
0 0.092578125 0.6055555555555555 0.007421875 0.018055555555555554
0 0.109375 0.6055555555555555 0.01875 0.019444444444444445
0 0.74140625 0.5965277777777778 0.06015625 0.08125
0 0.953515625 0.6076388888888888 0.044921875 0.10069444444444445
8 0.219140625 0.5416666666666666 0.005078125 0.008333333333333333
8 0.190625 0.5423611111111111 0.00234375 0.010416666666666666
8 0.17109375 0.5673611111111111 0.00390625 0.010416666666666666
8 0.36484375 0.46944444444444444 0.009375 0.016666666666666666
8 0.052734375 0.5041666666666667 0.009765625 0.016666666666666666
8 0.48203125 0.24444444444444444 0.01015625 0.029166666666666667
0 0.13828125 0.5958333333333333 0.0140625 0.013888888888888888
