8 0.596484375 0.3729166666666667 0.004296875 0.017361111111111112
8 0.619921875 0.28541666666666665 0.005859375 0.017361111111111112
8 0.623828125 0.36875 0.005859375 0.013194444444444444
8 0.62890625 0.32569444444444445 0.0078125 0.003472222222222222
8 0.651171875 0.3729166666666667 0.009765625 0.01875
8 0.67421875 0.3034722222222222 0.00625 0.014583333333333334
8 0.676953125 0.33402777777777776 0.010546875 0.014583333333333334
8 0.68203125 0.3527777777777778 0.00546875 0.004166666666666667
8 0.610546875 0.39305555555555555 0.001953125 0.006944444444444444
9 0.61875 0.39791666666666664 0.003125 0.009027777777777777
9 0.633984375 0.3902777777777778 0.003515625 0.006944444444444444
0 0.3546875 0.4465277777777778 0.01875 0.034027777777777775
0 0.344140625 0.47291666666666665 0.014453125 0.03125
0 0.217578125 0.5125 0.012890625 0.043055555555555555
4 0.1046875 0.4027777777777778 0.1046875 0.16944444444444445
2 0.612109375 0.42777777777777776 0.003515625 0.004166666666666667
2 0.61875 0.4263888888888889 0.00390625 0.005555555555555556
0 0.642578125 0.42083333333333334 0.007421875 0.009722222222222222
2 0.646875 0.4236111111111111 0.00390625 0.008333333333333333
2 0.65859375 0.4222222222222222 0.00390625 0.008333333333333333
2 0.6671875 0.4215277777777778 0.00546875 0.009027777777777777
3 0.8984375 0.4986111111111111 0.0265625 0.04027777777777778
4 0.4796875 0.3298611111111111 0.1203125 0.28680555555555554
0 0.74140625 0.6569444444444444 0.25625 0.2263888888888889
0 0.1 0.5944444444444444 0.1 0.14444444444444443
0 0.287890625 0.49930555555555556 0.065234375 0.07847222222222222
9 0.619140625 0.3347222222222222 0.005078125 0.020833333333333332
9 0.608984375 0.34791666666666665 0.005078125 0.02013888888888889
9 0.63125 0.39305555555555555 0.0078125 0.013888888888888888
