0 0.11171875 0.525 0.11171875 0.21805555555555556
0 0.75703125 0.5090277777777777 0.12421875 0.1326388888888889
0 0.579296875 0.45555555555555555 0.035546875 0.044444444444444446
0 0.459375 0.4666666666666667 0.03828125 0.06111111111111111
0 0.366796875 0.46111111111111114 0.030078125 0.03888888888888889
0 0.20390625 0.4423611111111111 0.01015625 0.013194444444444444
0 0.25703125 0.4409722222222222 0.01953125 0.017361111111111112
0 0.312890625 0.4388888888888889 0.018359375 0.0125
0 0.338671875 0.4388888888888889 0.008203125 0.009722222222222222
0 0.394140625 0.4527777777777778 0.012109375 0.029166666666666667
0 0.403125 0.4409722222222222 0.0046875 0.011805555555555555
0 0.416796875 0.44722222222222224 0.011328125 0.018055555555555554
0 0.41875 0.4305555555555556 0.0109375 0.008333333333333333
0 0.4921875 0.44375 0.00625 0.014583333333333334
0 0.531640625 0.44583333333333336 0.005859375 0.0125
0 0.54609375 0.4534722222222222 0.009375 0.014583333333333334
0 0.51875 0.44583333333333336 0.01796875 0.029166666666666667
0 0.6578125 0.4284722222222222 0.01640625 0.011805555555555555
0 0.62265625 0.42083333333333334 0.00625 0.009722222222222222
0 0.901171875 0.41388888888888886 0.058203125 0.029166666666666667
0 0.97734375 0.40555555555555556 0.021875 0.02638888888888889
8 0.81875 0.24722222222222223 0.03125 0.06666666666666667
8 0.935546875 0.035416666666666666 0.063671875 0.035416666666666666
8 0.331640625 0.38819444444444445 0.009765625 0.013194444444444444
