0 0.3703125 0.5006944444444444 0.0359375 0.06180555555555556
0 0.893359375 0.5159722222222223 0.046484375 0.04236111111111111
0 0.801171875 0.5458333333333333 0.043359375 0.06527777777777778
0 0.66796875 0.5381944444444444 0.10234375 0.13819444444444445
0 0.557421875 0.49930555555555556 0.010546875 0.04652777777777778
2 0.939453125 0.49166666666666664 0.015234375 0.02638888888888889
0 0.1390625 0.5993055555555555 0.13828125 0.30486111111111114
0 0.3390625 0.9055555555555556 0.0046875 0.001388888888888889
9 0.40703125 0.30069444444444443 0.003125 0.01597222222222222
9 0.226171875 0.4201388888888889 0.008984375 0.010416666666666666
8 0.231640625 0.36875 0.007421875 0.007638888888888889
9 0.6875 0.2902777777777778 0.00546875 0.020833333333333332
9 0.676953125 0.2902777777777778 0.004296875 0.019444444444444445
9 0.89609375 0.26458333333333334 0.0078125 0.024305555555555556
8 0.980859375 0.28055555555555556 0.010546875 0.009722222222222222
8 0.9859375 0.25833333333333336 0.01328125 0.013888888888888888
9 0.01015625 0.2798611111111111 0.009375 0.021527777777777778
0 0.887890625 0.6701388888888888 0.109765625 0.22013888888888888
4 0.3890625 0.4583333333333333 0.0203125 0.030555555555555555
0 0.478515625 0.5291666666666667 0.095703125 0.18472222222222223
