0 0.48984375 0.48680555555555555 0.0046875 0.004861111111111111
0 0.5015625 0.48541666666666666 0.003125 0.007638888888888889
0 0.5078125 0.48680555555555555 0.00390625 0.009027777777777777
0 0.512890625 0.4861111111111111 0.003515625 0.011111111111111112
0 0.516796875 0.4875 0.003515625 0.0125
0 0.52421875 0.4895833333333333 0.0078125 0.014583333333333334
0 0.542578125 0.4875 0.013671875 0.016666666666666666
0 0.548828125 0.5013888888888889 0.017578125 0.020833333333333332
0 0.58515625 0.5138888888888888 0.015625 0.03611111111111111
0 0.61015625 0.5131944444444444 0.01875 0.04791666666666667
0 0.65546875 0.5131944444444444 0.0453125 0.06736111111111111
0 0.75546875 0.5333333333333333 0.0953125 0.10972222222222222
0 0.897265625 0.6034722222222222 0.101953125 0.20347222222222222
9 0.467578125 0.4666666666666667 0.002734375 0.005555555555555556
9 0.49609375 0.4548611111111111 0.00234375 0.004861111111111111
0 0.483203125 0.48541666666666666 0.002734375 0.004861111111111111
