0 0.220703125 0.5513888888888889 0.039453125 0.05277777777777778
0 0.273046875 0.5319444444444444 0.024609375 0.030555555555555555
0 0.304296875 0.5111111111111111 0.026953125 0.03194444444444444
0 0.333203125 0.5055555555555555 0.009765625 0.022222222222222223
0 0.801953125 0.6347222222222222 0.126953125 0.11944444444444445
0 0.648046875 0.5451388888888888 0.047265625 0.05347222222222222
0 0.589453125 0.5256944444444445 0.026171875 0.04791666666666667
0 0.553125 0.51875 0.0140625 0.03819444444444445
0 0.5328125 0.5076388888888889 0.00859375 0.03125
0 0.521484375 0.50625 0.007421875 0.022916666666666665
0 0.511328125 0.5013888888888889 0.006640625 0.025
0 0.50078125 0.4951388888888889 0.0078125 0.01875
0 0.4859375 0.4965277777777778 0.00703125 0.01597222222222222
0 0.4546875 0.49583333333333335 0.0109375 0.015277777777777777
0 0.40234375 0.49375 0.0109375 0.014583333333333334
0 0.377734375 0.49722222222222223 0.009765625 0.016666666666666666
