1 0.1015625 0.475 0.1015625 0.16666666666666666
8 0.424609375 0.5395833333333333 0.008203125 0.021527777777777778
8 0.53984375 0.43472222222222223 0.0078125 0.013888888888888888
8 0.539453125 0.4708333333333333 0.006640625 0.016666666666666666
8 0.65625 0.375 0.0109375 0.022222222222222223
9 0.455859375 0.4513888888888889 0.004296875 0.008333333333333333
9 0.491015625 0.1375 0.006640625 0.016666666666666666
2 0.54453125 0.5326388888888889 0.00546875 0.04236111111111111
2 0.9625 0.5118055555555555 0.00625 0.022916666666666665
2 0.798828125 0.5548611111111111 0.010546875 0.06319444444444444
9 0.449609375 0.46875 0.004296875 0.009027777777777777
9 0.399609375 0.4666666666666667 0.004296875 0.006944444444444444
