9 0.09609375 0.27291666666666664 0.0078125 0.029861111111111113
9 0.578515625 0.38055555555555554 0.005078125 0.018055555555555554
8 0.600390625 0.3784722222222222 0.007421875 0.017361111111111112
8 0.637890625 0.4361111111111111 0.008203125 0.013888888888888888
8 0.95859375 0.34791666666666665 0.0125 0.03125
8 0.967578125 0.30277777777777776 0.010546875 0.015277777777777777
8 0.966015625 0.28125 0.016015625 0.011805555555555555
2 0.565625 0.5152777777777777 0.00390625 0.013888888888888888
0 0.388671875 0.49930555555555556 0.030078125 0.03958333333333333
0 0.448828125 0.51875 0.032421875 0.05763888888888889
0 0.856640625 0.7180555555555556 0.142578125 0.20694444444444443
