0 0.44609375 0.5756944444444444 0.03125 0.04097222222222222
0 0.160546875 0.5840277777777778 0.029296875 0.024305555555555556
9 0.89609375 0.1763888888888889 0.009375 0.020833333333333332
9 0.828125 0.32430555555555557 0.00546875 0.021527777777777778
9 0.190625 0.46597222222222223 0.00546875 0.013194444444444444
9 0.3015625 0.5083333333333333 0.00625 0.02361111111111111
9 0.53125 0.5118055555555555 0.0046875 0.021527777777777778
9 0.4640625 0.4152777777777778 0.00390625 0.008333333333333333
9 0.366796875 0.42569444444444443 0.004296875 0.011805555555555555
9 0.94453125 0.4236111111111111 0.00703125 0.020833333333333332
8 0.894140625 0.2861111111111111 0.019921875 0.04027777777777778
8 0.5296875 0.4513888888888889 0.00625 0.020833333333333332
0 0.48828125 0.5951388888888889 0.0140625 0.021527777777777778
