0 0.44453125 0.5076388888888889 0.00546875 0.010416666666666666
0 0.434765625 0.5076388888888889 0.005859375 0.011805555555555555
0 0.523046875 0.5173611111111112 0.006640625 0.010416666666666666
0 0.53125 0.5194444444444445 0.0078125 0.0125
0 0.5421875 0.5236111111111111 0.0078125 0.018055555555555554
0 0.421875 0.5083333333333333 0.0109375 0.027777777777777776
0 0.3984375 0.5118055555555555 0.01953125 0.03819444444444445
0 0.35625 0.5423611111111111 0.028125 0.05486111111111111
0 0.37890625 0.5305555555555556 0.025 0.04583333333333333
0 0.2953125 0.5791666666666667 0.0625 0.10416666666666667
0 0.464453125 0.5048611111111111 0.005078125 0.00625
0 0.5828125 0.5534722222222223 0.0484375 0.06319444444444444
0 0.70078125 0.5659722222222222 0.059375 0.06180555555555556
4 0.129296875 0.48125 0.128515625 0.4076388888888889
9 0.465234375 0.3347222222222222 0.007421875 0.020833333333333332
9 0.723828125 0.46458333333333335 0.005078125 0.01597222222222222
9 0.46015625 0.45902777777777776 0.003125 0.009027777777777777
9 0.46484375 0.47708333333333336 0.00390625 0.00625
9 0.520703125 0.4888888888888889 0.002734375 0.006944444444444444
9 0.36953125 0.41875 0.0046875 0.010416666666666666
8 0.35234375 0.42777777777777776 0.0078125 0.013888888888888888
8 0.366796875 0.43472222222222223 0.006640625 0.009722222222222222
8 0.366015625 0.4534722222222222 0.006640625 0.011805555555555555
8 0.40390625 0.45902777777777776 0.0046875 0.017361111111111112
8 0.408203125 0.43819444444444444 0.007421875 0.013194444444444444
8 0.425 0.4465277777777778 0.00859375 0.010416666666666666
0 0.619140625 0.5375 0.014453125 0.03194444444444444
8 0.608984375 0.4888888888888889 0.004296875 0.013888888888888888
0 0.96328125 0.6354166666666666 0.034375 0.050694444444444445
