0 0.15703125 0.6083333333333333 0.125 0.1625
0 0.81640625 0.6951388888888889 0.1828125 0.20069444444444445
8 0.526953125 0.48541666666666666 0.008203125 0.02013888888888889
8 0.612109375 0.32013888888888886 0.007421875 0.021527777777777778
8 0.231640625 0.30625 0.007421875 0.024305555555555556
9 0.6234375 0.34444444444444444 0.0046875 0.0125
9 0.876171875 0.30486111111111114 0.008203125 0.021527777777777778
9 0.38203125 0.40208333333333335 0.00390625 0.011805555555555555
9 0.225390625 0.3597222222222222 0.005859375 0.022222222222222223
0 0.304296875 0.46319444444444446 0.016015625 0.022916666666666665
0 0.3671875 0.4423611111111111 0.00546875 0.011805555555555555
0 0.35390625 0.45625 0.015625 0.014583333333333334
0 0.33046875 0.4652777777777778 0.01171875 0.018055555555555554
0 0.41171875 0.4548611111111111 0.00703125 0.010416666666666666
9 0.63203125 0.3840277777777778 0.00625 0.013194444444444444
0 0.01796875 0.4375 0.01328125 0.019444444444444445
0 0.080859375 0.44583333333333336 0.012890625 0.011111111111111112
0 0.2515625 0.46805555555555556 0.0140625 0.019444444444444445
9 0.623046875 0.42430555555555555 0.005859375 0.013194444444444444
