0 0.434765625 0.5145833333333333 0.009765625 0.009027777777777777
0 0.30625 0.5298611111111111 0.0171875 0.017361111111111112
0 0.27734375 0.5319444444444444 0.01328125 0.022222222222222223
0 0.25625 0.5375 0.01328125 0.022222222222222223
0 0.231640625 0.5423611111111111 0.015234375 0.027083333333333334
0 0.182421875 0.5493055555555556 0.037109375 0.04097222222222222
0 0.10234375 0.5541666666666667 0.0265625 0.044444444444444446
0 0.044140625 0.5652777777777778 0.044140625 0.059722222222222225
0 0.468359375 0.5125 0.010546875 0.015277777777777777
0 0.491015625 0.5131944444444444 0.013671875 0.02847222222222222
0 0.5125 0.5333333333333333 0.0125 0.029166666666666667
0 0.527734375 0.5409722222222222 0.014453125 0.04097222222222222
0 0.560546875 0.5381944444444444 0.029296875 0.06041666666666667
0 0.5796875 0.5493055555555556 0.03203125 0.05763888888888889
0 0.64375 0.575 0.059375 0.12083333333333333
0 0.839453125 0.6131944444444445 0.159765625 0.21041666666666667
8 0.52890625 0.4513888888888889 0.00859375 0.019444444444444445
8 0.6015625 0.38819444444444445 0.00703125 0.013194444444444444
8 0.601953125 0.41458333333333336 0.006640625 0.01597222222222222
0 0.4140625 0.5229166666666667 0.0078125 0.010416666666666666
