0 0.230859375 0.5666666666666667 0.041796875 0.07083333333333333
0 0.860546875 0.7118055555555556 0.137890625 0.16319444444444445
0 0.67890625 0.6006944444444444 0.0453125 0.07430555555555556
0 0.530859375 0.5076388888888889 0.017578125 0.03263888888888889
0 0.55625 0.5194444444444445 0.01484375 0.03333333333333333
0 0.587109375 0.5291666666666667 0.030078125 0.0375
0 0.389453125 0.5055555555555555 0.020703125 0.025
8 0.65 0.4284722222222222 0.0140625 0.029861111111111113
8 0.579296875 0.4486111111111111 0.005078125 0.009722222222222222
8 0.505078125 0.49444444444444446 0.005078125 0.0125
