8 0.819140625 0.4791666666666667 0.011328125 0.0375
8 0.589453125 0.47152777777777777 0.009765625 0.017361111111111112
0 0.387109375 0.5111111111111111 0.019140625 0.016666666666666666
0 0.352734375 0.5180555555555556 0.029296875 0.027777777777777776
0 0.308984375 0.5256944444444445 0.016796875 0.029861111111111113
0 0.26015625 0.5409722222222222 0.04453125 0.050694444444444445
0 0.13046875 0.5333333333333333 0.0921875 0.08611111111111111
0 0.473046875 0.5236111111111111 0.008984375 0.0125
0 0.4890625 0.5284722222222222 0.009375 0.010416666666666666
0 0.503515625 0.5340277777777778 0.010546875 0.011805555555555555
0 0.51484375 0.5388888888888889 0.009375 0.015277777777777777
0 0.54140625 0.5388888888888889 0.02109375 0.034722222222222224
0 0.58046875 0.5465277777777777 0.02578125 0.03958333333333333
0 0.6375 0.5743055555555555 0.04375 0.04791666666666667
0 0.721484375 0.6180555555555556 0.066015625 0.059722222222222225
