8 0.21015625 0.18125 0.0265625 0.05486111111111111
9 0.1890625 0.3076388888888889 0.01015625 0.035416666666666666
9 0.481640625 0.05694444444444444 0.011328125 0.04722222222222222
9 0.17890625 0.41180555555555554 0.0140625 0.025694444444444443
9 0.466796875 0.4625 0.003515625 0.013888888888888888
9 0.506640625 0.4638888888888889 0.004296875 0.0125
9 0.55546875 0.5201388888888889 0.00625 0.010416666666666666
9 0.591015625 0.5291666666666667 0.004296875 0.008333333333333333
9 0.459375 0.49236111111111114 0.00234375 0.009027777777777777
8 0.230078125 0.30972222222222223 0.019921875 0.02361111111111111
8 0.23125 0.36944444444444446 0.03125 0.022222222222222223
8 0.23671875 0.2534722222222222 0.01796875 0.024305555555555556
0 0.373828125 0.5625 0.033984375 0.05416666666666667
0 0.5078125 0.5458333333333333 0.009375 0.019444444444444445
0 0.5859375 0.5736111111111111 0.0171875 0.022222222222222223
0 0.5609375 0.5597222222222222 0.01484375 0.022222222222222223
0 0.4109375 0.5604166666666667 0.00625 0.025694444444444443
0 0.528125 0.5520833333333334 0.00859375 0.01597222222222222
8 0.51171875 0.50625 0.00859375 0.009027777777777777
