9 0.33046875 0.2798611111111111 0.00546875 0.017361111111111112
9 0.452734375 0.31180555555555556 0.004296875 0.013194444444444444
9 0.51484375 0.40555555555555556 0.0078125 0.009722222222222222
9 0.578125 0.38055555555555554 0.0109375 0.013888888888888888
9 0.3625 0.3840277777777778 0.00390625 0.00625
9 0.399609375 0.3951388888888889 0.002734375 0.007638888888888889
9 0.41484375 0.3875 0.0046875 0.008333333333333333
9 0.443359375 0.3104166666666667 0.005078125 0.01875
9 0.3203125 0.2798611111111111 0.0046875 0.017361111111111112
8 0.236328125 0.36527777777777776 0.008984375 0.005555555555555556
8 0.565625 0.3486111111111111 0.01171875 0.008333333333333333
8 0.5046875 0.38055555555555554 0.009375 0.006944444444444444
0 0.38828125 0.41041666666666665 0.00703125 0.007638888888888889
0 0.380078125 0.41875 0.006640625 0.011805555555555555
0 0.376953125 0.4236111111111111 0.005859375 0.009722222222222222
0 0.404296875 0.4201388888888889 0.005859375 0.00625
0 0.41328125 0.41944444444444445 0.0046875 0.008333333333333333
0 0.416796875 0.4263888888888889 0.005859375 0.008333333333333333
0 0.421875 0.4354166666666667 0.003125 0.010416666666666666
0 0.424609375 0.4340277777777778 0.004296875 0.013194444444444444
0 0.43671875 0.43333333333333335 0.00859375 0.015277777777777777
0 0.439453125 0.44513888888888886 0.008984375 0.014583333333333334
0 0.44765625 0.44305555555555554 0.009375 0.016666666666666666
0 0.4671875 0.4534722222222222 0.01875 0.029861111111111113
0 0.386328125 0.43194444444444446 0.008203125 0.013888888888888888
0 0.40390625 0.41805555555555557 0.00625 0.008333333333333333
0 0.40546875 0.44513888888888886 0.0125 0.02013888888888889
0 0.3640625 0.4125 0.0078125 0.008333333333333333
0 0.362890625 0.4263888888888889 0.010546875 0.0125
0 0.359765625 0.44375 0.009765625 0.01597222222222222
0 0.34375 0.44513888888888886 0.00625 0.013194444444444444
0 0.33515625 0.4444444444444444 0.00703125 0.016666666666666666
0 0.32421875 0.44375 0.01015625 0.017361111111111112
0 0.31953125 0.4534722222222222 0.00703125 0.01875
0 0.307421875 0.44027777777777777 0.008984375 0.02638888888888889
0 0.28984375 0.4486111111111111 0.0203125 0.027777777777777776
0 0.516796875 0.4708333333333333 0.017578125 0.044444444444444446
0 0.565234375 0.475 0.048046875 0.06111111111111111
0 0.604296875 0.50625 0.041015625 0.06875
0 0.774609375 0.5104166666666666 0.147265625 0.17430555555555555
0 0.19453125 0.4625 0.03125 0.041666666666666664
0 0.14921875 0.47708333333333336 0.03359375 0.052083333333333336
0 0.0625 0.47847222222222224 0.0625 0.08958333333333333
9 0.232421875 0.39166666666666666 0.008984375 0.009722222222222222
2 0.232421875 0.44722222222222224 0.005078125 0.025
8 0.576171875 0.3284722222222222 0.008203125 0.009027777777777777
