9 0.2796875 0.3013888888888889 0.00546875 0.008333333333333333
9 0.346484375 0.3236111111111111 0.005859375 0.008333333333333333
9 0.42578125 0.35625 0.00390625 0.00625
9 0.437109375 0.2916666666666667 0.006640625 0.008333333333333333
9 0.443359375 0.36736111111111114 0.003515625 0.00625
9 0.5796875 0.3 0.0078125 0.015277777777777777
9 0.404296875 0.27152777777777776 0.005078125 0.007638888888888889
9 0.351953125 0.2465277777777778 0.008984375 0.010416666666666666
2 0.046875 0.3576388888888889 0.01328125 0.06597222222222222
2 0.01796875 0.3638888888888889 0.0125 0.059722222222222225
2 0.182421875 0.37083333333333335 0.007421875 0.034722222222222224
2 0.39765625 0.3798611111111111 0.003125 0.01597222222222222
8 0.387109375 0.29305555555555557 0.012890625 0.006944444444444444
8 0.536328125 0.33958333333333335 0.013671875 0.009027777777777777
8 0.534765625 0.36527777777777776 0.003515625 0.005555555555555556
9 0.557421875 0.34930555555555554 0.004296875 0.017361111111111112
9 0.341015625 0.3416666666666667 0.004296875 0.005555555555555556
0 0.4296875 0.3923611111111111 0.01015625 0.013194444444444444
0 0.44765625 0.3951388888888889 0.00703125 0.013194444444444444
0 0.527734375 0.3958333333333333 0.005078125 0.011111111111111112
0 0.53671875 0.39375 0.00703125 0.021527777777777778
0 0.5609375 0.40069444444444446 0.01953125 0.027083333333333334
0 0.491796875 0.4 0.036328125 0.05
0 0.3609375 0.38680555555555557 0.025 0.03958333333333333
0 0.3890625 0.38055555555555554 0.00390625 0.009722222222222222
0 0.769921875 0.4284722222222222 0.176953125 0.20069444444444445
0 0.45703125 0.37222222222222223 0.0109375 0.013888888888888888
0 0.41015625 0.37916666666666665 0.00625 0.011111111111111112
1 0.894921875 0.3173611111111111 0.103515625 0.18541666666666667
