9 0.405859375 0.6083333333333333 0.004296875 0.006944444444444444
9 0.162890625 0.6333333333333333 0.004296875 0.006944444444444444
9 0.1296875 0.6291666666666667 0.0046875 0.006944444444444444
9 0.437890625 0.6020833333333333 0.003515625 0.007638888888888889
8 0.703515625 0.5236111111111111 0.012890625 0.0125
0 0.7046875 0.5597222222222222 0.01171875 0.019444444444444445
0 0.413671875 0.6708333333333333 0.004296875 0.008333333333333333
0 0.401953125 0.68125 0.011328125 0.02013888888888889
0 0.340625 0.6694444444444444 0.0078125 0.016666666666666666
0 0.24765625 0.6840277777777778 0.021875 0.022916666666666665
0 0.278515625 0.6645833333333333 0.018359375 0.022916666666666665
0 0.316015625 0.6791666666666667 0.019921875 0.020833333333333332
0 0.168359375 0.6951388888888889 0.048046875 0.04791666666666667
0 0.0625 0.6881944444444444 0.0609375 0.05763888888888889
0 0.446484375 0.6715277777777777 0.011328125 0.01597222222222222
0 0.425390625 0.6756944444444445 0.007421875 0.010416666666666666
0 0.37109375 0.68125 0.02421875 0.034027777777777775
0 0.49921875 0.6965277777777777 0.02265625 0.03125
0 0.681640625 0.7534722222222222 0.104296875 0.1284722222222222
9 0.506640625 0.6375 0.003515625 0.008333333333333333
