0 0.670703125 0.4756944444444444 0.005859375 0.021527777777777778
0 0.650390625 0.475 0.014453125 0.020833333333333332
0 0.45703125 0.4909722222222222 0.0203125 0.02013888888888889
0 0.4234375 0.49375 0.0140625 0.027083333333333334
0 0.396484375 0.4930555555555556 0.015234375 0.027777777777777776
0 0.3609375 0.49583333333333335 0.02734375 0.034722222222222224
0 0.630859375 0.4986111111111111 0.019140625 0.02361111111111111
0 0.6921875 0.49166666666666664 0.00703125 0.018055555555555554
0 0.779296875 0.5138888888888888 0.016796875 0.030555555555555555
0 0.80859375 0.5131944444444444 0.0265625 0.04375
0 0.865234375 0.525 0.055859375 0.07222222222222222
0 0.940234375 0.5625 0.057421875 0.06666666666666667
2 0.502734375 0.4875 0.006640625 0.030555555555555555
2 0.487890625 0.4888888888888889 0.006640625 0.03194444444444444
2 0.73359375 0.5097222222222222 0.0078125 0.044444444444444446
2 0.7125 0.5027777777777778 0.0109375 0.04861111111111111
0 0.554296875 0.4875 0.016015625 0.022222222222222223
0 0.7296875 0.5097222222222222 0.0296875 0.04722222222222222
9 0.537109375 0.43194444444444446 0.006640625 0.011111111111111112
9 0.573046875 0.43194444444444446 0.006640625 0.013888888888888888
9 0.648828125 0.4340277777777778 0.007421875 0.011805555555555555
4 0.268359375 0.4652777777777778 0.057421875 0.08333333333333333
0 0.12109375 0.5361111111111111 0.12109375 0.10416666666666667
8 0.816015625 0.3763888888888889 0.011328125 0.018055555555555554
0 0.605078125 0.4777777777777778 0.007421875 0.015277777777777777
9 0.634765625 0.44722222222222224 0.005859375 0.009722222222222222
9 0.61328125 0.44583333333333336 0.00703125 0.008333333333333333
