0 0.468359375 0.44583333333333336 0.009765625 0.015277777777777777
0 0.455859375 0.46111111111111114 0.014453125 0.019444444444444445
0 0.441796875 0.47708333333333336 0.008984375 0.029861111111111113
1 0.393359375 0.4409722222222222 0.038671875 0.08958333333333333
0 0.358203125 0.49444444444444446 0.055859375 0.06944444444444445
2 0.2546875 0.44513888888888886 0.00703125 0.02013888888888889
2 0.2171875 0.4965277777777778 0.01484375 0.07847222222222222
0 0.015234375 0.6763888888888889 0.014453125 0.041666666666666664
0 0.553125 0.44513888888888886 0.0109375 0.014583333333333334
0 0.547265625 0.4354166666666667 0.011328125 0.017361111111111112
0 0.575390625 0.44930555555555557 0.016796875 0.03680555555555556
0 0.49140625 0.42777777777777776 0.00859375 0.016666666666666666
4 0.66015625 0.41041666666666665 0.07421875 0.14930555555555555
0 0.505859375 0.4986111111111111 0.051171875 0.09166666666666666
2 0.970703125 0.5395833333333333 0.025390625 0.13680555555555557
2 0.9109375 0.5236111111111111 0.028125 0.14166666666666666
0 0.293359375 0.5402777777777777 0.079296875 0.09722222222222222
