0 0.216015625 0.32708333333333334 0.023046875 0.01875
0 0.18828125 0.3326388888888889 0.01328125 0.017361111111111112
0 0.29296875 0.31180555555555556 0.0109375 0.010416666666666666
0 0.31640625 0.3104166666666667 0.0109375 0.009027777777777777
0 0.337890625 0.29930555555555555 0.006640625 0.009027777777777777
0 0.354296875 0.29444444444444445 0.005859375 0.006944444444444444
0 0.369921875 0.29305555555555557 0.005859375 0.008333333333333333
0 0.365625 0.2791666666666667 0.00546875 0.005555555555555556
0 0.390625 0.2826388888888889 0.0046875 0.00625
0 0.42109375 0.2722222222222222 0.0046875 0.008333333333333333
0 0.435546875 0.275 0.004296875 0.006944444444444444
0 0.446875 0.25277777777777777 0.00390625 0.006944444444444444
8 0.203125 0.27569444444444446 0.0203125 0.03680555555555556
