0 0.43125 0.35694444444444445 0.00703125 0.009722222222222222
0 0.411328125 0.36041666666666666 0.007421875 0.009027777777777777
0 0.398828125 0.36527777777777776 0.004296875 0.011111111111111112
0 0.390625 0.3645833333333333 0.00703125 0.013194444444444444
0 0.375 0.36944444444444446 0.01328125 0.016666666666666666
0 0.3515625 0.375 0.00859375 0.022222222222222223
0 0.3375 0.37777777777777777 0.0109375 0.02638888888888889
0 0.32421875 0.3840277777777778 0.01171875 0.022916666666666665
0 0.304296875 0.3819444444444444 0.015234375 0.029166666666666667
0 0.2578125 0.38125 0.0390625 0.049305555555555554
0 0.1703125 0.41388888888888886 0.04375 0.05
0 0.073046875 0.42916666666666664 0.065234375 0.07083333333333333
0 0.0125 0.45208333333333334 0.0125 0.07569444444444444
0 0.519140625 0.4847222222222222 0.126171875 0.1763888888888889
