9 0.108203125 0.0375 0.013671875 0.0375
9 0.089453125 0.03263888888888889 0.008984375 0.03125
9 0.13125 0.035416666666666666 0.0078125 0.035416666666666666
9 0.707421875 0.2777777777777778 0.011328125 0.019444444444444445
9 0.68828125 0.27708333333333335 0.00859375 0.01875
8 0.539453125 0.2923611111111111 0.005078125 0.009027777777777777
8 0.5078125 0.32083333333333336 0.01171875 0.020833333333333332
8 0.45390625 0.3388888888888889 0.0078125 0.009722222222222222
8 0.286328125 0.30069444444444443 0.005859375 0.010416666666666666
8 0.287109375 0.31805555555555554 0.005078125 0.005555555555555556
8 0.287109375 0.33958333333333335 0.008203125 0.011805555555555555
8 0.287109375 0.3638888888888889 0.005078125 0.008333333333333333
2 0.75 0.40069444444444446 0.01484375 0.04236111111111111
3 0.7515625 0.4465277777777778 0.03984375 0.029861111111111113
0 0.225 0.41805555555555557 0.03125 0.04027777777777778
1 0.43359375 0.37430555555555556 0.01640625 0.03125
0 0.460546875 0.39861111111111114 0.018359375 0.025
0 0.36328125 0.3819444444444444 0.0046875 0.011111111111111112
0 0.351953125 0.3840277777777778 0.005859375 0.01597222222222222
0 0.33984375 0.38333333333333336 0.00859375 0.019444444444444445
0 0.33125 0.3861111111111111 0.009375 0.018055555555555554
0 0.33046875 0.39375 0.00859375 0.01597222222222222
0 0.312109375 0.3951388888888889 0.014453125 0.021527777777777778
0 0.28828125 0.40208333333333335 0.01171875 0.025694444444444443
0 0.28046875 0.40347222222222223 0.009375 0.025694444444444443
0 0.252734375 0.4027777777777778 0.026953125 0.04027777777777778
0 0.24609375 0.40694444444444444 0.03046875 0.030555555555555555
0 0.378515625 0.3840277777777778 0.008984375 0.011805555555555555
0 0.4078125 0.3819444444444444 0.0140625 0.013888888888888888
0 0.493359375 0.41805555555555557 0.030859375 0.04027777777777778
0 0.969921875 0.4263888888888889 0.027734375 0.03888888888888889
9 0.01171875 0.28541666666666665 0.01171875 0.017361111111111112
