9 0.366015625 0.3159722222222222 0.003515625 0.01597222222222222
9 0.26875 0.33819444444444446 0.003125 0.011805555555555555
9 0.448828125 0.34375 0.004296875 0.013194444444444444
9 0.318359375 0.38055555555555554 0.001171875 0.008333333333333333
0 0.296484375 0.40208333333333335 0.008984375 0.010416666666666666
0 0.290234375 0.42430555555555555 0.009765625 0.017361111111111112
0 0.241015625 0.4131944444444444 0.007421875 0.017361111111111112
0 0.26484375 0.4263888888888889 0.015625 0.030555555555555555
0 0.2125 0.43819444444444444 0.02578125 0.03819444444444445
0 0.14609375 0.43819444444444444 0.02734375 0.029861111111111113
0 0.065625 0.45208333333333334 0.028125 0.03958333333333333
0 0.026171875 0.4597222222222222 0.026171875 0.05555555555555555
0 0.32109375 0.3993055555555556 0.009375 0.007638888888888889
0 0.32265625 0.43472222222222223 0.028125 0.034722222222222224
4 0.357421875 0.40069444444444446 0.023046875 0.04652777777777778
0 0.4125 0.42986111111111114 0.03203125 0.05347222222222222
0 0.47890625 0.44027777777777777 0.02890625 0.03333333333333333
0 0.563671875 0.4388888888888889 0.036328125 0.06527777777777778
0 0.7671875 0.55625 0.23203125 0.21319444444444444
8 0.40390625 0.3229166666666667 0.01328125 0.007638888888888889
8 0.4546875 0.31875 0.00703125 0.01875
8 0.594921875 0.26666666666666666 0.007421875 0.019444444444444445
8 0.133203125 0.36736111111111114 0.007421875 0.00625
0 0.90625 0.39375 0.0625 0.06319444444444444
0 0.4328125 0.3972222222222222 0.02578125 0.025
