9 0.33203125 0.28541666666666665 0.00546875 0.025694444444444443
9 0.31875 0.2847222222222222 0.009375 0.029166666666666667
8 0.752734375 0.4027777777777778 0.008203125 0.008333333333333333
8 0.753125 0.42083333333333334 0.00703125 0.006944444444444444
8 0.742578125 0.44305555555555554 0.014453125 0.0125
9 0.549609375 0.3326388888888889 0.006640625 0.022916666666666665
9 0.5375 0.33055555555555555 0.00546875 0.019444444444444445
0 0.35625 0.5451388888888888 0.01015625 0.025694444444444443
0 0.36796875 0.5847222222222223 0.01640625 0.05694444444444444
0 0.340625 0.5597222222222222 0.0109375 0.027777777777777776
0 0.327734375 0.5638888888888889 0.012890625 0.03194444444444444
2 0.6953125 0.5576388888888889 0.00546875 0.02847222222222222
1 0.1578125 0.45416666666666666 0.1578125 0.42777777777777776
4 0.8609375 0.5277777777777778 0.13828125 0.425
0 0.534375 0.6361111111111111 0.17890625 0.2722222222222222
