0 0.432421875 0.5611111111111111 0.019140625 0.03194444444444444
0 0.31484375 0.5555555555555556 0.0046875 0.015277777777777777
0 0.309375 0.5631944444444444 0.00703125 0.027083333333333334
4 0.3671875 0.5006944444444444 0.028125 0.034027777777777775
0 0.484765625 0.5479166666666667 0.044140625 0.05486111111111111
0 0.273046875 0.5638888888888889 0.035546875 0.05277777777777778
0 0.81171875 0.5215277777777778 0.09140625 0.05347222222222222
0 0.911328125 0.5041666666666667 0.016015625 0.029166666666666667
0 0.115625 0.6430555555555556 0.115625 0.18472222222222223
0 0.363671875 0.5777777777777777 0.041796875 0.05694444444444444
0 0.636328125 0.5854166666666667 0.100390625 0.11736111111111111
9 0.359375 0.3298611111111111 0.00703125 0.024305555555555556
9 0.20859375 0.4354166666666667 0.00625 0.024305555555555556
9 0.208984375 0.4826388888888889 0.005859375 0.014583333333333334
9 0.598046875 0.24930555555555556 0.006640625 0.04791666666666667
9 0.582421875 0.2638888888888889 0.005078125 0.02638888888888889
9 0.609765625 0.25972222222222224 0.003515625 0.027777777777777776
8 0.6421875 0.29305555555555557 0.0203125 0.020833333333333332
8 0.27109375 0.36041666666666666 0.03125 0.011805555555555555
8 0.207421875 0.34097222222222223 0.015234375 0.022916666666666665
8 0.698828125 0.3784722222222222 0.011328125 0.007638888888888889
8 0.2125 0.5208333333333334 0.0078125 0.019444444444444445
9 0.699609375 0.44583333333333336 0.006640625 0.013888888888888888
9 0.494140625 0.4513888888888889 0.005078125 0.011111111111111112
