9 0.3 0.25416666666666665 0.0046875 0.009722222222222222
9 0.35390625 0.28125 0.00390625 0.009027777777777777
9 0.444921875 0.17222222222222222 0.005078125 0.011111111111111112
9 0.3828125 0.26944444444444443 0.0046875 0.0125
9 0.4734375 0.27708333333333335 0.01171875 0.02013888888888889
9 0.507421875 0.26319444444444445 0.006640625 0.017361111111111112
8 0.5328125 0.25277777777777777 0.01953125 0.020833333333333332
0 0.3234375 0.29930555555555555 0.0109375 0.021527777777777778
0 0.299609375 0.3034722222222222 0.018359375 0.027083333333333334
0 0.41875 0.41875 0.10625 0.14930555555555555
0 0.177734375 0.3576388888888889 0.119140625 0.14375
8 0.51796875 0.175 0.03671875 0.020833333333333332
