8 0.685546875 0.13541666666666666 0.027734375 0.01875
8 0.679296875 0.08263888888888889 0.017578125 0.03819444444444445
9 0.693359375 0.1986111111111111 0.009765625 0.020833333333333332
4 0.412890625 0.28958333333333336 0.030859375 0.07430555555555556
0 0.458203125 0.3159722222222222 0.012109375 0.027083333333333334
0 0.473828125 0.31527777777777777 0.015234375 0.027777777777777776
0 0.509375 0.33055555555555555 0.02265625 0.029166666666666667
0 0.571875 0.3527777777777778 0.0515625 0.06944444444444445
0 0.30625 0.3076388888888889 0.025 0.04375
0 0.242578125 0.3229166666666667 0.039453125 0.052083333333333336
0 0.333984375 0.3194444444444444 0.012890625 0.02361111111111111
0 0.355859375 0.3159722222222222 0.008984375 0.024305555555555556
9 0.377734375 0.27569444444444446 0.005078125 0.01597222222222222
