0 0.069140625 0.46041666666666664 0.052734375 0.04097222222222222
0 0.216796875 0.46805555555555556 0.040234375 0.0375
0 0.153125 0.4652777777777778 0.028125 0.03888888888888889
0 0.316796875 0.4777777777777778 0.014453125 0.022222222222222223
0 0.3703125 0.4798611111111111 0.01953125 0.021527777777777778
0 0.34609375 0.47708333333333336 0.01171875 0.01597222222222222
0 0.396875 0.4840277777777778 0.01015625 0.014583333333333334
0 0.276171875 0.4652777777777778 0.022265625 0.03888888888888889
0 0.522265625 0.5131944444444444 0.029296875 0.03819444444444445
0 0.866015625 0.5993055555555555 0.076953125 0.09791666666666667
4 0.4953125 0.4625 0.03203125 0.06388888888888888
8 0.455078125 0.4513888888888889 0.008203125 0.011111111111111112
0 0.4421875 0.525 0.03984375 0.05694444444444444
0 0.59296875 0.5506944444444445 0.0578125 0.07569444444444444
0 0.94296875 0.6854166666666667 0.05546875 0.1798611111111111
