9 0.444921875 0.28194444444444444 0.006640625 0.025
9 0.608984375 0.2548611111111111 0.004296875 0.01875
9 0.516796875 0.4125 0.003515625 0.009722222222222222
9 0.096484375 0.4215277777777778 0.008203125 0.014583333333333334
9 0.792578125 0.3715277777777778 0.010546875 0.013194444444444444
9 0.42890625 0.28402777777777777 0.00546875 0.025694444444444443
9 0.5984375 0.24930555555555556 0.00546875 0.02847222222222222
9 0.692578125 0.3715277777777778 0.007421875 0.01875
9 0.694921875 0.2881944444444444 0.012109375 0.00625
9 0.705078125 0.31666666666666665 0.012890625 0.009722222222222222
9 0.75078125 0.375 0.00859375 0.0125
9 0.60703125 0.3854166666666667 0.0046875 0.007638888888888889
9 0.434765625 0.4 0.006640625 0.009722222222222222
2 0.753515625 0.48541666666666666 0.013671875 0.06875
2 0.709375 0.4638888888888889 0.0171875 0.05138888888888889
8 0.254296875 0.22569444444444445 0.012890625 0.004861111111111111
2 0.4375 0.4736111111111111 0.0109375 0.041666666666666664
2 0.409765625 0.4736111111111111 0.008203125 0.03611111111111111
0 0.515625 0.45208333333333334 0.01953125 0.029861111111111113
0 0.538671875 0.4861111111111111 0.040234375 0.06527777777777778
0 0.644140625 0.5583333333333333 0.098828125 0.13194444444444445
8 0.841796875 0.21458333333333332 0.023046875 0.052083333333333336
