0 0.0203125 0.6145833333333334 0.0203125 0.14097222222222222
0 0.0734375 0.59375 0.0734375 0.10902777777777778
0 0.13515625 0.45625 0.13515625 0.20625
0 0.247265625 0.5104166666666666 0.051171875 0.06458333333333334
0 0.278125 0.5159722222222223 0.05390625 0.049305555555555554
0 0.28203125 0.4847222222222222 0.08359375 0.0625
0 0.347265625 0.4826388888888889 0.056640625 0.052083333333333336
0 0.409375 0.48541666666666666 0.01171875 0.02013888888888889
0 0.452734375 0.5159722222222223 0.041796875 0.06319444444444444
0 0.4984375 0.47638888888888886 0.0109375 0.013888888888888888
0 0.5265625 0.4798611111111111 0.01171875 0.017361111111111112
0 0.558203125 0.4979166666666667 0.026171875 0.03263888888888889
0 0.539453125 0.48541666666666666 0.011328125 0.02013888888888889
0 0.62578125 0.5006944444444444 0.028125 0.034027777777777775
0 0.652734375 0.4826388888888889 0.009765625 0.02013888888888889
0 0.78203125 0.5284722222222222 0.08125 0.08680555555555555
0 0.899609375 0.5520833333333334 0.098828125 0.12291666666666666
8 0.82265625 0.34305555555555556 0.01328125 0.013888888888888888
8 0.540234375 0.3993055555555556 0.012890625 0.00625
9 0.483984375 0.3840277777777778 0.005859375 0.010416666666666666
9 0.479296875 0.4340277777777778 0.005078125 0.009027777777777777
9 0.57265625 0.44375 0.00703125 0.009027777777777777
9 0.615625 0.43125 0.00859375 0.010416666666666666
