8 0.716015625 0.2777777777777778 0.014453125 0.011111111111111112
8 0.7015625 0.3020833333333333 0.015625 0.011805555555555555
8 0.60390625 0.37222222222222223 0.0109375 0.008333333333333333
8 0.5984375 0.4097222222222222 0.00546875 0.006944444444444444
8 0.262109375 0.3611111111111111 0.008203125 0.006944444444444444
8 0.426171875 0.4131944444444444 0.006640625 0.00625
8 0.51875 0.4048611111111111 0.0078125 0.00625
8 0.087109375 0.3298611111111111 0.018359375 0.014583333333333334
9 0.093359375 0.37430555555555556 0.005078125 0.011805555555555555
9 0.70390625 0.3701388888888889 0.0125 0.013194444444444444
9 0.06484375 0.3715277777777778 0.0140625 0.024305555555555556
9 0.683203125 0.4527777777777778 0.008984375 0.0125
2 0.664453125 0.475 0.006640625 0.029166666666666667
0 0.491796875 0.44513888888888886 0.003515625 0.007638888888888889
0 0.42890625 0.45555555555555555 0.00625 0.011111111111111112
0 0.38671875 0.4652777777777778 0.00859375 0.025
0 0.37109375 0.46944444444444444 0.01328125 0.02638888888888889
0 0.336328125 0.4756944444444444 0.026953125 0.034027777777777775
0 0.516796875 0.4576388888888889 0.008203125 0.01875
0 0.5390625 0.4722222222222222 0.01875 0.03194444444444444
0 0.841796875 0.6111111111111112 0.133984375 0.14305555555555555
0 0.580078125 0.4798611111111111 0.036328125 0.035416666666666666
0 0.412890625 0.4583333333333333 0.013671875 0.018055555555555554
0 0.481640625 0.4486111111111111 0.005859375 0.011111111111111112
9 0.249609375 0.25069444444444444 0.007421875 0.025694444444444443
9 0.262890625 0.24861111111111112 0.007421875 0.02361111111111111
9 0.53046875 0.2847222222222222 0.00625 0.025
9 0.54296875 0.2833333333333333 0.00625 0.020833333333333332
9 0.2609375 0.40555555555555556 0.009375 0.013888888888888888
9 0.44375 0.4125 0.00390625 0.009722222222222222
0 0.5015625 0.45208333333333334 0.00703125 0.009027777777777777
0 0.619921875 0.4798611111111111 0.030859375 0.03958333333333333
2 0.726953125 0.4930555555555556 0.009765625 0.04583333333333333
2 0.07265625 0.5118055555555555 0.0125 0.08541666666666667
0 0.05078125 0.5152777777777777 0.05078125 0.041666666666666664
9 0.619921875 0.4041666666666667 0.005859375 0.015277777777777777
