0 0.192578125 0.5652777777777778 0.118359375 0.12777777777777777
0 0.433984375 0.5916666666666667 0.118359375 0.18611111111111112
0 0.666015625 0.5506944444444445 0.080859375 0.09097222222222222
0 0.00859375 0.5555555555555556 0.00859375 0.041666666666666664
0 0.908203125 0.5569444444444445 0.091015625 0.14305555555555555
0 0.323046875 0.5041666666666667 0.008203125 0.025
0 0.5484375 0.5048611111111111 0.01953125 0.034027777777777775
0 0.580859375 0.49583333333333335 0.021484375 0.02361111111111111
2 0.83515625 0.48194444444444445 0.009375 0.034722222222222224
2 0.76875 0.5111111111111111 0.00859375 0.05694444444444444
9 0.11015625 0.23958333333333334 0.00625 0.03125
9 0.13359375 0.40347222222222223 0.00546875 0.01875
9 0.546484375 0.3138888888888889 0.005078125 0.020833333333333332
9 0.6625 0.4173611111111111 0.00546875 0.007638888888888889
9 0.12734375 0.24305555555555555 0.0078125 0.027777777777777776
9 0.55703125 0.30972222222222223 0.00546875 0.018055555555555554
9 0.142578125 0.40555555555555556 0.003515625 0.015277777777777777
8 0.02109375 0.24861111111111112 0.02109375 0.015277777777777777
8 0.894921875 0.3 0.017578125 0.006944444444444444
8 0.8203125 0.34375 0.01171875 0.029861111111111113
8 0.644921875 0.3875 0.012109375 0.008333333333333333
8 0.651171875 0.3611111111111111 0.012109375 0.005555555555555556
8 0.59921875 0.3277777777777778 0.02421875 0.008333333333333333
8 0.58046875 0.36944444444444446 0.0078125 0.005555555555555556
8 0.579296875 0.3909722222222222 0.008203125 0.004861111111111111
9 0.8765625 0.39861111111111114 0.0109375 0.019444444444444445
9 0.8828125 0.33958333333333335 0.00390625 0.021527777777777778
2 0.75703125 0.5118055555555555 0.0046875 0.03680555555555556
2 0.746875 0.49375 0.0078125 0.022916666666666665
