9 0.059765625 0.4340277777777778 0.004296875 0.011805555555555555
9 0.1921875 0.4388888888888889 0.003125 0.008333333333333333
9 0.069140625 0.46041666666666664 0.007421875 0.009027777777777777
9 0.1796875 0.4583333333333333 0.00390625 0.005555555555555556
9 0.49609375 0.42916666666666664 0.0046875 0.006944444444444444
9 0.4640625 0.4388888888888889 0.003125 0.005555555555555556
8 0.059375 0.4131944444444444 0.009375 0.00625
8 0.028125 0.42569444444444443 0.00625 0.014583333333333334
8 0.18125 0.4305555555555556 0.00390625 0.004166666666666667
8 0.184375 0.44375 0.0046875 0.003472222222222222
8 0.1859375 0.4111111111111111 0.0046875 0.004166666666666667
8 0.643359375 0.30486111111111114 0.008203125 0.017361111111111112
8 0.650390625 0.3333333333333333 0.007421875 0.0125
8 0.63125 0.35138888888888886 0.0078125 0.02638888888888889
8 0.487890625 0.36180555555555555 0.008984375 0.010416666666666666
8 0.4953125 0.39375 0.00625 0.004861111111111111
8 0.454296875 0.4284722222222222 0.005859375 0.009027777777777777
8 0.491015625 0.41458333333333336 0.003515625 0.004861111111111111
2 0.9765625 0.5166666666666667 0.0203125 0.08472222222222223
2 0.884765625 0.5041666666666667 0.020703125 0.09305555555555556
2 0.8671875 0.4875 0.01640625 0.06944444444444445
2 0.653125 0.4826388888888889 0.00703125 0.03819444444444445
2 0.625390625 0.47152777777777777 0.006640625 0.03125
2 0.559375 0.47638888888888886 0.0078125 0.027777777777777776
2 0.489453125 0.4708333333333333 0.004296875 0.022222222222222223
2 0.469140625 0.47291666666666665 0.003515625 0.017361111111111112
2 0.4625 0.46944444444444444 0.003125 0.011111111111111112
0 0.527734375 0.4673611111111111 0.013671875 0.024305555555555556
0 0.433203125 0.4930555555555556 0.016796875 0.034722222222222224
0 0.278515625 0.48194444444444445 0.004296875 0.0125
0 0.265234375 0.48055555555555557 0.012109375 0.019444444444444445
0 0.2 0.49930555555555556 0.0171875 0.027083333333333334
0 0.161328125 0.5069444444444444 0.033984375 0.043055555555555555
0 0.075 0.5326388888888889 0.0546875 0.050694444444444445
0 0.03203125 0.5201388888888889 0.01640625 0.03263888888888889
0 0.059375 0.4847222222222222 0.01328125 0.006944444444444444
4 0.3484375 0.4027777777777778 0.0796875 0.19027777777777777
