0 0.4890625 0.7118055555555556 0.003125 0.009027777777777777
0 0.483984375 0.7152777777777778 0.003515625 0.008333333333333333
0 0.478515625 0.7159722222222222 0.005078125 0.009027777777777777
0 0.469921875 0.7194444444444444 0.006640625 0.015277777777777777
0 0.450390625 0.7138888888888889 0.014453125 0.025
0 0.448046875 0.7277777777777777 0.012109375 0.025
0 0.423828125 0.7263888888888889 0.016796875 0.034722222222222224
0 0.39765625 0.7430555555555556 0.0296875 0.04583333333333333
0 0.351171875 0.7569444444444444 0.039453125 0.06388888888888888
0 0.2390625 0.7541666666666667 0.09453125 0.11805555555555555
0 0.515625 0.7166666666666667 0.00546875 0.008333333333333333
0 0.523828125 0.7201388888888889 0.006640625 0.011805555555555555
0 0.532421875 0.7215277777777778 0.005078125 0.014583333333333334
0 0.5390625 0.7215277777777778 0.00703125 0.017361111111111112
0 0.548828125 0.7291666666666666 0.008984375 0.022222222222222223
0 0.606640625 0.75 0.023828125 0.03333333333333333
0 0.567578125 0.7298611111111111 0.015234375 0.022916666666666665
0 0.65 0.7583333333333333 0.0375 0.05
0 0.101953125 0.7465277777777778 0.101953125 0.12986111111111112
0 0.885546875 0.7944444444444444 0.112109375 0.09027777777777778
2 0.7984375 0.7395833333333334 0.01171875 0.03819444444444445
0 0.511328125 0.7201388888888889 0.003515625 0.009027777777777777
