2 0.075 0.4666666666666667 0.01171875 0.0375
2 0.044140625 0.44375 0.012109375 0.03819444444444445
2 0.23828125 0.4375 0.00703125 0.02638888888888889
2 0.282421875 0.44027777777777777 0.005078125 0.016666666666666666
2 0.519921875 0.45694444444444443 0.006640625 0.027777777777777776
2 0.76640625 0.48055555555555557 0.0078125 0.029166666666666667
2 0.69375 0.46875 0.00625 0.027083333333333334
2 0.734765625 0.4826388888888889 0.005078125 0.02847222222222222
2 0.744140625 0.4840277777777778 0.005078125 0.029861111111111113
2 0.753515625 0.475 0.007421875 0.03333333333333333
0 0.6 0.47638888888888886 0.02109375 0.029166666666666667
0 0.362890625 0.44583333333333336 0.009765625 0.016666666666666666
0 0.46796875 0.4395833333333333 0.00625 0.009027777777777777
0 0.391015625 0.4388888888888889 0.012109375 0.009722222222222222
9 0.44609375 0.39305555555555555 0.003125 0.011111111111111112
9 0.829296875 0.54375 0.087890625 0.08541666666666667
0 0.883984375 0.48194444444444445 0.043359375 0.05416666666666667
0 0.0140625 0.4548611111111111 0.0140625 0.03263888888888889
8 0.06484375 0.36527777777777776 0.0078125 0.008333333333333333
0 0.44609375 0.44513888888888886 0.0078125 0.004861111111111111
