9 0.310546875 0.3541666666666667 0.005859375 0.0125
9 0.4234375 0.3326388888888889 0.00625 0.014583333333333334
8 0.261328125 0.3861111111111111 0.005859375 0.004166666666666667
8 0.297265625 0.3458333333333333 0.014453125 0.009722222222222222
8 0.453515625 0.3194444444444444 0.023046875 0.009722222222222222
8 0.543359375 0.35833333333333334 0.005859375 0.006944444444444444
8 0.4640625 0.37916666666666665 0.00546875 0.004166666666666667
8 0.540234375 0.3819444444444444 0.008984375 0.015277777777777777
8 0.643359375 0.2375 0.012890625 0.025
9 0.269140625 0.4027777777777778 0.005078125 0.008333333333333333
9 0.471484375 0.39652777777777776 0.005859375 0.009027777777777777
2 0.23984375 0.43472222222222223 0.00546875 0.022222222222222223
2 0.2671875 0.43472222222222223 0.003125 0.011111111111111112
2 0.279296875 0.4326388888888889 0.005078125 0.02013888888888889
0 0.190234375 0.4756944444444444 0.034765625 0.04652777777777778
0 0.119140625 0.4861111111111111 0.044921875 0.06388888888888888
0 0.0421875 0.5152777777777777 0.0421875 0.07361111111111111
0 0.337109375 0.4340277777777778 0.008984375 0.011805555555555555
0 0.3125 0.43680555555555556 0.01796875 0.017361111111111112
0 0.437109375 0.4201388888888889 0.007421875 0.011805555555555555
0 0.48515625 0.4479166666666667 0.02109375 0.04097222222222222
0 0.490625 0.45694444444444443 0.015625 0.0375
0 0.503125 0.4618055555555556 0.0203125 0.04236111111111111
0 0.53359375 0.46111111111111114 0.0296875 0.05416666666666667
0 0.587890625 0.46875 0.048828125 0.08263888888888889
0 0.74609375 0.4875 0.153125 0.16111111111111112
0 0.3921875 0.5027777777777778 0.065625 0.09444444444444444
0 0.933203125 0.6527777777777778 0.065234375 0.19444444444444445
