9 0.2703125 0.5597222222222222 0.00546875 0.018055555555555554
8 0.14296875 0.6416666666666667 0.01953125 0.019444444444444445
8 0.16796875 0.6243055555555556 0.0140625 0.021527777777777778
8 0.177734375 0.5458333333333333 0.008203125 0.02361111111111111
8 0.4984375 0.54375 0.0078125 0.022916666666666665
8 0.580859375 0.5993055555555555 0.011328125 0.035416666666666666
8 0.472265625 0.6305555555555555 0.012890625 0.006944444444444444
8 0.524609375 0.6097222222222223 0.008203125 0.006944444444444444
8 0.53046875 0.5875 0.0078125 0.005555555555555556
8 0.5328125 0.6388888888888888 0.00703125 0.009722222222222222
0 0.29140625 0.7270833333333333 0.03125 0.049305555555555554
0 0.386328125 0.7236111111111111 0.029296875 0.044444444444444446
0 0.4828125 0.7111111111111111 0.034375 0.04027777777777778
0 0.428125 0.7083333333333334 0.01953125 0.030555555555555555
0 0.337890625 0.7180555555555556 0.017578125 0.019444444444444445
8 0.43984375 0.6055555555555555 0.0046875 0.0125
8 0.448046875 0.6083333333333333 0.004296875 0.0125
8 0.175 0.5833333333333334 0.0109375 0.006944444444444444
0 0.16953125 0.7215277777777778 0.01796875 0.01875
