9 0.401953125 0.1763888888888889 0.008984375 0.06666666666666667
9 0.5984375 0.29305555555555557 0.00546875 0.043055555555555555
9 0.989453125 0.3951388888888889 0.009765625 0.021527777777777778
9 0.478515625 0.4777777777777778 0.001171875 0.013888888888888888
9 0.448828125 0.4701388888888889 0.003515625 0.011805555555555555
8 0.111328125 0.40069444444444446 0.015234375 0.01875
8 0.52578125 0.4270833333333333 0.01484375 0.017361111111111112
8 0.688671875 0.4666666666666667 0.005859375 0.0125
8 0.689453125 0.4326388888888889 0.006640625 0.01597222222222222
0 0.351953125 0.5201388888888889 0.006640625 0.01875
0 0.481640625 0.5090277777777777 0.008203125 0.017361111111111112
0 0.468359375 0.5277777777777778 0.011328125 0.019444444444444445
0 0.328125 0.5326388888888889 0.02109375 0.024305555555555556
0 0.403125 0.5458333333333333 0.0578125 0.09861111111111111
2 0.52265625 0.5486111111111112 0.00703125 0.06944444444444445
2 0.63125 0.5534722222222223 0.009375 0.06736111111111111
2 0.644921875 0.56875 0.005859375 0.06319444444444444
2 0.68203125 0.5583333333333333 0.0109375 0.06666666666666667
2 0.717578125 0.5486111111111112 0.011328125 0.0763888888888889
