8 0.5375 0.4083333333333333 0.01796875 0.013888888888888888
8 0.565625 0.40625 0.00625 0.00625
8 0.59140625 0.37777777777777777 0.00625 0.015277777777777777
8 0.726953125 0.4013888888888889 0.002734375 0.006944444444444444
0 0.60546875 0.4534722222222222 0.00859375 0.007638888888888889
0 0.64609375 0.45 0.00625 0.013888888888888888
0 0.659375 0.45625 0.00859375 0.014583333333333334
0 0.701953125 0.45208333333333334 0.010546875 0.017361111111111112
0 0.741015625 0.45069444444444445 0.014453125 0.017361111111111112
0 0.82265625 0.44722222222222224 0.0296875 0.02638888888888889
0 0.88671875 0.425 0.034375 0.025
0 0.95703125 0.44513888888888886 0.0421875 0.06458333333333334
0 0.546875 0.45625 0.00234375 0.013194444444444444
0 0.53984375 0.4583333333333333 0.00703125 0.016666666666666666
0 0.527734375 0.4638888888888889 0.010546875 0.018055555555555554
0 0.508203125 0.47708333333333336 0.016796875 0.027083333333333334
0 0.45078125 0.4722222222222222 0.0203125 0.03333333333333333
4 0.2125 0.43333333333333335 0.2109375 0.43194444444444446
2 0.720703125 0.46597222222222223 0.005078125 0.024305555555555556
0 0.56171875 0.46319444444444446 0.009375 0.013194444444444444
