8 0.597265625 0.4513888888888889 0.004296875 0.008333333333333333
8 0.166015625 0.40694444444444444 0.005078125 0.011111111111111112
8 0.16640625 0.4215277777777778 0.00625 0.004861111111111111
8 0.159375 0.42986111111111114 0.0078125 0.004861111111111111
8 0.169140625 0.44375 0.008203125 0.00625
8 0.175390625 0.46319444444444446 0.004296875 0.011805555555555555
8 0.17109375 0.49027777777777776 0.0046875 0.009722222222222222
9 0.49296875 0.4409722222222222 0.00390625 0.00625
9 0.4875 0.4534722222222222 0.00546875 0.007638888888888889
9 0.56015625 0.44166666666666665 0.00234375 0.006944444444444444
9 0.55546875 0.4465277777777778 0.0046875 0.00625
0 0.53515625 0.48680555555555555 0.00703125 0.009027777777777777
0 0.547265625 0.49375 0.010546875 0.01875
0 0.57265625 0.5069444444444444 0.0203125 0.027777777777777776
0 0.47578125 0.4986111111111111 0.00625 0.008333333333333333
0 0.455078125 0.5027777777777778 0.008203125 0.008333333333333333
0 0.4390625 0.4930555555555556 0.00859375 0.0125
0 0.50859375 0.5034722222222222 0.028125 0.04375
0 0.411328125 0.51875 0.036328125 0.04513888888888889
0 0.3734375 0.5041666666666667 0.0046875 0.006944444444444444
0 0.362890625 0.5104166666666666 0.005859375 0.010416666666666666
0 0.35078125 0.5111111111111111 0.0046875 0.011111111111111112
0 0.337109375 0.5111111111111111 0.006640625 0.011111111111111112
0 0.3234375 0.5090277777777777 0.00546875 0.01597222222222222
0 0.303125 0.5131944444444444 0.015625 0.01875
0 0.291796875 0.5256944444444445 0.020703125 0.024305555555555556
0 0.240234375 0.5479166666666667 0.047265625 0.04236111111111111
0 0.2015625 0.53125 0.00625 0.011805555555555555
0 0.19296875 0.5361111111111111 0.00546875 0.013888888888888888
0 0.176953125 0.5381944444444444 0.017578125 0.02013888888888889
0 0.146875 0.5381944444444444 0.01640625 0.021527777777777778
0 0.12890625 0.5409722222222222 0.0109375 0.021527777777777778
0 0.06171875 0.5729166666666666 0.06171875 0.059027777777777776
0 0.691015625 0.4756944444444444 0.008984375 0.010416666666666666
0 0.951953125 0.46111111111111114 0.047265625 0.058333333333333334
0 0.8765625 0.4777777777777778 0.02421875 0.0375
