8 0.541796875 0.47708333333333336 0.005859375 0.010416666666666666
0 0.448828125 0.49930555555555556 0.008984375 0.017361111111111112
0 0.436328125 0.5013888888888889 0.008984375 0.016666666666666666
0 0.419921875 0.5048611111111111 0.012109375 0.017361111111111112
0 0.387109375 0.5076388888888889 0.022265625 0.02847222222222222
0 0.513671875 0.5090277777777777 0.007421875 0.010416666666666666
0 0.52890625 0.5097222222222222 0.0109375 0.015277777777777777
8 0.1640625 0.3875 0.01640625 0.009722222222222222
0 0.875 0.5236111111111111 0.12421875 0.08333333333333333
0 0.71796875 0.5034722222222222 0.0421875 0.04791666666666667
0 0.642578125 0.5090277777777777 0.046484375 0.04652777777777778
