0 0.501953125 0.6673611111111111 0.015234375 0.010416666666666666
0 0.6796875 0.6694444444444444 0.009375 0.008333333333333333
0 0.6546875 0.6708333333333333 0.00859375 0.009722222222222222
0 0.7640625 0.6680555555555555 0.03125 0.020833333333333332
0 0.803125 0.6861111111111111 0.01171875 0.013888888888888888
0 0.824609375 0.6861111111111111 0.012890625 0.011111111111111112
0 0.856640625 0.6909722222222222 0.016015625 0.009027777777777777
0 0.91875 0.6923611111111111 0.0109375 0.013194444444444444
0 0.94140625 0.6909722222222222 0.0109375 0.010416666666666666
0 0.95625 0.6916666666666667 0.009375 0.0125
0 0.98203125 0.6909722222222222 0.01640625 0.014583333333333334
0 0.562890625 0.6541666666666667 0.026171875 0.02361111111111111
0 0.730078125 0.6777777777777778 0.013671875 0.0125
0 0.703515625 0.6756944444444445 0.010546875 0.011805555555555555
