8 0.4875 0.46805555555555556 0.0046875 0.0125
8 0.39921875 0.4388888888888889 0.01484375 0.015277777777777777
9 0.053515625 0.17083333333333334 0.008984375 0.03194444444444444
9 0.034375 0.17430555555555555 0.00859375 0.03680555555555556
0 0.372265625 0.5125 0.015234375 0.022222222222222223
0 0.34296875 0.5055555555555555 0.0171875 0.0125
0 0.296875 0.5006944444444444 0.021875 0.022916666666666665
0 0.2640625 0.49027777777777776 0.0140625 0.027777777777777776
0 0.423828125 0.49722222222222223 0.009765625 0.006944444444444444
0 0.44375 0.49722222222222223 0.00859375 0.006944444444444444
0 0.472265625 0.5159722222222223 0.016796875 0.025694444444444443
0 0.421484375 0.575 0.051171875 0.07222222222222222
0 0.008984375 0.4930555555555556 0.008203125 0.018055555555555554
0 0.14921875 0.5701388888888889 0.14921875 0.1673611111111111
2 0.5671875 0.50625 0.0046875 0.02013888888888889
