0 0.439453125 0.4722222222222222 0.005859375 0.016666666666666666
0 0.405859375 0.4673611111111111 0.005078125 0.009027777777777777
0 0.38671875 0.4708333333333333 0.0140625 0.022222222222222223
0 0.37578125 0.4791666666666667 0.009375 0.020833333333333332
0 0.419140625 0.48194444444444445 0.014453125 0.022222222222222223
0 0.353125 0.4840277777777778 0.01796875 0.025694444444444443
0 0.495703125 0.5243055555555556 0.065234375 0.10486111111111111
2 0.616796875 0.49375 0.009765625 0.050694444444444445
7 0.57421875 0.48333333333333334 0.0078125 0.016666666666666666
5 0.5734375 0.5131944444444444 0.0125 0.02013888888888889
8 0.593359375 0.3840277777777778 0.006640625 0.013194444444444444
8 0.101171875 0.33819444444444446 0.012109375 0.01597222222222222
8 0.337109375 0.4083333333333333 0.003515625 0.009722222222222222
8 0.678125 0.34652777777777777 0.00859375 0.010416666666666666
8 0.811328125 0.37916666666666665 0.007421875 0.019444444444444445
8 0.3625 0.42986111111111114 0.0046875 0.011805555555555555
