8 0.5125 0.2513888888888889 0.00546875 0.009722222222222222
8 0.56171875 0.19027777777777777 0.0078125 0.011111111111111112
0 0.3953125 0.30277777777777776 0.01875 0.03611111111111111
0 0.375390625 0.3173611111111111 0.016796875 0.04652777777777778
0 0.47734375 0.2798611111111111 0.00625 0.010416666666666666
0 0.50234375 0.28888888888888886 0.0140625 0.015277777777777777
0 0.12421875 0.4215277777777778 0.12421875 0.13958333333333334
0 0.92109375 0.35138888888888886 0.07734375 0.09166666666666666
4 0.415625 0.27708333333333335 0.02265625 0.04513888888888889
1 0.270703125 0.25833333333333336 0.091015625 0.14444444444444443
0 0.4578125 0.2916666666666667 0.0078125 0.011111111111111112
