0 0.4234375 0.4861111111111111 0.01171875 0.013888888888888888
0 0.416015625 0.49444444444444446 0.012890625 0.009722222222222222
0 0.395703125 0.5006944444444444 0.016796875 0.01875
0 0.313671875 0.51875 0.031640625 0.029861111111111113
0 0.28359375 0.5270833333333333 0.03046875 0.029861111111111113
0 0.2375 0.5194444444444445 0.04375 0.0375
0 0.4890625 0.4930555555555556 0.0109375 0.0125
0 0.6 0.4791666666666667 0.015625 0.022222222222222223
0 0.649609375 0.4840277777777778 0.036328125 0.02847222222222222
0 0.57265625 0.4875 0.01015625 0.013888888888888888
2 0.723046875 0.4979166666666667 0.009765625 0.029861111111111113
2 0.736328125 0.4895833333333333 0.008203125 0.027083333333333334
8 0.537890625 0.5243055555555556 0.023828125 0.03958333333333333
