9 0.271875 0.35138888888888886 0.00625 0.015277777777777777
9 0.315625 0.36041666666666666 0.0046875 0.013194444444444444
9 0.24609375 0.22847222222222222 0.0078125 0.024305555555555556
9 0.417578125 0.27708333333333335 0.007421875 0.02013888888888889
8 0.15078125 0.2916666666666667 0.00859375 0.005555555555555556
8 0.15859375 0.3236111111111111 0.0109375 0.006944444444444444
8 0.4484375 0.29305555555555557 0.01640625 0.011111111111111112
8 0.474609375 0.34930555555555554 0.007421875 0.021527777777777778
8 0.422265625 0.3326388888888889 0.006640625 0.01597222222222222
8 0.598046875 0.20347222222222222 0.008984375 0.021527777777777778
8 0.598828125 0.1486111111111111 0.004296875 0.008333333333333333
8 0.595703125 0.2604166666666667 0.019140625 0.02847222222222222
8 0.594140625 0.3194444444444444 0.012890625 0.008333333333333333
8 0.59765625 0.3402777777777778 0.00703125 0.009722222222222222
0 0.32578125 0.4173611111111111 0.0078125 0.013194444444444444
0 0.34453125 0.41597222222222224 0.01171875 0.01597222222222222
0 0.3609375 0.41944444444444445 0.01328125 0.020833333333333332
0 0.150390625 0.46041666666666664 0.023828125 0.06180555555555556
0 0.0734375 0.45416666666666666 0.07265625 0.10833333333333334
0 0.04765625 0.5486111111111112 0.046875 0.125
0 0.579296875 0.4625 0.051953125 0.059722222222222225
9 0.5875 0.3597222222222222 0.00390625 0.011111111111111112
9 0.60234375 0.36041666666666666 0.00703125 0.010416666666666666
0 0.257421875 0.4798611111111111 0.055078125 0.08263888888888889
0 0.41484375 0.46458333333333335 0.05625 0.07430555555555556
0 0.759765625 0.5597222222222222 0.195703125 0.16111111111111112
8 0.06328125 0.2902777777777778 0.01640625 0.0125
9 0.148828125 0.36180555555555555 0.009765625 0.010416666666666666
9 0.48984375 0.3840277777777778 0.01015625 0.013194444444444444
