9 0.301171875 0.4354166666666667 0.008984375 0.025694444444444443
9 0.459765625 0.46805555555555556 0.006640625 0.019444444444444445
0 0.50078125 0.7208333333333333 0.08671875 0.10416666666666667
0 0.362109375 0.6847222222222222 0.029296875 0.044444444444444446
0 0.30625 0.6763888888888889 0.009375 0.022222222222222223
0 0.2671875 0.7048611111111112 0.04375 0.05625
8 0.02421875 0.7458333333333333 0.02109375 0.018055555555555554
8 0.2265625 0.5909722222222222 0.0078125 0.014583333333333334
8 0.228515625 0.6194444444444445 0.006640625 0.0125
9 0.255078125 0.6430555555555556 0.005859375 0.011111111111111112
9 0.241015625 0.6388888888888888 0.004296875 0.008333333333333333
8 0.343359375 0.6375 0.004296875 0.020833333333333332
1 0.7828125 0.6548611111111111 0.215625 0.28680555555555554
