0 0.526953125 0.47638888888888886 0.021484375 0.03333333333333333
0 0.476171875 0.45069444444444445 0.013671875 0.022916666666666665
0 0.42734375 0.4618055555555556 0.009375 0.017361111111111112
0 0.81953125 0.5423611111111111 0.15546875 0.17569444444444443
0 0.58359375 0.4986111111111111 0.03828125 0.059722222222222225
0 0.644140625 0.5229166666666667 0.062890625 0.0798611111111111
0 0.48125 0.4652777777777778 0.01484375 0.02361111111111111
0 0.4484375 0.4534722222222222 0.009375 0.013194444444444444
0 0.373046875 0.46458333333333335 0.016015625 0.021527777777777778
0 0.391015625 0.45625 0.007421875 0.010416666666666666
9 0.398046875 0.40069444444444446 0.002734375 0.010416666666666666
9 0.446875 0.3819444444444444 0.003125 0.016666666666666666
8 0.265234375 0.3173611111111111 0.005078125 0.010416666666666666
3 0.199609375 0.5048611111111111 0.023046875 0.027083333333333334
3 0.180859375 0.7326388888888888 0.003515625 0.011805555555555555
3 0.255859375 0.4888888888888889 0.019921875 0.02361111111111111
8 0.623046875 0.38263888888888886 0.009765625 0.017361111111111112
0 0.556640625 0.46805555555555556 0.006640625 0.013888888888888888
