0 0.519140625 0.5340277777777778 0.008984375 0.021527777777777778
0 0.5359375 0.5319444444444444 0.01640625 0.022222222222222223
0 0.56484375 0.54375 0.02578125 0.04097222222222222
0 0.496484375 0.5263888888888889 0.008203125 0.0125
0 0.62265625 0.5701388888888889 0.06171875 0.07013888888888889
0 0.450390625 0.5618055555555556 0.051953125 0.08125
9 0.45625 0.46805555555555556 0.00546875 0.011111111111111112
9 0.5015625 0.45694444444444443 0.00546875 0.0125
2 0.13359375 0.5638888888888889 0.01484375 0.06388888888888888
2 0.15703125 0.5722222222222222 0.01640625 0.05555555555555555
