9 0.63828125 0.25763888888888886 0.00859375 0.01875
9 0.657421875 0.25277777777777777 0.007421875 0.019444444444444445
9 0.3890625 0.2125 0.00703125 0.020833333333333332
9 0.040234375 0.1076388888888889 0.008984375 0.03263888888888889
8 0.93984375 0.13125 0.0125 0.03958333333333333
8 0.44765625 0.34375 0.00625 0.013194444444444444
8 0.445703125 0.31319444444444444 0.008203125 0.007638888888888889
9 0.4765625 0.33611111111111114 0.00625 0.0125
9 0.0640625 0.12222222222222222 0.01015625 0.03611111111111111
9 0.01640625 0.10833333333333334 0.01015625 0.034722222222222224
8 0.130078125 0.24930555555555556 0.008984375 0.011805555555555555
9 0.115625 0.3326388888888889 0.00703125 0.01597222222222222
0 0.313671875 0.38958333333333334 0.020703125 0.025694444444444443
0 0.413671875 0.38680555555555557 0.013671875 0.021527777777777778
0 0.82421875 0.38055555555555554 0.0421875 0.034722222222222224
0 0.965625 0.3798611111111111 0.03203125 0.03125
8 0.548046875 0.3736111111111111 0.005859375 0.009722222222222222
8 0.53515625 0.36666666666666664 0.00625 0.009722222222222222
8 0.519140625 0.3736111111111111 0.006640625 0.009722222222222222
0 0.346484375 0.3923611111111111 0.010546875 0.013194444444444444
9 0.3765625 0.21319444444444444 0.00703125 0.025694444444444443
9 0.401171875 0.21458333333333332 0.006640625 0.022916666666666665
9 0.455078125 0.2798611111111111 0.005078125 0.025694444444444443
8 0.46640625 0.2326388888888889 0.00859375 0.011805555555555555
8 0.681640625 0.17291666666666666 0.013671875 0.007638888888888889
8 0.669140625 0.18541666666666667 0.005078125 0.007638888888888889
9 0.378515625 0.36666666666666664 0.002734375 0.006944444444444444
9 0.394140625 0.36527777777777776 0.002734375 0.008333333333333333
8 0.246875 0.3527777777777778 0.00625 0.006944444444444444
8 0.946484375 0.07083333333333333 0.023828125 0.015277777777777777
8 0.771875 0.34791666666666665 0.00390625 0.01875
