0 0.053125 0.39444444444444443 0.053125 0.08472222222222223
0 0.975 0.4083333333333333 0.02421875 0.05416666666666667
0 0.114453125 0.37083333333333335 0.010546875 0.0125
0 0.134765625 0.36875 0.010546875 0.013194444444444444
0 0.16171875 0.36736111111111114 0.009375 0.014583333333333334
0 0.33671875 0.3541666666666667 0.0203125 0.019444444444444445
0 0.299609375 0.3486111111111111 0.015234375 0.025
0 0.32578125 0.33125 0.00859375 0.004861111111111111
0 0.358203125 0.35138888888888886 0.005859375 0.015277777777777777
0 0.373046875 0.34097222222222223 0.009765625 0.013194444444444444
0 0.401171875 0.33125 0.008203125 0.0020833333333333333
0 0.41328125 0.33194444444444443 0.0078125 0.005555555555555556
0 0.426953125 0.3402777777777778 0.007421875 0.016666666666666666
0 0.45546875 0.33611111111111114 0.00546875 0.008333333333333333
0 0.4671875 0.33541666666666664 0.00546875 0.00625
0 0.4984375 0.33125 0.01328125 0.00625
0 0.5328125 0.35138888888888886 0.00703125 0.020833333333333332
0 0.522265625 0.34444444444444444 0.005859375 0.011111111111111112
0 0.63984375 0.36180555555555555 0.0078125 0.022916666666666665
0 0.652734375 0.3597222222222222 0.006640625 0.016666666666666666
0 0.680078125 0.36180555555555555 0.016796875 0.021527777777777778
0 0.713671875 0.3638888888888889 0.017578125 0.029166666666666667
0 0.746875 0.36944444444444446 0.02734375 0.03611111111111111
0 0.94921875 0.3715277777777778 0.0296875 0.03125
4 0.584765625 0.31527777777777777 0.052734375 0.10277777777777777
0 0.4015625 0.37569444444444444 0.0296875 0.04097222222222222
0 0.489453125 0.39791666666666664 0.043359375 0.06180555555555556
9 0.261328125 0.10833333333333334 0.005859375 0.027777777777777776
9 0.489453125 0.16458333333333333 0.005078125 0.022916666666666665
9 0.665234375 0.17916666666666667 0.004296875 0.022222222222222223
9 0.822265625 0.10833333333333334 0.006640625 0.02638888888888889
9 0.24921875 0.2513888888888889 0.0078125 0.018055555555555554
9 0.272265625 0.25 0.008203125 0.016666666666666666
8 0.148046875 0.30972222222222223 0.015234375 0.04027777777777778
8 0.387109375 0.29444444444444445 0.006640625 0.004166666666666667
8 0.35625 0.29930555555555555 0.00625 0.00625
8 0.780078125 0.24097222222222223 0.018359375 0.02013888888888889
8 0.675 0.22916666666666666 0.00859375 0.008333333333333333
8 0.316796875 0.1909722222222222 0.037109375 0.05763888888888889
0 0.482421875 0.32708333333333334 0.006640625 0.00625
