8 0.17890625 0.6659722222222222 0.0109375 0.021527777777777778
8 0.282421875 0.7069444444444445 0.008203125 0.013888888888888888
8 0.46328125 0.6777777777777778 0.00390625 0.0125
8 0.42421875 0.7340277777777777 0.00390625 0.007638888888888889
8 0.421875 0.7458333333333333 0.0046875 0.005555555555555556
9 0.4015625 0.7402777777777778 0.0015625 0.005555555555555556
0 0.15703125 0.7597222222222222 0.01875 0.016666666666666666
0 0.906640625 0.7479166666666667 0.019921875 0.013194444444444444
0 0.820703125 0.7527777777777778 0.018359375 0.015277777777777777
0 0.98671875 0.7527777777777778 0.0125 0.018055555555555554
0 0.955078125 0.7513888888888889 0.031640625 0.019444444444444445
0 0.867578125 0.7527777777777778 0.033984375 0.018055555555555554
0 0.70078125 0.7534722222222222 0.02734375 0.02013888888888889
0 0.647265625 0.7486111111111111 0.021484375 0.019444444444444445
0 0.566015625 0.7486111111111111 0.026171875 0.020833333333333332
0 0.599609375 0.75 0.037890625 0.020833333333333332
0 0.344140625 0.7645833333333333 0.014453125 0.02013888888888889
0 0.402734375 0.75625 0.005078125 0.00625
0 0.3109375 0.7583333333333333 0.01328125 0.015277777777777777
0 0.09453125 0.7618055555555555 0.01640625 0.021527777777777778
