8 0.301953125 0.25416666666666665 0.015234375 0.025
8 0.43828125 0.2798611111111111 0.003125 0.010416666666666666
8 0.44375 0.24791666666666667 0.0109375 0.014583333333333334
8 0.5296875 0.2673611111111111 0.0078125 0.007638888888888889
8 0.48359375 0.28194444444444444 0.00390625 0.004166666666666667
0 0.07890625 0.3284722222222222 0.03984375 0.014583333333333334
0 0.0375 0.2798611111111111 0.0203125 0.011805555555555555
0 0.505078125 0.30277777777777776 0.008203125 0.0125
0 0.516796875 0.29305555555555557 0.005078125 0.005555555555555556
0 0.531640625 0.2902777777777778 0.003515625 0.004166666666666667
0 0.490234375 0.3159722222222222 0.011328125 0.017361111111111112
0 0.490625 0.2881944444444444 0.00390625 0.00625
0 0.454296875 0.35208333333333336 0.033203125 0.05486111111111111
0 0.417578125 0.28402777777777777 0.008203125 0.00625
0 0.395703125 0.2986111111111111 0.008203125 0.0125
9 0.519921875 0.1798611111111111 0.004296875 0.010416666666666666
0 0.37109375 0.28055555555555556 0.0078125 0.008333333333333333
4 0.3921875 0.27847222222222223 0.0109375 0.017361111111111112
8 0.276171875 0.2701388888888889 0.003515625 0.011805555555555555
