2 0.321484375 0.5430555555555555 0.012890625 0.08888888888888889
2 0.328125 0.5458333333333333 0.025 0.10555555555555556
9 0.371484375 0.3423611111111111 0.012890625 0.02013888888888889
9 0.4109375 0.3472222222222222 0.01328125 0.029166666666666667
8 0.38828125 0.18472222222222223 0.021875 0.020833333333333332
9 0.498828125 0.05138888888888889 0.009765625 0.05138888888888889
2 0.580859375 0.5020833333333333 0.006640625 0.029861111111111113
2 0.4671875 0.5104166666666666 0.01015625 0.04652777777777778
0 0.680859375 0.5291666666666667 0.101953125 0.14027777777777778
0 0.782421875 0.5013888888888889 0.015234375 0.030555555555555555
0 0.794921875 0.49236111111111114 0.006640625 0.017361111111111112
0 0.8109375 0.49722222222222223 0.0125 0.022222222222222223
0 0.825 0.48125 0.01171875 0.017361111111111112
0 0.88046875 0.5173611111111112 0.034375 0.049305555555555554
0 0.857421875 0.5041666666666667 0.019140625 0.05
4 0.91484375 0.4479166666666667 0.04765625 0.050694444444444445
9 0.857421875 0.4048611111111111 0.003515625 0.014583333333333334
8 0.9375 0.36875 0.00859375 0.010416666666666666
0 0.912890625 0.5763888888888888 0.086328125 0.16666666666666666
