0 0.33203125 0.46597222222222223 0.0046875 0.01875
0 0.32265625 0.4638888888888889 0.009375 0.027777777777777776
2 0.30390625 0.46944444444444444 0.00625 0.029166666666666667
0 0.3 0.4638888888888889 0.01875 0.029166666666666667
0 0.282421875 0.47638888888888886 0.019921875 0.041666666666666664
2 0.2234375 0.4826388888888889 0.01484375 0.09513888888888888
0 0.215234375 0.4777777777777778 0.061328125 0.08333333333333333
0 0.101171875 0.5388888888888889 0.101171875 0.13194444444444445
0 0.02734375 0.6319444444444444 0.0265625 0.14305555555555555
0 0.365625 0.46597222222222223 0.0046875 0.009027777777777777
0 0.369921875 0.4708333333333333 0.004296875 0.013888888888888888
0 0.405859375 0.47291666666666665 0.003515625 0.013194444444444444
0 0.41796875 0.47638888888888886 0.00625 0.015277777777777777
0 0.44609375 0.4701388888888889 0.02421875 0.04236111111111111
0 0.4765625 0.45416666666666666 0.00703125 0.02361111111111111
0 0.529296875 0.4673611111111111 0.035546875 0.05763888888888889
0 0.55546875 0.5013888888888889 0.03046875 0.04027777777777778
0 0.5796875 0.5145833333333333 0.034375 0.04791666666666667
0 0.66328125 0.5180555555555556 0.07109375 0.08333333333333333
0 0.805078125 0.5569444444444445 0.116015625 0.10555555555555556
0 0.942578125 0.6173611111111111 0.055859375 0.13125
0 0.348828125 0.4673611111111111 0.016015625 0.021527777777777778
0 0.387109375 0.4708333333333333 0.016015625 0.02638888888888889
8 0.015234375 0.20833333333333334 0.015234375 0.05694444444444444
8 0.408203125 0.42777777777777776 0.004296875 0.006944444444444444
