9 0.398046875 0.30833333333333335 0.001953125 0.006944444444444444
9 0.46171875 0.29583333333333334 0.003125 0.008333333333333333
9 0.503125 0.31180555555555556 0.00234375 0.007638888888888889
8 0.389453125 0.31319444444444444 0.005859375 0.004861111111111111
8 0.47265625 0.2986111111111111 0.00625 0.004166666666666667
0 0.107421875 0.4722222222222222 0.107421875 0.15555555555555556
0 0.207421875 0.39791666666666664 0.026171875 0.059027777777777776
0 0.316796875 0.39166666666666666 0.043359375 0.044444444444444446
0 0.584375 0.3840277777777778 0.05546875 0.07569444444444444
0 0.537890625 0.3854166666666667 0.021484375 0.049305555555555554
0 0.494921875 0.36944444444444446 0.021484375 0.025
0 0.501171875 0.33611111111111114 0.015234375 0.006944444444444444
0 0.472265625 0.34652777777777777 0.005078125 0.010416666666666666
2 0.83515625 0.3486111111111111 0.009375 0.05416666666666667
0 0.451171875 0.34930555555555554 0.006640625 0.013194444444444444
