1 0.383984375 0.37777777777777777 0.020703125 0.030555555555555555
0 0.34609375 0.43125 0.02890625 0.04652777777777778
0 0.27890625 0.45625 0.05390625 0.07430555555555556
0 0.134375 0.48680555555555555 0.134375 0.13125
0 0.419921875 0.46458333333333335 0.054296875 0.07847222222222222
4 0.59609375 0.3798611111111111 0.11015625 0.17708333333333334
0 0.891796875 0.6166666666666667 0.105859375 0.25277777777777777
9 0.335546875 0.33541666666666664 0.006640625 0.014583333333333334
9 0.43203125 0.3611111111111111 0.00625 0.0125
9 0.4671875 0.3597222222222222 0.0046875 0.009722222222222222
