9 0.4390625 0.3388888888888889 0.00390625 0.004166666666666667
9 0.404296875 0.36944444444444446 0.002734375 0.006944444444444444
9 0.384765625 0.3423611111111111 0.005078125 0.007638888888888889
9 0.29765625 0.29305555555555557 0.009375 0.015277777777777777
9 0.68203125 0.31527777777777777 0.00390625 0.006944444444444444
9 0.7578125 0.3145833333333333 0.00390625 0.00625
9 0.3375 0.18888888888888888 0.01484375 0.020833333333333332
8 0.3 0.3333333333333333 0.0078125 0.013888888888888888
8 0.5109375 0.3236111111111111 0.00625 0.013888888888888888
9 0.6171875 0.3076388888888889 0.00546875 0.007638888888888889
0 0.398828125 0.38958333333333334 0.004296875 0.007638888888888889
0 0.371875 0.39305555555555555 0.00703125 0.008333333333333333
0 0.359765625 0.38958333333333334 0.005078125 0.010416666666666666
0 0.33671875 0.3972222222222222 0.0078125 0.006944444444444444
0 0.31640625 0.40555555555555556 0.0046875 0.009722222222222222
0 0.42890625 0.39791666666666664 0.01015625 0.013194444444444444
0 0.451171875 0.4013888888888889 0.011328125 0.016666666666666666
0 0.46875 0.3993055555555556 0.00625 0.021527777777777778
0 0.4765625 0.4 0.00625 0.025
0 0.2703125 0.4111111111111111 0.01171875 0.011111111111111112
0 0.24609375 0.4125 0.0109375 0.0125
0 0.230078125 0.41875 0.012109375 0.01597222222222222
0 0.184765625 0.41805555555555557 0.008984375 0.027777777777777776
0 0.059375 0.45 0.025 0.022222222222222223
4 0.1296875 0.41388888888888886 0.04921875 0.05694444444444444
0 0.5 0.40347222222222223 0.0234375 0.035416666666666666
2 0.53984375 0.38263888888888886 0.003125 0.017361111111111112
2 0.5421875 0.3993055555555556 0.00390625 0.027083333333333334
0 0.92890625 0.46041666666666664 0.06953125 0.21736111111111112
