4 0.265234375 0.49166666666666664 0.088671875 0.08888888888888889
0 0.005078125 0.5986111111111111 0.005078125 0.059722222222222225
0 0.898828125 0.5465277777777777 0.099609375 0.15763888888888888
0 0.7734375 0.5347222222222222 0.0625 0.07222222222222222
0 0.17109375 0.4861111111111111 0.02265625 0.029166666666666667
0 0.170703125 0.47847222222222224 0.032421875 0.024305555555555556
0 0.7421875 0.425 0.05390625 0.059722222222222225
0 0.562109375 0.47152777777777777 0.016796875 0.024305555555555556
0 0.53984375 0.48125 0.00546875 0.011805555555555555
0 0.530078125 0.4826388888888889 0.005078125 0.00625
0 0.5203125 0.4861111111111111 0.00546875 0.009722222222222222
0 0.51015625 0.4847222222222222 0.00625 0.008333333333333333
0 0.503125 0.4861111111111111 0.00546875 0.009722222222222222
0 0.491796875 0.4875 0.008203125 0.008333333333333333
0 0.425 0.475 0.00546875 0.008333333333333333
0 0.4171875 0.4736111111111111 0.0046875 0.009722222222222222
0 0.4359375 0.475 0.00390625 0.013888888888888888
0 0.453125 0.48194444444444445 0.015625 0.019444444444444445
0 0.595703125 0.4777777777777778 0.013671875 0.019444444444444445
4 0.69375 0.475 0.0546875 0.07777777777777778
9 0.659765625 0.3277777777777778 0.004296875 0.018055555555555554
9 0.38125 0.4326388888888889 0.00703125 0.009027777777777777
9 0.466015625 0.3548611111111111 0.004296875 0.017361111111111112
9 0.471484375 0.3548611111111111 0.004296875 0.014583333333333334
9 0.476171875 0.3548611111111111 0.001953125 0.014583333333333334
9 0.667578125 0.3277777777777778 0.003515625 0.019444444444444445
9 0.65234375 0.33055555555555555 0.0046875 0.019444444444444445
8 0.580859375 0.4048611111111111 0.007421875 0.013194444444444444
9 0.816015625 0.3229166666666667 0.007421875 0.014583333333333334
0 0.3171875 0.4479166666666667 0.02890625 0.04513888888888889
