8 0.0609375 0.11944444444444445 0.01171875 0.015277777777777777
8 0.05234375 0.20347222222222222 0.0203125 0.014583333333333334
9 0.0234375 0.2465277777777778 0.0125 0.02013888888888889
9 0.790625 0.3076388888888889 0.00859375 0.02013888888888889
9 0.401171875 0.32430555555555557 0.001953125 0.010416666666666666
9 0.4546875 0.32083333333333336 0.003125 0.011111111111111112
9 0.257421875 0.013194444444444444 0.011328125 0.011805555555555555
9 0.22265625 0.007638888888888889 0.01171875 0.007638888888888889
0 0.3125 0.4326388888888889 0.03984375 0.049305555555555554
0 0.433984375 0.4201388888888889 0.043359375 0.05625
0 0.562109375 0.43333333333333335 0.037890625 0.05555555555555555
0 0.90390625 0.4701388888888889 0.09453125 0.07152777777777777
0 0.34921875 0.41597222222222224 0.01171875 0.035416666666666666
0 0.3625 0.4111111111111111 0.009375 0.03333333333333333
0 0.375 0.40208333333333335 0.00703125 0.025694444444444443
0 0.391015625 0.40347222222222223 0.008203125 0.01875
0 0.51875 0.4222222222222222 0.0140625 0.03888888888888889
0 0.50390625 0.4152777777777778 0.009375 0.029166666666666667
0 0.489453125 0.4097222222222222 0.010546875 0.02638888888888889
