8 0.48359375 0.3923611111111111 0.003125 0.00625
8 0.51640625 0.2326388888888889 0.01328125 0.007638888888888889
8 0.508984375 0.27569444444444446 0.022265625 0.03680555555555556
8 0.566796875 0.37430555555555556 0.005078125 0.01597222222222222
0 0.030078125 0.4097222222222222 0.030078125 0.022222222222222223
0 0.124609375 0.41388888888888886 0.020703125 0.0125
0 0.26640625 0.40555555555555556 0.0078125 0.005555555555555556
0 0.28203125 0.4048611111111111 0.00703125 0.004861111111111111
0 0.3015625 0.40555555555555556 0.0078125 0.005555555555555556
0 0.344140625 0.4027777777777778 0.005859375 0.004166666666666667
0 0.36171875 0.4013888888888889 0.0046875 0.004166666666666667
0 0.429296875 0.40069444444444446 0.004296875 0.00625
0 0.41953125 0.4097222222222222 0.00625 0.011111111111111112
0 0.406640625 0.41388888888888886 0.008984375 0.016666666666666666
0 0.37109375 0.41597222222222224 0.0078125 0.01597222222222222
0 0.458984375 0.40555555555555556 0.002734375 0.008333333333333333
0 0.444921875 0.4236111111111111 0.017578125 0.027777777777777776
0 0.3859375 0.42430555555555555 0.01796875 0.024305555555555556
0 0.203515625 0.46875 0.085546875 0.08819444444444445
0 0.59296875 0.44930555555555557 0.03984375 0.04791666666666667
0 0.880859375 0.28125 0.016015625 0.013194444444444444
8 0.84921875 0.24722222222222223 0.0078125 0.013888888888888888
8 0.97578125 0.20069444444444445 0.00625 0.009027777777777777
8 0.97578125 0.21736111111111112 0.0046875 0.004861111111111111
8 0.45546875 0.36180555555555555 0.00390625 0.00625
8 0.71015625 0.2659722222222222 0.003125 0.013194444444444444
8 0.580078125 0.3909722222222222 0.009765625 0.004861111111111111
8 0.505078125 0.39375 0.001953125 0.004861111111111111
8 0.833984375 0.2534722222222222 0.003515625 0.007638888888888889
