8 0.094140625 0.44930555555555557 0.008203125 0.004861111111111111
8 0.086328125 0.46041666666666664 0.011328125 0.00625
8 0.084765625 0.4840277777777778 0.009765625 0.021527777777777778
8 0.08515625 0.5138888888888888 0.01015625 0.008333333333333333
8 0.8828125 0.28402777777777777 0.01953125 0.010416666666666666
8 0.881640625 0.2590277777777778 0.025390625 0.011805555555555555
9 0.555859375 0.1361111111111111 0.007421875 0.03888888888888889
9 0.26328125 0.3770833333333333 0.00390625 0.01875
9 0.541796875 0.1451388888888889 0.006640625 0.034027777777777775
9 0.091015625 0.41041666666666665 0.005859375 0.01875
9 0.27578125 0.3819444444444444 0.0046875 0.020833333333333332
8 0.5234375 0.4847222222222222 0.0046875 0.009722222222222222
8 0.511328125 0.46944444444444444 0.005078125 0.008333333333333333
0 0.40234375 0.5236111111111111 0.0078125 0.011111111111111112
0 0.39609375 0.5368055555555555 0.009375 0.014583333333333334
0 0.378515625 0.53125 0.005078125 0.014583333333333334
0 0.36796875 0.5319444444444444 0.00625 0.013888888888888888
0 0.359765625 0.5333333333333333 0.007421875 0.016666666666666666
0 0.346875 0.5388888888888889 0.01015625 0.018055555555555554
0 0.3265625 0.5493055555555556 0.01640625 0.022916666666666665
0 0.4265625 0.5298611111111111 0.0109375 0.009027777777777777
0 0.533203125 0.5305555555555556 0.035546875 0.022222222222222223
0 0.60703125 0.5347222222222222 0.05 0.027777777777777776
0 0.86796875 0.5479166666666667 0.08515625 0.03958333333333333
0 0.094140625 0.6645833333333333 0.094140625 0.21319444444444444
0 0.433203125 0.5506944444444445 0.016796875 0.025694444444444443
9 0.88203125 0.20416666666666666 0.0125 0.03194444444444444
9 0.20546875 0.5201388888888889 0.0046875 0.007638888888888889
9 0.355078125 0.4861111111111111 0.003515625 0.008333333333333333
9 0.42890625 0.4791666666666667 0.0046875 0.008333333333333333
