8 0.3 0.4875 0.00546875 0.011111111111111112
8 0.627734375 0.3576388888888889 0.008984375 0.013194444444444444
8 0.64765625 0.35625 0.01015625 0.011805555555555555
8 0.888671875 0.4027777777777778 0.035546875 0.015277777777777777
8 0.765234375 0.4625 0.006640625 0.013888888888888888
8 0.59921875 0.46597222222222223 0.00625 0.01597222222222222
9 0.496875 0.4534722222222222 0.003125 0.010416666666666666
9 0.525 0.43194444444444446 0.0078125 0.004166666666666667
9 0.566796875 0.42777777777777776 0.007421875 0.005555555555555556
9 0.6109375 0.44930555555555557 0.0046875 0.004861111111111111
9 0.862890625 0.4270833333333333 0.002734375 0.009027777777777777
2 0.8890625 0.48055555555555557 0.01796875 0.019444444444444445
0 0.451171875 0.5993055555555555 0.085546875 0.14097222222222222
0 0.8171875 0.7083333333333334 0.18125 0.20972222222222223
0 0.9484375 0.5090277777777777 0.046875 0.06458333333333334
0 0.09921875 0.5756944444444444 0.09921875 0.06458333333333334
0 0.19921875 0.5493055555555556 0.0671875 0.04375
0 0.262109375 0.5319444444444444 0.051953125 0.03333333333333333
0 0.315625 0.5180555555555556 0.0265625 0.0125
8 0.3484375 0.4847222222222222 0.00859375 0.005555555555555556
0 0.541015625 0.5263888888888889 0.020703125 0.02638888888888889
0 0.5875 0.5208333333333334 0.0171875 0.019444444444444445
0 0.693359375 0.5347222222222222 0.044921875 0.05
0 0.7609375 0.5 0.03125 0.020833333333333332
0 0.653125 0.5354166666666667 0.02109375 0.027083333333333334
0 0.629296875 0.5215277777777778 0.008203125 0.022916666666666665
4 0.641796875 0.5041666666666667 0.034765625 0.03611111111111111
0 0.5703125 0.51875 0.00390625 0.01875
8 0.52265625 0.46111111111111114 0.00546875 0.013888888888888888
8 0.030859375 0.4777777777777778 0.005859375 0.015277777777777777
8 0.043359375 0.47638888888888886 0.005078125 0.013888888888888888
0 0.5203125 0.5236111111111111 0.00703125 0.015277777777777777
9 0.3890625 0.4375 0.00625 0.009722222222222222
