0 0.154296875 0.60625 0.154296875 0.2465277777777778
4 0.1515625 0.33402777777777776 0.1515625 0.16180555555555556
0 0.228515625 0.4673611111111111 0.098046875 0.10902777777777778
0 0.328515625 0.46944444444444444 0.030859375 0.0763888888888889
0 0.3609375 0.4548611111111111 0.02109375 0.05763888888888889
0 0.3734375 0.4583333333333333 0.00859375 0.0375
0 0.40234375 0.47152777777777777 0.021875 0.07152777777777777
0 0.446484375 0.39791666666666664 0.027734375 0.01875
0 0.46796875 0.5125 0.075 0.10972222222222222
0 0.529296875 0.4444444444444444 0.015234375 0.03333333333333333
0 0.548828125 0.46319444444444446 0.013671875 0.06041666666666667
0 0.58515625 0.46458333333333335 0.04453125 0.07430555555555556
0 0.649609375 0.50625 0.077734375 0.08541666666666667
8 0.79375 0.22777777777777777 0.01796875 0.02638888888888889
9 0.4375 0.325 0.0078125 0.013888888888888888
8 0.564453125 0.32569444444444445 0.009765625 0.010416666666666666
9 0.203515625 0.30833333333333335 0.005859375 0.013888888888888888
9 0.2125 0.3076388888888889 0.0046875 0.02013888888888889
8 0.55625 0.35833333333333334 0.009375 0.006944444444444444
9 0.565625 0.3784722222222222 0.0078125 0.011805555555555555
9 0.389453125 0.37083333333333335 0.003515625 0.011111111111111112
