8 0.05234375 0.14652777777777778 0.046875 0.022916666666666665
8 0.27890625 0.36319444444444443 0.00703125 0.01597222222222222
8 0.64921875 0.4375 0.00703125 0.015277777777777777
8 0.643359375 0.22430555555555556 0.023828125 0.029861111111111113
8 0.748046875 0.21875 0.013671875 0.027083333333333334
8 0.8125 0.2722222222222222 0.03515625 0.016666666666666666
8 0.884375 0.2916666666666667 0.021875 0.02361111111111111
8 0.88515625 0.32430555555555557 0.01875 0.011805555555555555
8 0.72265625 0.41041666666666665 0.0078125 0.014583333333333334
8 0.545703125 0.425 0.009765625 0.006944444444444444
8 0.392578125 0.4166666666666667 0.008984375 0.006944444444444444
8 0.3890625 0.44375 0.00234375 0.007638888888888889
9 0.60546875 0.22083333333333333 0.009375 0.03611111111111111
9 0.103125 0.10555555555555556 0.01171875 0.04583333333333333
9 0.12578125 0.11388888888888889 0.01015625 0.041666666666666664
9 0.9140625 0.40555555555555556 0.0078125 0.018055555555555554
9 0.89609375 0.40555555555555556 0.0078125 0.018055555555555554
9 0.519140625 0.41388888888888886 0.002734375 0.009722222222222222
9 0.415625 0.41458333333333336 0.00390625 0.010416666666666666
0 0.983203125 0.5520833333333334 0.014453125 0.05486111111111111
0 0.395703125 0.48194444444444445 0.015234375 0.019444444444444445
0 0.35859375 0.4840277777777778 0.01171875 0.014583333333333334
0 0.327734375 0.4840277777777778 0.016796875 0.02013888888888889
0 0.25546875 0.4861111111111111 0.03359375 0.034722222222222224
0 0.14609375 0.49444444444444446 0.05859375 0.05555555555555555
0 0.4234375 0.4625 0.00625 0.018055555555555554
0 0.442578125 0.4722222222222222 0.012890625 0.027777777777777776
0 0.469140625 0.4888888888888889 0.012109375 0.019444444444444445
0 0.5359375 0.4930555555555556 0.01015625 0.03333333333333333
0 0.55078125 0.49583333333333335 0.01328125 0.03333333333333333
0 0.56484375 0.5041666666666667 0.01875 0.03888888888888889
0 0.64765625 0.5111111111111111 0.0203125 0.041666666666666664
0 0.81796875 0.5381944444444444 0.04453125 0.05347222222222222
0 0.72421875 0.5361111111111111 0.0609375 0.08333333333333333
0 0.606640625 0.51875 0.042578125 0.052083333333333336
0 0.50078125 0.5006944444444444 0.02734375 0.04236111111111111
9 0.77734375 0.225 0.0078125 0.025
