0 0.2453125 0.4270833333333333 0.01796875 0.024305555555555556
0 0.183984375 0.4548611111111111 0.070703125 0.04097222222222222
0 0.31484375 0.47152777777777777 0.0390625 0.05347222222222222
0 0.521875 0.4527777777777778 0.01953125 0.03888888888888889
1 0.454296875 0.4215277777777778 0.050390625 0.11458333333333333
9 0.349609375 0.28402777777777777 0.004296875 0.01875
9 0.185546875 0.13402777777777777 0.008984375 0.03958333333333333
9 0.3765625 0.35555555555555557 0.00390625 0.011111111111111112
9 0.519921875 0.24861111111111112 0.003515625 0.020833333333333332
9 0.65546875 0.3729166666666667 0.00546875 0.013194444444444444
9 0.52734375 0.3861111111111111 0.0015625 0.006944444444444444
8 0.63984375 0.30069444444444443 0.01171875 0.004861111111111111
9 0.843359375 0.3263888888888889 0.016796875 0.027777777777777776
8 0.81171875 0.1736111111111111 0.02421875 0.016666666666666666
8 0.8203125 0.19236111111111112 0.00625 0.013194444444444444
8 0.83359375 0.22291666666666668 0.0171875 0.013194444444444444
8 0.82109375 0.23819444444444443 0.01328125 0.014583333333333334
0 0.94140625 0.4534722222222222 0.05625 0.07291666666666667
2 0.975390625 0.4736111111111111 0.019921875 0.0875
2 0.229296875 0.46041666666666664 0.019921875 0.06875
2 0.0828125 0.4423611111111111 0.00546875 0.029861111111111113
2 0.07578125 0.4479166666666667 0.00625 0.02847222222222222
2 0.05859375 0.44027777777777777 0.00625 0.030555555555555555
8 0.12109375 0.325 0.009375 0.004166666666666667
8 0.124609375 0.33819444444444446 0.005078125 0.004861111111111111
8 0.108984375 0.34375 0.010546875 0.00625
9 0.110546875 0.29375 0.007421875 0.009027777777777777
7 0.610546875 0.4534722222222222 0.015234375 0.04652777777777778
3 0.604296875 0.4777777777777778 0.021484375 0.020833333333333332
0 0.060546875 0.6201388888888889 0.060546875 0.1951388888888889
