9 0.2921875 0.1638888888888889 0.01015625 0.03194444444444444
9 0.2671875 0.3854166666666667 0.01015625 0.01597222222222222
9 0.61640625 0.21458333333333332 0.0078125 0.027083333333333334
9 0.4765625 0.3784722222222222 0.00390625 0.010416666666666666
9 0.498046875 0.4041666666666667 0.004296875 0.008333333333333333
9 0.278515625 0.16666666666666666 0.005859375 0.02638888888888889
9 0.307421875 0.16805555555555557 0.006640625 0.027777777777777776
9 0.628125 0.21458333333333332 0.0046875 0.021527777777777778
9 0.603515625 0.2125 0.006640625 0.02361111111111111
8 0.194140625 0.16319444444444445 0.022265625 0.034027777777777775
8 0.170703125 0.34791666666666665 0.012109375 0.02013888888888889
8 0.171875 0.3840277777777778 0.00859375 0.02013888888888889
8 0.701171875 0.31527777777777777 0.010546875 0.009722222222222222
8 0.690625 0.34791666666666665 0.00859375 0.02013888888888889
8 0.623046875 0.3854166666666667 0.008984375 0.01597222222222222
8 0.651171875 0.24444444444444444 0.026171875 0.015277777777777777
8 0.1015625 0.12430555555555556 0.003125 0.050694444444444445
8 0.410546875 0.4048611111111111 0.006640625 0.01597222222222222
8 0.601953125 0.3215277777777778 0.008984375 0.02847222222222222
9 0.8859375 0.30694444444444446 0.015625 0.025
0 0.40234375 0.44722222222222224 0.01796875 0.030555555555555555
0 0.58359375 0.4361111111111111 0.0078125 0.009722222222222222
0 0.512109375 0.43472222222222223 0.008203125 0.008333333333333333
0 0.5015625 0.4354166666666667 0.00859375 0.010416666666666666
0 0.494140625 0.43472222222222223 0.008203125 0.008333333333333333
0 0.482421875 0.43194444444444446 0.008203125 0.013888888888888888
0 0.477734375 0.43680555555555556 0.005859375 0.010416666666666666
0 0.947265625 0.4479166666666667 0.051171875 0.04236111111111111
0 0.3421875 0.48194444444444445 0.05546875 0.06527777777777778
0 0.6125 0.45208333333333334 0.021875 0.027083333333333334
0 0.566015625 0.4423611111111111 0.014453125 0.02013888888888889
0 0.52421875 0.4375 0.01171875 0.020833333333333332
0 0.819140625 0.5097222222222222 0.098046875 0.09305555555555556
0 0.069140625 0.5090277777777777 0.069140625 0.0798611111111111
8 0.81328125 0.3194444444444444 0.01484375 0.011111111111111112
8 0.8109375 0.3451388888888889 0.0078125 0.022916666666666665
8 0.972265625 0.3416666666666667 0.016015625 0.03333333333333333
0 0.591796875 0.45208333333333334 0.008984375 0.02013888888888889
0 0.46796875 0.44027777777777777 0.01015625 0.0125
9 0.43203125 0.4131944444444444 0.00546875 0.007638888888888889
