8 0.46484375 0.4979166666666667 0.003125 0.010416666666666666
8 0.6984375 0.4756944444444444 0.00546875 0.004861111111111111
8 0.721875 0.48055555555555557 0.0046875 0.016666666666666666
8 0.80859375 0.45 0.00703125 0.02638888888888889
0 0.532421875 0.5583333333333333 0.007421875 0.0125
0 0.5171875 0.5590277777777778 0.009375 0.017361111111111112
0 0.61796875 0.5631944444444444 0.00703125 0.017361111111111112
0 0.736328125 0.5930555555555556 0.039453125 0.06805555555555555
0 0.811328125 0.6027777777777777 0.076171875 0.09583333333333334
0 0.912109375 0.7298611111111111 0.086328125 0.08958333333333333
0 0.57734375 0.5847222222222223 0.03828125 0.059722222222222225
0 0.633203125 0.5659722222222222 0.015234375 0.02013888888888889
0 0.49375 0.5590277777777778 0.01328125 0.022916666666666665
0 0.34765625 0.5736111111111111 0.0484375 0.05694444444444444
0 0.101171875 0.6083333333333333 0.101171875 0.1111111111111111
8 0.5296875 0.5291666666666667 0.003125 0.006944444444444444
