8 0.042578125 0.23958333333333334 0.037109375 0.017361111111111112
9 0.10390625 0.19305555555555556 0.009375 0.03333333333333333
9 0.125 0.19027777777777777 0.01015625 0.03611111111111111
9 0.09296875 0.19444444444444445 0.00625 0.04027777777777778
9 0.828125 0.25625 0.00546875 0.029861111111111113
8 0.859765625 0.30277777777777776 0.023046875 0.013888888888888888
9 0.856640625 0.3888888888888889 0.010546875 0.0125
8 0.816796875 0.31527777777777777 0.008203125 0.013888888888888888
0 0.41875 0.5027777777777778 0.03203125 0.05
0 0.6453125 0.47708333333333336 0.0125 0.013194444444444444
0 0.6671875 0.5173611111111112 0.02578125 0.04236111111111111
1 0.3828125 0.44166666666666665 0.02890625 0.03888888888888889
1 0.23515625 0.45208333333333334 0.11640625 0.1451388888888889
0 0.11171875 0.5694444444444444 0.11171875 0.12361111111111112
0 0.330859375 0.5527777777777778 0.083203125 0.09166666666666666
1 0.547265625 0.4465277777777778 0.099609375 0.19791666666666666
2 0.678125 0.46944444444444444 0.00546875 0.016666666666666666
2 0.671875 0.5159722222222223 0.0140625 0.06458333333333334
2 0.74296875 0.4840277777777778 0.00625 0.04097222222222222
2 0.8203125 0.5201388888888889 0.01328125 0.06736111111111111
2 0.8484375 0.46319444444444446 0.00625 0.017361111111111112
2 0.84375 0.5270833333333333 0.01328125 0.06597222222222222
2 0.759375 0.4798611111111111 0.00546875 0.02847222222222222
