8 0.09921875 0.3909722222222222 0.0203125 0.011805555555555555
8 0.344140625 0.4048611111111111 0.016796875 0.034027777777777775
8 0.51875 0.4638888888888889 0.0078125 0.015277777777777777
8 0.096875 0.43472222222222223 0.0109375 0.027777777777777776
2 0.227734375 0.5590277777777778 0.014453125 0.04652777777777778
2 0.572265625 0.5409722222222222 0.003515625 0.024305555555555556
2 0.559765625 0.5409722222222222 0.002734375 0.02847222222222222
2 0.531640625 0.5430555555555555 0.005859375 0.029166666666666667
2 0.514453125 0.5402777777777777 0.005859375 0.03333333333333333
0 0.450390625 0.5486111111111112 0.029296875 0.041666666666666664
0 0.62265625 0.5423611111111111 0.01171875 0.035416666666666666
0 0.646875 0.5472222222222223 0.02265625 0.05555555555555555
0 0.78125 0.54375 0.128125 0.20347222222222222
8 0.805859375 0.27847222222222223 0.008984375 0.024305555555555556
0 0.889453125 0.6493055555555556 0.108203125 0.23958333333333334
