0 0.241015625 0.45555555555555555 0.010546875 0.019444444444444445
0 0.43828125 0.44513888888888886 0.00859375 0.01597222222222222
0 0.416015625 0.45555555555555555 0.019921875 0.02638888888888889
0 0.498046875 0.45208333333333334 0.012109375 0.01875
0 0.521875 0.45902777777777776 0.01953125 0.025694444444444443
0 0.575390625 0.46805555555555556 0.033203125 0.05277777777777778
0 0.200390625 0.4527777777777778 0.030078125 0.03194444444444444
0 0.108984375 0.475 0.044921875 0.03888888888888889
0 0.352734375 0.46041666666666664 0.046484375 0.06458333333333334
0 0.6359375 0.49444444444444446 0.05390625 0.0625
0 0.86640625 0.5736111111111111 0.13203125 0.14027777777777778
0 0.462890625 0.44722222222222224 0.008984375 0.009722222222222222
2 0.113671875 0.4236111111111111 0.006640625 0.0125
2 0.26875 0.4409722222222222 0.003125 0.01597222222222222
8 0.55078125 0.38958333333333334 0.0046875 0.01597222222222222
8 0.716796875 0.02013888888888889 0.070703125 0.02013888888888889
