4 0.44140625 0.28055555555555556 0.109375 0.28055555555555556
0 0.284765625 0.3013888888888889 0.028515625 0.03194444444444444
0 0.2140625 0.30972222222222223 0.05390625 0.05
0 0.03125 0.3451388888888889 0.03046875 0.02847222222222222
2 0.1015625 0.29930555555555555 0.00703125 0.011805555555555555
2 0.762109375 0.27847222222222223 0.012890625 0.05486111111111111
2 0.809375 0.2951388888888889 0.01640625 0.09097222222222222
2 0.824609375 0.33125 0.023828125 0.11041666666666666
2 0.91171875 0.3173611111111111 0.01640625 0.09097222222222222
0 0.558203125 0.2625 0.007421875 0.022222222222222223
8 0.012890625 0.2375 0.008203125 0.011111111111111112
8 0.2546875 0.22291666666666668 0.00546875 0.00625
8 0.311328125 0.23680555555555555 0.005078125 0.007638888888888889
0 0.130078125 0.46041666666666664 0.128515625 0.14930555555555555
0 0.148046875 0.3055555555555556 0.013671875 0.008333333333333333
2 0.066015625 0.2902777777777778 0.009765625 0.015277777777777777
2 0.4203125 0.3993055555555556 0.03203125 0.15763888888888888
