0 0.58046875 0.5347222222222222 0.00546875 0.006944444444444444
0 0.580859375 0.5430555555555555 0.004296875 0.005555555555555556
0 0.568359375 0.5416666666666666 0.004296875 0.009722222222222222
0 0.52578125 0.5451388888888888 0.00546875 0.010416666666666666
0 0.483203125 0.5402777777777777 0.005859375 0.009722222222222222
0 0.31015625 0.5430555555555555 0.015625 0.015277777777777777
0 0.366796875 0.5618055555555556 0.038671875 0.04375
0 0.465625 0.5423611111111111 0.0125 0.021527777777777778
0 0.509765625 0.5444444444444444 0.011328125 0.015277777777777777
0 0.593359375 0.5402777777777777 0.005859375 0.009722222222222222
0 0.546875 0.5555555555555556 0.01796875 0.025
0 0.887109375 0.6993055555555555 0.110546875 0.21180555555555555
8 0.47109375 0.2673611111111111 0.09921875 0.059027777777777776
8 0.91015625 0.40625 0.0359375 0.059027777777777776
