0 0.94921875 0.5868055555555556 0.01484375 0.010416666666666666
8 0.74296875 0.044444444444444446 0.20390625 0.044444444444444446
8 0.375 0.5326388888888889 0.00546875 0.009027777777777777
8 0.180078125 0.5180555555555556 0.019140625 0.02361111111111111
1 0.39140625 0.55625 0.0078125 0.011805555555555555
0 0.371875 0.5625 0.0109375 0.006944444444444444
0 0.35 0.5597222222222222 0.00859375 0.006944444444444444
0 0.33125 0.5618055555555556 0.009375 0.009027777777777777
0 0.306640625 0.5548611111111111 0.014453125 0.017361111111111112
0 0.2875 0.5590277777777778 0.00546875 0.013194444444444444
0 0.263671875 0.5590277777777778 0.005078125 0.007638888888888889
0 0.2453125 0.5583333333333333 0.01328125 0.015277777777777777
0 0.215625 0.5583333333333333 0.01640625 0.016666666666666666
0 0.18203125 0.5576388888888889 0.02109375 0.01875
0 0.134375 0.5583333333333333 0.015625 0.009722222222222222
0 0.08984375 0.5555555555555556 0.01796875 0.015277777777777777
0 0.070703125 0.5486111111111112 0.011328125 0.0125
0 0.047265625 0.5520833333333334 0.019140625 0.01597222222222222
0 0.013671875 0.5534722222222223 0.012890625 0.017361111111111112
0 0.484765625 0.5729166666666666 0.006640625 0.010416666666666666
0 0.49765625 0.5590277777777778 0.0078125 0.009027777777777777
0 0.517578125 0.5673611111111111 0.006640625 0.007638888888888889
0 0.5265625 0.56875 0.00703125 0.009027777777777777
0 0.73203125 0.6138888888888889 0.021875 0.04722222222222222
0 0.50078125 0.5868055555555556 0.0140625 0.02013888888888889
0 0.446484375 0.60625 0.042578125 0.06597222222222222
0 0.625390625 0.5708333333333333 0.088671875 0.1527777777777778
