0 0.320703125 0.5465277777777777 0.012109375 0.014583333333333334
0 0.215234375 0.5548611111111111 0.019140625 0.01597222222222222
1 0.108984375 0.5375 0.058984375 0.05138888888888889
0 0.41328125 0.5534722222222223 0.01015625 0.014583333333333334
0 0.5890625 0.5215277777777778 0.0171875 0.010416666666666666
0 0.6453125 0.5284722222222222 0.01328125 0.014583333333333334
0 0.684765625 0.5208333333333334 0.033984375 0.025
0 0.773828125 0.5201388888888889 0.065234375 0.034027777777777775
0 0.445703125 0.5979166666666667 0.033984375 0.04791666666666667
8 0.59296875 0.3819444444444444 0.03125 0.05
8 0.6671875 0.38055555555555554 0.03515625 0.05138888888888889
8 0.51484375 0.5034722222222222 0.0109375 0.014583333333333334
9 0.533984375 0.4548611111111111 0.004296875 0.01597222222222222
0 0.5390625 0.49027777777777776 0.003125 0.016666666666666666
0 0.5671875 0.4597222222222222 0.003125 0.018055555555555554
9 0.6015625 0.4625 0.00390625 0.013888888888888888
9 0.5765625 0.45625 0.00390625 0.013194444444444444
