8 0.661328125 0.4791666666666667 0.016796875 0.027777777777777776
8 0.599609375 0.5076388888888889 0.019140625 0.014583333333333334
8 0.47109375 0.5034722222222222 0.00390625 0.00625
8 0.383984375 0.5222222222222223 0.006640625 0.005555555555555556
0 0.510546875 0.5506944444444445 0.002734375 0.00625
0 0.49609375 0.5486111111111112 0.0046875 0.006944444444444444
0 0.48984375 0.5597222222222222 0.0046875 0.011111111111111112
0 0.365234375 0.5520833333333334 0.008203125 0.007638888888888889
0 0.328515625 0.5638888888888889 0.023828125 0.030555555555555555
0 0.38828125 0.5583333333333333 0.01328125 0.019444444444444445
1 0.42265625 0.5458333333333333 0.0203125 0.03611111111111111
0 0.0703125 0.5618055555555556 0.0328125 0.029861111111111113
0 0.206640625 0.5826388888888889 0.107421875 0.13541666666666666
0 0.008984375 0.5576388888888889 0.008984375 0.02847222222222222
0 0.4640625 0.5763888888888888 0.02734375 0.043055555555555555
0 0.90546875 0.5618055555555556 0.009375 0.007638888888888889
