0 0.330078125 0.5284722222222222 0.005078125 0.007638888888888889
0 0.313671875 0.5222222222222223 0.004296875 0.005555555555555556
0 0.346875 0.5159722222222223 0.0046875 0.004861111111111111
0 0.35390625 0.5229166666666667 0.0046875 0.007638888888888889
0 0.36328125 0.5277777777777778 0.0078125 0.006944444444444444
0 0.383984375 0.5291666666666667 0.008203125 0.008333333333333333
0 0.37578125 0.5402777777777777 0.0046875 0.0125
0 0.396484375 0.5409722222222222 0.007421875 0.010416666666666666
0 0.40625 0.5493055555555556 0.0078125 0.01875
1 0.46015625 0.5423611111111111 0.0109375 0.02013888888888889
0 0.48671875 0.55625 0.01328125 0.01597222222222222
0 0.225390625 0.5347222222222222 0.013671875 0.013888888888888888
0 0.4328125 0.5847222222222223 0.03359375 0.05277777777777778
0 0.516015625 0.5597222222222222 0.020703125 0.025
0 0.578515625 0.5826388888888889 0.029296875 0.03125
0 0.810546875 0.6305555555555555 0.090234375 0.08472222222222223
0 0.3640625 0.55 0.0140625 0.018055555555555554
0 0.308984375 0.5368055555555555 0.008984375 0.009027777777777777
1 0.41796875 0.5208333333333334 0.0109375 0.011111111111111112
0 0.29453125 0.5208333333333334 0.00625 0.009722222222222222
8 0.594140625 0.5006944444444444 0.006640625 0.010416666666666666
8 0.17578125 0.35347222222222224 0.03515625 0.03263888888888889
8 0.187890625 0.4965277777777778 0.005078125 0.009027777777777777
0 0.4640625 0.5506944444444445 0.00625 0.010416666666666666
