3 0.69921875 0.5368055555555555 0.03359375 0.03958333333333333
2 0.202734375 0.6090277777777777 0.046484375 0.2076388888888889
2 0.559765625 0.5555555555555556 0.053515625 0.17222222222222222
2 0.454296875 0.5972222222222222 0.060546875 0.18194444444444444
2 0.3546875 0.55625 0.0265625 0.14097222222222222
2 0.315234375 0.5479166666666667 0.023046875 0.14375
2 0.091015625 0.6208333333333333 0.043359375 0.22361111111111112
2 0.704296875 0.5055555555555555 0.027734375 0.1361111111111111
2 0.7765625 0.4576388888888889 0.01015625 0.05347222222222222
2 0.742578125 0.46875 0.008984375 0.05347222222222222
2 0.14140625 0.5666666666666667 0.025 0.18194444444444444
2 0.278125 0.51875 0.0140625 0.12708333333333333
2 0.24375 0.5194444444444445 0.0234375 0.1388888888888889
2 0.605859375 0.5513888888888889 0.026171875 0.13055555555555556
2 0.6109375 0.4409722222222222 0.01171875 0.04375
2 0.642578125 0.4875 0.019921875 0.09583333333333334
2 0.492578125 0.46458333333333335 0.016796875 0.07152777777777777
2 0.50390625 0.42569444444444443 0.0109375 0.05347222222222222
2 0.437890625 0.5243055555555556 0.030078125 0.1451388888888889
2 0.39296875 0.4111111111111111 0.0109375 0.02638888888888889
2 0.379296875 0.5118055555555555 0.012890625 0.11875
2 0.319140625 0.40347222222222223 0.012890625 0.03263888888888889
2 0.08125 0.38819444444444445 0.02109375 0.03958333333333333
2 0.026171875 0.6208333333333333 0.026171875 0.24166666666666667
2 0.755859375 0.44375 0.008203125 0.04513888888888889
2 0.813671875 0.4527777777777778 0.012109375 0.05694444444444444
2 0.791796875 0.4527777777777778 0.008203125 0.05694444444444444
2 0.8328125 0.4534722222222222 0.00703125 0.04791666666666667
2 0.84453125 0.44930555555555557 0.0078125 0.04513888888888889
2 0.85859375 0.46041666666666664 0.0109375 0.07013888888888889
2 0.907421875 0.6215277777777778 0.066796875 0.2701388888888889
2 0.95546875 0.625 0.0328125 0.2638888888888889
2 0.965625 0.4215277777777778 0.0078125 0.02847222222222222
2 0.98515625 0.4409722222222222 0.009375 0.04513888888888889
7 0.680078125 0.48819444444444443 0.015234375 0.08402777777777778
