9 0.4578125 0.19305555555555556 0.00546875 0.025
9 0.333203125 0.2798611111111111 0.007421875 0.02013888888888889
9 0.469921875 0.19652777777777777 0.008203125 0.024305555555555556
9 0.330859375 0.3090277777777778 0.008203125 0.024305555555555556
9 0.328125 0.35833333333333334 0.0125 0.018055555555555554
8 0.33984375 0.42777777777777776 0.00703125 0.015277777777777777
8 0.625390625 0.19305555555555556 0.012109375 0.027777777777777776
8 0.630078125 0.2520833333333333 0.012109375 0.007638888888888889
8 0.61328125 0.2923611111111111 0.01015625 0.013194444444444444
8 0.63671875 0.28958333333333336 0.009375 0.013194444444444444
8 0.58046875 0.32430555555555557 0.00703125 0.010416666666666666
9 0.44453125 0.34652777777777777 0.00703125 0.010416666666666666
9 0.541015625 0.325 0.005078125 0.009722222222222222
0 0.35078125 0.43472222222222223 0.01328125 0.015277777777777777
0 0.44296875 0.3888888888888889 0.00859375 0.0125
0 0.42578125 0.4354166666666667 0.02421875 0.03958333333333333
0 0.315234375 0.44513888888888886 0.013671875 0.02013888888888889
0 0.29296875 0.4486111111111111 0.01875 0.022222222222222223
0 0.208203125 0.46041666666666664 0.031640625 0.04097222222222222
0 0.25859375 0.4701388888888889 0.0359375 0.03819444444444445
0 0.56015625 0.38958333333333334 0.01640625 0.027083333333333334
0 0.503515625 0.47152777777777777 0.071484375 0.1284722222222222
4 0.82421875 0.4361111111111111 0.1734375 0.4361111111111111
4 0.1203125 0.4534722222222222 0.11953125 0.45208333333333334
8 0.48984375 0.18819444444444444 0.01015625 0.025694444444444443
