9 0.3875 0.3875 0.0078125 0.011111111111111112
9 0.42109375 0.37916666666666665 0.00625 0.0125
8 0.537109375 0.39652777777777776 0.013671875 0.024305555555555556
8 0.25703125 0.35555555555555557 0.00625 0.0125
0 0.33203125 0.475 0.0203125 0.03333333333333333
0 0.301953125 0.49930555555555556 0.019921875 0.034027777777777775
0 0.275 0.5125 0.02265625 0.0375
0 0.21015625 0.5347222222222222 0.059375 0.07222222222222222
0 0.37421875 0.4395833333333333 0.015625 0.021527777777777778
0 0.387890625 0.4111111111111111 0.006640625 0.006944444444444444
