9 0.2734375 0.35833333333333334 0.0078125 0.0125
9 0.3609375 0.40694444444444444 0.00625 0.009722222222222222
9 0.368359375 0.4326388888888889 0.006640625 0.009027777777777777
9 0.319921875 0.44583333333333336 0.005859375 0.006944444444444444
9 0.485546875 0.35625 0.006640625 0.011805555555555555
9 0.49296875 0.42916666666666664 0.00625 0.009722222222222222
9 0.4515625 0.40694444444444444 0.00546875 0.009722222222222222
9 0.459375 0.44722222222222224 0.00546875 0.008333333333333333
9 0.470703125 0.4513888888888889 0.004296875 0.009722222222222222
9 0.246875 0.4305555555555556 0.00546875 0.009722222222222222
9 0.59140625 0.4083333333333333 0.00625 0.009722222222222222
8 0.235546875 0.33819444444444446 0.019140625 0.010416666666666666
8 0.295703125 0.42777777777777776 0.009765625 0.005555555555555556
8 0.4265625 0.44027777777777777 0.009375 0.008333333333333333
8 0.550390625 0.39861111111111114 0.007421875 0.013888888888888888
8 0.6015625 0.38125 0.00546875 0.00625
8 0.5953125 0.2965277777777778 0.00859375 0.01597222222222222
8 0.59609375 0.32013888888888886 0.009375 0.004861111111111111
9 0.50234375 0.3993055555555556 0.00390625 0.013194444444444444
9 0.2625 0.4597222222222222 0.00625 0.008333333333333333
0 0.162890625 0.5013888888888889 0.029296875 0.034722222222222224
0 0.114453125 0.5111111111111111 0.039453125 0.04027777777777778
0 0.0515625 0.5270833333333333 0.021875 0.03125
0 0.329296875 0.48194444444444445 0.008984375 0.025
0 0.34609375 0.4791666666666667 0.01015625 0.020833333333333332
0 0.403125 0.46597222222222223 0.01015625 0.014583333333333334
0 0.444140625 0.4736111111111111 0.005078125 0.009722222222222222
0 0.45859375 0.4722222222222222 0.00703125 0.011111111111111112
0 0.514453125 0.47708333333333336 0.015234375 0.022916666666666665
0 0.527734375 0.48194444444444445 0.012890625 0.02361111111111111
0 0.548046875 0.48055555555555557 0.012890625 0.03194444444444444
0 0.569921875 0.49166666666666664 0.016796875 0.0375
0 0.601953125 0.5041666666666667 0.034765625 0.04722222222222222
0 0.476171875 0.4756944444444444 0.008203125 0.011805555555555555
0 0.4296875 0.47708333333333336 0.0109375 0.01597222222222222
0 0.377734375 0.4722222222222222 0.019140625 0.02361111111111111
0 0.29765625 0.4965277777777778 0.03515625 0.03958333333333333
0 0.41484375 0.47708333333333336 0.00546875 0.01597222222222222
0 0.01796875 0.55 0.01796875 0.04861111111111111
1 0.812109375 0.3888888888888889 0.186328125 0.38472222222222224
