9 0.58125 0.30694444444444446 0.0046875 0.016666666666666666
9 0.3921875 0.3284722222222222 0.00390625 0.01875
9 0.592578125 0.3111111111111111 0.004296875 0.016666666666666666
0 0.4921875 0.47152777777777777 0.00625 0.014583333333333334
0 0.50859375 0.4736111111111111 0.0078125 0.0125
0 0.52734375 0.46597222222222223 0.01015625 0.01875
0 0.5859375 0.4375 0.04453125 0.0875
0 0.42734375 0.45625 0.0515625 0.07708333333333334
8 0.318359375 0.3819444444444444 0.005859375 0.004166666666666667
8 0.312890625 0.36875 0.006640625 0.00625
9 0.309765625 0.4041666666666667 0.005859375 0.009722222222222222
0 0.36875 0.4618055555555556 0.01171875 0.02013888888888889
0 0.334375 0.4548611111111111 0.02578125 0.03958333333333333
0 0.246484375 0.45902777777777776 0.041015625 0.05763888888888889
0 0.148828125 0.4673611111111111 0.062890625 0.06597222222222222
0 0.053515625 0.4736111111111111 0.053515625 0.08055555555555556
0 0.69296875 0.4722222222222222 0.04609375 0.05416666666666667
0 0.86328125 0.5201388888888889 0.090625 0.07708333333333334
0 0.96015625 0.5548611111111111 0.03984375 0.08541666666666667
9 0.83125 0.3909722222222222 0.0046875 0.010416666666666666
