0 0.88125 0.28680555555555554 0.1171875 0.15902777777777777
8 0.589453125 0.11597222222222223 0.007421875 0.02013888888888889
0 0.537890625 0.28541666666666665 0.020703125 0.025694444444444443
0 0.5015625 0.2743055555555556 0.0140625 0.022916666666666665
0 0.478125 0.27361111111111114 0.00859375 0.013888888888888888
0 0.452734375 0.27847222222222223 0.016796875 0.03125
0 0.426953125 0.2791666666666667 0.009765625 0.03194444444444444
0 0.39140625 0.29583333333333334 0.040625 0.05694444444444444
0 0.23515625 0.3020833333333333 0.0234375 0.025694444444444443
0 0.333984375 0.2847222222222222 0.012109375 0.025
8 0.591015625 0.1638888888888889 0.010546875 0.009722222222222222
9 0.521484375 0.12708333333333333 0.010546875 0.02013888888888889
9 0.344140625 0.1763888888888889 0.010546875 0.020833333333333332
9 0.05546875 0.12916666666666668 0.00703125 0.025
9 0.068359375 0.12916666666666668 0.005859375 0.02638888888888889
8 0.266796875 0.11319444444444444 0.012109375 0.010416666666666666
9 0.603125 0.22291666666666668 0.00859375 0.013194444444444444
9 0.6859375 0.1375 0.0140625 0.016666666666666666
9 0.10078125 0.26944444444444443 0.00546875 0.0125
