0 0.46640625 0.5534722222222223 0.0078125 0.010416666666666666
0 0.480078125 0.5638888888888889 0.007421875 0.0125
0 0.4921875 0.5666666666666667 0.0078125 0.015277777777777777
0 0.504296875 0.5722222222222222 0.011328125 0.020833333333333332
0 0.512890625 0.5743055555555555 0.011328125 0.022916666666666665
0 0.528125 0.5784722222222223 0.01640625 0.034027777777777775
0 0.553125 0.5819444444444445 0.0328125 0.04583333333333333
0 0.56328125 0.5930555555555556 0.02578125 0.04583333333333333
0 0.616796875 0.5979166666666667 0.049609375 0.06597222222222222
0 0.43828125 0.5520833333333334 0.00703125 0.010416666666666666
0 0.43203125 0.5597222222222222 0.0078125 0.0125
0 0.425 0.5659722222222222 0.009375 0.011805555555555555
0 0.412109375 0.5680555555555555 0.010546875 0.016666666666666666
0 0.391015625 0.56875 0.014453125 0.01875
0 0.36484375 0.5756944444444444 0.01640625 0.024305555555555556
0 0.33984375 0.5798611111111112 0.01875 0.03263888888888889
0 0.126171875 0.6041666666666666 0.073046875 0.09027777777777778
0 0.241015625 0.6131944444444445 0.090234375 0.10208333333333333
0 0.676953125 0.6263888888888889 0.072265625 0.07916666666666666
0 0.451171875 0.5534722222222223 0.011328125 0.009027777777777777
9 0.9 0.3861111111111111 0.015625 0.027777777777777776
9 0.46796875 0.5097222222222222 0.00625 0.015277777777777777
8 0.575390625 0.3923611111111111 0.008203125 0.02013888888888889
8 0.575390625 0.42569444444444443 0.008203125 0.01875
8 0.48515625 0.5090277777777777 0.0078125 0.007638888888888889
8 0.78515625 0.025 0.0859375 0.025
