8 0.41015625 0.30694444444444446 0.0125 0.020833333333333332
8 0.123046875 0.20555555555555555 0.049609375 0.08888888888888889
8 0.026171875 0.2111111111111111 0.026171875 0.08888888888888889
8 0.937890625 0.25763888888888886 0.017578125 0.01597222222222222
8 0.940625 0.21805555555555556 0.0296875 0.016666666666666666
9 0.980859375 0.2423611111111111 0.014453125 0.02013888888888889
9 0.98984375 0.07916666666666666 0.009375 0.06111111111111111
8 0.805078125 0.27152777777777776 0.002734375 0.04236111111111111
8 0.383984375 0.32708333333333334 0.009765625 0.010416666666666666
0 0.448046875 0.3659722222222222 0.018359375 0.025694444444444443
0 0.365625 0.3958333333333333 0.04921875 0.058333333333333334
0 0.16953125 0.4486111111111111 0.1265625 0.12777777777777777
1 0.658984375 0.2965277777777778 0.144921875 0.2798611111111111
4 0.899609375 0.3347222222222222 0.099609375 0.05138888888888889
