0 0.67578125 0.4597222222222222 0.053125 0.05555555555555555
0 0.489453125 0.45208333333333334 0.020703125 0.024305555555555556
0 0.43046875 0.4486111111111111 0.015625 0.020833333333333332
0 0.269140625 0.45625 0.018359375 0.024305555555555556
0 0.3125 0.45555555555555555 0.0234375 0.02361111111111111
0 0.3421875 0.4395833333333333 0.00625 0.01597222222222222
0 0.3625 0.4388888888888889 0.01171875 0.013888888888888888
0 0.393359375 0.44027777777777777 0.009765625 0.0125
0 0.51953125 0.4375 0.01015625 0.015277777777777777
0 0.457421875 0.4354166666666667 0.007421875 0.010416666666666666
8 0.41171875 0.38819444444444445 0.00546875 0.013194444444444444
