9 0.367578125 0.21388888888888888 0.004296875 0.015277777777777777
9 0.474609375 0.2569444444444444 0.003515625 0.011111111111111112
9 0.4046875 0.30694444444444446 0.003125 0.008333333333333333
9 0.291796875 0.22847222222222222 0.003515625 0.017361111111111112
9 0.248828125 0.1951388888888889 0.005859375 0.022916666666666665
9 0.379296875 0.21944444444444444 0.003515625 0.015277777777777777
9 0.670703125 0.3284722222222222 0.007421875 0.011805555555555555
9 0.19609375 0.2826388888888889 0.00546875 0.011805555555555555
8 0.822265625 0.24791666666666667 0.018359375 0.01597222222222222
8 0.822265625 0.20625 0.012890625 0.02013888888888889
8 0.656640625 0.3 0.015234375 0.016666666666666666
8 0.66796875 0.2673611111111111 0.0078125 0.007638888888888889
8 0.65859375 0.25277777777777777 0.009375 0.009722222222222222
8 0.659375 0.20347222222222222 0.00859375 0.014583333333333334
8 0.570703125 0.29930555555555555 0.008984375 0.011805555555555555
8 0.526953125 0.27291666666666664 0.006640625 0.010416666666666666
8 0.287109375 0.275 0.008984375 0.005555555555555556
9 0.276171875 0.30486111111111114 0.005859375 0.010416666666666666
8 0.212109375 0.21805555555555556 0.011328125 0.020833333333333332
4 0.451171875 0.34791666666666665 0.012109375 0.024305555555555556
4 0.38671875 0.3701388888888889 0.0125 0.02013888888888889
4 0.366015625 0.3625 0.010546875 0.0125
4 0.347265625 0.3645833333333333 0.011328125 0.02013888888888889
4 0.333984375 0.37222222222222223 0.015234375 0.018055555555555554
0 0.280078125 0.38263888888888886 0.019140625 0.04236111111111111
0 0.140234375 0.36736111111111114 0.029296875 0.04097222222222222
0 0.078125 0.42569444444444443 0.078125 0.10347222222222222
0 0.21640625 0.38333333333333336 0.06171875 0.06666666666666667
0 0.4203125 0.3993055555555556 0.0328125 0.04513888888888889
0 0.46796875 0.37569444444444444 0.01484375 0.021527777777777778
0 0.6 0.4097222222222222 0.071875 0.09166666666666666
2 0.509375 0.3701388888888889 0.00390625 0.011805555555555555
2 0.69921875 0.42083333333333334 0.0078125 0.043055555555555555
2 0.721484375 0.4111111111111111 0.012890625 0.044444444444444446
2 0.842578125 0.42083333333333334 0.017578125 0.06666666666666667
2 0.82421875 0.4083333333333333 0.00859375 0.041666666666666664
2 0.976953125 0.45416666666666666 0.016015625 0.08055555555555556
2 0.955078125 0.4465277777777778 0.013671875 0.08125
