8 0.259765625 0.5777777777777777 0.046484375 0.058333333333333334
8 0.699609375 0.5902777777777778 0.028515625 0.04861111111111111
8 0.69921875 0.7131944444444445 0.00703125 0.009027777777777777
8 0.699609375 0.7333333333333333 0.005859375 0.009722222222222222
8 0.595703125 0.6645833333333333 0.006640625 0.010416666666666666
8 0.53515625 0.6493055555555556 0.003125 0.004861111111111111
8 0.530078125 0.6611111111111111 0.005859375 0.004166666666666667
8 0.528125 0.6541666666666667 0.009375 0.005555555555555556
8 0.532421875 0.6861111111111111 0.002734375 0.006944444444444444
8 0.194140625 0.6541666666666667 0.006640625 0.011111111111111112
0 0.46796875 0.68125 0.00703125 0.007638888888888889
0 0.4234375 0.6854166666666667 0.01640625 0.01597222222222222
0 0.382421875 0.6833333333333333 0.019921875 0.016666666666666666
0 0.519140625 0.6881944444444444 0.005078125 0.007638888888888889
0 0.508203125 0.6881944444444444 0.006640625 0.010416666666666666
0 0.501171875 0.6861111111111111 0.012890625 0.016666666666666666
9 0.59375 0.6930555555555555 0.003125 0.006944444444444444
