8 0.934765625 0.5173611111111112 0.030078125 0.050694444444444445
8 0.935546875 0.5930555555555556 0.027734375 0.013888888888888888
0 0.581640625 0.6923611111111111 0.010546875 0.017361111111111112
0 0.5125 0.6923611111111111 0.0109375 0.017361111111111112
0 0.623046875 0.6819444444444445 0.010546875 0.030555555555555555
0 0.409375 0.6986111111111111 0.01328125 0.027777777777777776
0 0.442578125 0.6979166666666666 0.010546875 0.01597222222222222
0 0.383203125 0.7076388888888889 0.016796875 0.025694444444444443
0 0.35234375 0.7118055555555556 0.0265625 0.034027777777777775
0 0.306640625 0.7069444444444445 0.016015625 0.034722222222222224
0 0.280859375 0.6951388888888889 0.017578125 0.022916666666666665
0 0.2515625 0.6965277777777777 0.01484375 0.024305555555555556
0 0.22421875 0.7236111111111111 0.025 0.022222222222222223
0 0.1890625 0.66875 0.0140625 0.009027777777777777
0 0.198828125 0.6951388888888889 0.034765625 0.022916666666666665
0 0.150390625 0.6736111111111112 0.019921875 0.0125
0 0.113671875 0.6729166666666667 0.019140625 0.013194444444444444
0 0.147265625 0.7083333333333334 0.032421875 0.03333333333333333
0 0.01796875 0.6597222222222222 0.01796875 0.011111111111111112
0 0.02265625 0.6909722222222222 0.02265625 0.03125
0 0.273046875 0.7236111111111111 0.025390625 0.03333333333333333
0 0.65546875 0.69375 0.02734375 0.04513888888888889
0 0.5484375 0.7027777777777777 0.02734375 0.041666666666666664
0 0.478515625 0.6902777777777778 0.023046875 0.029166666666666667
0 0.90546875 0.71875 0.07265625 0.050694444444444445
0 0.864453125 0.76875 0.108984375 0.06875
0 0.981640625 0.725 0.016796875 0.043055555555555555
