0 0.855078125 0.7465277777777778 0.142578125 0.24791666666666667
0 0.73203125 0.6465277777777778 0.0390625 0.05486111111111111
0 0.683984375 0.6361111111111111 0.028515625 0.04027777777777778
0 0.651953125 0.6326388888888889 0.019921875 0.03819444444444445
0 0.63203125 0.6333333333333333 0.0140625 0.030555555555555555
0 0.61328125 0.6229166666666667 0.01484375 0.027083333333333334
0 0.596875 0.6222222222222222 0.01171875 0.020833333333333332
0 0.58515625 0.6222222222222222 0.0078125 0.015277777777777777
0 0.573046875 0.6243055555555556 0.008984375 0.01597222222222222
0 0.56640625 0.6215277777777778 0.00703125 0.014583333333333334
0 0.55234375 0.6236111111111111 0.0046875 0.011111111111111112
0 0.516796875 0.6222222222222222 0.007421875 0.0125
0 0.5390625 0.6236111111111111 0.00546875 0.009722222222222222
0 0.36484375 0.63125 0.01484375 0.011805555555555555
0 0.412109375 0.6243055555555556 0.005859375 0.010416666666666666
0 0.41953125 0.6284722222222222 0.0046875 0.00625
0 0.0171875 0.63125 0.0171875 0.03125
2 0.103125 0.6263888888888889 0.00546875 0.03333333333333333
2 0.141796875 0.625 0.004296875 0.022222222222222223
9 0.491015625 0.6048611111111111 0.003515625 0.009027777777777777
9 0.498046875 0.5854166666666667 0.004296875 0.00625
9 0.5359375 0.5770833333333333 0.003125 0.007638888888888889
8 0.776953125 0.5597222222222222 0.011328125 0.022222222222222223
