0 0.176953125 0.5458333333333333 0.104296875 0.1527777777777778
0 0.326953125 0.46319444444444446 0.046484375 0.10069444444444445
0 0.05625 0.4638888888888889 0.05625 0.1111111111111111
0 0.551953125 0.45625 0.028515625 0.02847222222222222
0 0.259765625 0.4465277777777778 0.008203125 0.017361111111111112
0 0.277734375 0.46041666666666664 0.008203125 0.027083333333333334
2 0.4453125 0.475 0.00703125 0.03611111111111111
9 0.0734375 0.3333333333333333 0.0046875 0.0125
9 0.248046875 0.3277777777777778 0.003515625 0.013888888888888888
9 0.2390625 0.32708333333333334 0.00390625 0.014583333333333334
8 0.5125 0.28194444444444444 0.01171875 0.02361111111111111
8 0.28671875 0.34097222222222223 0.01875 0.010416666666666666
8 0.4171875 0.30833333333333335 0.01328125 0.009722222222222222
8 0.02109375 0.3368055555555556 0.01953125 0.009027777777777777
9 0.432421875 0.3972222222222222 0.010546875 0.015277777777777777
