0 0.126953125 0.59375 0.126953125 0.22847222222222222
0 0.9109375 0.5972222222222222 0.0875 0.10277777777777777
0 0.64375 0.5618055555555556 0.07578125 0.12708333333333333
0 0.289453125 0.5118055555555555 0.050390625 0.05486111111111111
0 0.3359375 0.5027777777777778 0.03359375 0.05138888888888889
0 0.39140625 0.49930555555555556 0.02578125 0.035416666666666666
0 0.417578125 0.5027777777777778 0.012109375 0.029166666666666667
0 0.428515625 0.5 0.007421875 0.02361111111111111
0 0.780078125 0.5770833333333333 0.055859375 0.06180555555555556
0 0.5734375 0.5138888888888888 0.0125 0.019444444444444445
0 0.55859375 0.5118055555555555 0.00546875 0.010416666666666666
0 0.517578125 0.5090277777777777 0.012109375 0.014583333333333334
0 0.503125 0.5027777777777778 0.00546875 0.011111111111111112
1 0.4921875 0.4930555555555556 0.00625 0.018055555555555554
2 0.515234375 0.5208333333333334 0.004296875 0.019444444444444445
4 0.459375 0.4798611111111111 0.02890625 0.05486111111111111
8 0.29921875 0.3701388888888889 0.00703125 0.02013888888888889
8 0.22421875 0.3506944444444444 0.01015625 0.011805555555555555
8 0.408984375 0.4388888888888889 0.005078125 0.0125
8 0.9546875 0.37222222222222223 0.01171875 0.029166666666666667
9 0.499609375 0.45694444444444443 0.003515625 0.008333333333333333
