8 0.753515625 0.26666666666666666 0.011328125 0.013888888888888888
8 0.7453125 0.24305555555555555 0.02578125 0.018055555555555554
8 0.775390625 0.18125 0.024609375 0.013194444444444444
8 0.3390625 0.41388888888888886 0.00703125 0.016666666666666666
0 0.366015625 0.4701388888888889 0.016796875 0.022916666666666665
0 0.3328125 0.4840277777777778 0.02265625 0.029861111111111113
0 0.29609375 0.4930555555555556 0.02890625 0.03611111111111111
0 0.180078125 0.49027777777777776 0.028515625 0.029166666666666667
0 0.081640625 0.5395833333333333 0.081640625 0.10486111111111111
0 0.98203125 0.46458333333333335 0.0171875 0.03680555555555556
0 0.971484375 0.42083333333333334 0.027734375 0.034722222222222224
0 0.915625 0.46111111111111114 0.07109375 0.05277777777777778
4 0.481640625 0.44027777777777777 0.139453125 0.1361111111111111
