8 0.022265625 0.4777777777777778 0.012109375 0.008333333333333333
8 0.037109375 0.46597222222222223 0.016015625 0.007638888888888889
9 0.009375 0.5604166666666667 0.009375 0.014583333333333334
8 0.178125 0.42777777777777776 0.028125 0.009722222222222222
9 0.250390625 0.44027777777777777 0.004296875 0.018055555555555554
9 0.25859375 0.44305555555555554 0.00546875 0.018055555555555554
9 0.244140625 0.44166666666666665 0.004296875 0.015277777777777777
9 0.4296875 0.54375 0.00546875 0.013194444444444444
9 0.432421875 0.5743055555555555 0.003515625 0.009027777777777777
9 0.406640625 0.5416666666666666 0.006640625 0.0125
9 0.4140625 0.47430555555555554 0.00546875 0.027083333333333334
9 0.215234375 0.5770833333333333 0.004296875 0.011805555555555555
9 0.579296875 0.49236111111111114 0.003515625 0.014583333333333334
9 0.5390625 0.575 0.0046875 0.008333333333333333
9 0.587890625 0.49236111111111114 0.003515625 0.017361111111111112
8 0.635546875 0.5159722222222223 0.019140625 0.00625
8 0.221484375 0.5569444444444445 0.008203125 0.005555555555555556
2 0.27109375 0.6347222222222222 0.00390625 0.016666666666666666
2 0.26640625 0.6354166666666666 0.00625 0.02013888888888889
2 0.2546875 0.6375 0.00546875 0.02361111111111111
2 0.213671875 0.6451388888888889 0.007421875 0.034027777777777775
2 0.403125 0.6361111111111111 0.0015625 0.009722222222222222
2 0.394140625 0.6381944444444444 0.003515625 0.009027777777777777
8 0.33203125 0.5701388888888889 0.00703125 0.004861111111111111
0 0.4890625 0.6291666666666667 0.00546875 0.004166666666666667
0 0.4609375 0.6361111111111111 0.0078125 0.006944444444444444
0 0.438671875 0.6326388888888889 0.009765625 0.013194444444444444
0 0.471875 0.6284722222222222 0.0046875 0.00625
0 0.480859375 0.6340277777777777 0.005078125 0.011805555555555555
0 0.2984375 0.6520833333333333 0.03125 0.04097222222222222
0 0.355078125 0.6625 0.037109375 0.043055555555555555
4 0.546875 0.6201388888888889 0.01015625 0.010416666666666666
0 0.530078125 0.6368055555555555 0.008984375 0.014583333333333334
0 0.54609375 0.64375 0.0109375 0.014583333333333334
0 0.508984375 0.6340277777777777 0.012109375 0.024305555555555556
0 0.562890625 0.6583333333333333 0.015234375 0.020833333333333332
4 0.603125 0.6368055555555555 0.02578125 0.03819444444444445
0 0.665625 0.7034722222222223 0.01171875 0.04652777777777778
0 0.024609375 0.7256944444444444 0.024609375 0.14791666666666667
0 0.813671875 0.6993055555555555 0.150390625 0.19930555555555557
