0 0.4828125 0.5104166666666666 0.00625 0.010416666666666666
0 0.4953125 0.5097222222222222 0.00546875 0.009722222222222222
4 0.49765625 0.5013888888888889 0.0078125 0.018055555555555554
0 0.510546875 0.50625 0.005859375 0.010416666666666666
0 0.51875 0.5083333333333333 0.0078125 0.0125
0 0.525390625 0.5131944444444444 0.006640625 0.010416666666666666
0 0.5390625 0.5145833333333333 0.0078125 0.011805555555555555
0 0.5578125 0.5145833333333333 0.01015625 0.014583333333333334
0 0.570703125 0.5166666666666667 0.010546875 0.013888888888888888
0 0.58359375 0.5201388888888889 0.01484375 0.017361111111111112
0 0.6046875 0.5180555555555556 0.015625 0.025
0 0.6265625 0.5277777777777778 0.01640625 0.022222222222222223
0 0.646484375 0.5270833333333333 0.023046875 0.027083333333333334
0 0.679296875 0.5284722222222222 0.026953125 0.03263888888888889
0 0.712890625 0.5381944444444444 0.027734375 0.035416666666666666
0 0.76640625 0.5340277777777778 0.04453125 0.05486111111111111
0 0.29296875 0.5298611111111111 0.01171875 0.03125
0 0.248828125 0.5347222222222222 0.033984375 0.041666666666666664
0 0.215234375 0.5166666666666667 0.019921875 0.020833333333333332
0 0.1453125 0.5472222222222223 0.06875 0.06805555555555555
0 0.04453125 0.5569444444444445 0.04453125 0.05416666666666667
8 0.3140625 0.22569444444444445 0.0359375 0.017361111111111112
8 0.317578125 0.47708333333333336 0.014453125 0.027083333333333334
9 0.321484375 0.3625 0.006640625 0.015277777777777777
9 0.948828125 0.3375 0.007421875 0.034722222222222224
9 0.287109375 0.47638888888888886 0.005078125 0.008333333333333333
0 0.44140625 0.5097222222222222 0.0078125 0.008333333333333333
9 0.948828125 0.4222222222222222 0.010546875 0.013888888888888888
