0 0.40703125 0.4652777777777778 0.00703125 0.008333333333333333
0 0.3921875 0.4625 0.01015625 0.011111111111111112
0 0.36640625 0.4708333333333333 0.015625 0.0125
0 0.332421875 0.4736111111111111 0.017578125 0.016666666666666666
0 0.5984375 0.4673611111111111 0.01796875 0.024305555555555556
0 0.56640625 0.46875 0.01796875 0.03125
0 0.80546875 0.4534722222222222 0.04453125 0.03263888888888889
0 0.428515625 0.4597222222222222 0.014453125 0.016666666666666666
0 0.899609375 0.5020833333333333 0.098828125 0.10208333333333333
0 0.690234375 0.49444444444444446 0.073046875 0.08055555555555556
0 0.493359375 0.4826388888888889 0.057421875 0.09652777777777778
0 0.24296875 0.47708333333333336 0.06875 0.08125
0 0.31875 0.4736111111111111 0.00625 0.015277777777777777
2 0.018359375 0.5138888888888888 0.007421875 0.04583333333333333
9 0.216015625 0.2708333333333333 0.005859375 0.02361111111111111
9 0.374609375 0.4270833333333333 0.001953125 0.00625
9 0.403125 0.4027777777777778 0.003125 0.006944444444444444
9 0.434375 0.43125 0.00234375 0.004861111111111111
9 0.54609375 0.2847222222222222 0.003125 0.018055555555555554
9 0.203515625 0.26944444444444443 0.005859375 0.02361111111111111
9 0.537109375 0.2881944444444444 0.005859375 0.021527777777777778
9 0.749609375 0.2881944444444444 0.009765625 0.04513888888888889
9 0.77109375 0.3548611111111111 0.009375 0.01875
9 0.651953125 0.39375 0.005859375 0.007638888888888889
9 0.176953125 0.4201388888888889 0.005078125 0.010416666666666666
9 0.37109375 0.4444444444444444 0.00234375 0.005555555555555556
8 0.108984375 0.2638888888888889 0.031640625 0.0125
8 0.63984375 0.36875 0.00859375 0.004861111111111111
8 0.648046875 0.35208333333333336 0.007421875 0.004861111111111111
9 0.7484375 0.3625 0.00546875 0.0125
