9 0.484375 0.46458333333333335 0.0046875 0.013194444444444444
9 0.41796875 0.45902777777777776 0.00546875 0.014583333333333334
9 0.441796875 0.5083333333333333 0.004296875 0.011111111111111112
9 0.478125 0.5125 0.0046875 0.006944444444444444
8 0.5296875 0.5006944444444444 0.0046875 0.007638888888888889
9 0.53515625 0.5173611111111112 0.00625 0.007638888888888889
9 0.412109375 0.4576388888888889 0.004296875 0.01597222222222222
8 0.33203125 0.5027777777777778 0.009375 0.009722222222222222
0 0.199609375 0.5583333333333333 0.027734375 0.0375
0 0.419921875 0.5402777777777777 0.023046875 0.013888888888888888
0 0.38671875 0.6055555555555555 0.053125 0.0763888888888889
0 0.44921875 0.5930555555555556 0.01640625 0.05138888888888889
0 0.2734375 0.5965277777777778 0.0609375 0.08263888888888889
0 0.49609375 0.6034722222222222 0.04453125 0.08402777777777778
0 0.669921875 0.5881944444444445 0.037109375 0.08541666666666667
0 0.1015625 0.6520833333333333 0.1015625 0.17430555555555555
0 0.3203125 0.6597222222222222 0.09765625 0.10972222222222222
0 0.558203125 0.6777777777777778 0.087890625 0.125
0 0.580078125 0.5416666666666666 0.029296875 0.016666666666666666
0 0.828125 0.6888888888888889 0.16953125 0.18472222222222223
