0 0.46484375 0.7805555555555556 0.0109375 0.018055555555555554
0 0.0921875 0.7659722222222223 0.05546875 0.035416666666666666
0 0.27734375 0.7458333333333333 0.01015625 0.015277777777777777
0 0.18671875 0.7569444444444444 0.015625 0.0125
0 0.1953125 0.8611111111111112 0.03828125 0.022222222222222223
0 0.37734375 0.78125 0.0125 0.017361111111111112
0 0.405859375 0.7659722222222223 0.008984375 0.01875
0 0.421484375 0.7673611111111112 0.005859375 0.014583333333333334
0 0.43203125 0.7618055555555555 0.00625 0.01597222222222222
8 0.35703125 0.6944444444444444 0.0046875 0.011111111111111112
8 0.469140625 0.7284722222222222 0.005859375 0.010416666666666666
8 0.338671875 0.7340277777777777 0.005078125 0.010416666666666666
8 0.152734375 0.7048611111111112 0.007421875 0.010416666666666666
0 0.378125 0.7034722222222223 0.01015625 0.013194444444444444
