4 0.25546875 0.6055555555555555 0.04296875 0.08611111111111111
0 0.9125 0.7319444444444444 0.08671875 0.08611111111111111
0 0.79921875 0.6972222222222222 0.04921875 0.06527777777777778
0 0.7265625 0.6826388888888889 0.04296875 0.050694444444444445
0 0.679296875 0.6694444444444444 0.037109375 0.044444444444444446
0 0.64296875 0.6694444444444444 0.0265625 0.034722222222222224
0 0.61328125 0.6659722222222222 0.02109375 0.034027777777777775
0 0.598046875 0.6694444444444444 0.018359375 0.0375
0 0.57421875 0.6715277777777777 0.021875 0.03263888888888889
0 0.550390625 0.6680555555555555 0.018359375 0.02361111111111111
0 0.53515625 0.6666666666666666 0.015625 0.025
0 0.520703125 0.6701388888888888 0.013671875 0.024305555555555556
0 0.5140625 0.6631944444444444 0.01484375 0.021527777777777778
0 0.498046875 0.6611111111111111 0.008984375 0.019444444444444445
0 0.87578125 0.6416666666666667 0.02578125 0.0125
0 0.391796875 0.6368055555555555 0.010546875 0.007638888888888889
0 0.35859375 0.6527777777777778 0.00625 0.0125
4 0.35859375 0.6277777777777778 0.00625 0.008333333333333333
2 0.197265625 0.6409722222222223 0.006640625 0.034027777777777775
