0 0.165625 0.8333333333333334 0.165625 0.1638888888888889
4 0.75625 0.3701388888888889 0.2421875 0.36875
9 0.2015625 0.5895833333333333 0.0078125 0.01597222222222222
9 0.3 0.34305555555555556 0.01015625 0.03888888888888889
9 0.283203125 0.35833333333333334 0.009765625 0.03194444444444444
8 0.176171875 0.5715277777777777 0.017578125 0.014583333333333334
0 0.38515625 0.6034722222222222 0.02578125 0.027083333333333334
0 0.405859375 0.5847222222222223 0.021484375 0.020833333333333332
0 0.421484375 0.5743055555555555 0.021484375 0.01875
0 0.42734375 0.5583333333333333 0.015625 0.015277777777777777
0 0.437890625 0.5465277777777777 0.009765625 0.010416666666666666
0 0.534765625 0.5208333333333334 0.007421875 0.019444444444444445
0 0.519921875 0.5201388888888889 0.008203125 0.021527777777777778
0 0.513671875 0.5222222222222223 0.012890625 0.02361111111111111
0 0.503125 0.5180555555555556 0.0140625 0.015277777777777777
0 0.48671875 0.5222222222222223 0.01015625 0.008333333333333333
0 0.45625 0.5416666666666666 0.00703125 0.0125
