9 0.448046875 0.6576388888888889 0.002734375 0.009027777777777777
9 0.307421875 0.6659722222222222 0.004296875 0.011805555555555555
9 0.2234375 0.7506944444444444 0.00703125 0.009027777777777777
9 0.3 0.6673611111111111 0.003125 0.011805555555555555
9 0.4421875 0.6597222222222222 0.00234375 0.011111111111111112
9 0.525 0.6916666666666667 0.00625 0.008333333333333333
8 0.55703125 0.6513888888888889 0.0046875 0.006944444444444444
8 0.54453125 0.6645833333333333 0.00390625 0.00625
0 0.472265625 0.74375 0.008984375 0.014583333333333334
0 0.490234375 0.7430555555555556 0.011328125 0.02361111111111111
0 0.506640625 0.7423611111111111 0.010546875 0.03819444444444445
0 0.5171875 0.7416666666666667 0.01328125 0.04027777777777778
0 0.541015625 0.74375 0.022265625 0.06180555555555556
0 0.584375 0.7541666666666667 0.04765625 0.07916666666666666
0 0.62734375 0.7722222222222223 0.07265625 0.09861111111111111
0 0.40078125 0.7902777777777777 0.071875 0.11527777777777778
0 0.103515625 0.8409722222222222 0.103515625 0.15625
0 0.7875 0.8027777777777778 0.2109375 0.19444444444444445
8 0.96640625 0.3375 0.025 0.03333333333333333
0 0.24453125 0.7798611111111111 0.0203125 0.01597222222222222
