9 0.3875 0.4027777777777778 0.0046875 0.019444444444444445
9 0.4 0.4041666666666667 0.0046875 0.019444444444444445
9 0.527734375 0.42916666666666664 0.004296875 0.018055555555555554
9 0.5359375 0.4305555555555556 0.00390625 0.016666666666666666
8 0.609765625 0.5013888888888889 0.012109375 0.008333333333333333
8 0.603515625 0.5138888888888888 0.010546875 0.008333333333333333
8 0.66171875 0.4638888888888889 0.01640625 0.0125
8 0.570703125 0.5430555555555555 0.007421875 0.013888888888888888
9 0.6765625 0.51875 0.0109375 0.01875
9 0.2609375 0.5041666666666667 0.0125 0.016666666666666666
9 0.278125 0.47708333333333336 0.0125 0.013194444444444444
9 0.4375 0.5305555555555556 0.00625 0.011111111111111112
9 0.589453125 0.5284722222222222 0.004296875 0.013194444444444444
9 0.519140625 0.5152777777777777 0.003515625 0.009722222222222222
0 0.19140625 0.5722222222222222 0.03046875 0.027777777777777776
0 0.48125 0.5611111111111111 0.0046875 0.009722222222222222
0 0.473046875 0.5638888888888889 0.005859375 0.0125
0 0.46640625 0.5701388888888889 0.00625 0.013194444444444444
0 0.45546875 0.5715277777777777 0.00859375 0.014583333333333334
0 0.44375 0.5763888888888888 0.0125 0.016666666666666666
0 0.496875 0.5618055555555556 0.00703125 0.007638888888888889
0 0.530859375 0.5611111111111111 0.008203125 0.009722222222222222
0 0.6640625 0.625 0.0265625 0.05138888888888889
0 0.55546875 0.56875 0.01875 0.03125
0 0.766015625 0.6680555555555555 0.100390625 0.11388888888888889
0 0.422265625 0.5791666666666667 0.016015625 0.019444444444444445
0 0.489453125 0.56875 0.008984375 0.010416666666666666
0 0.51484375 0.56875 0.0109375 0.01597222222222222
0 0.556640625 0.58125 0.017578125 0.022916666666666665
0 0.891796875 0.7076388888888889 0.105078125 0.2659722222222222
7 0.620703125 0.6104166666666667 0.025390625 0.10625
2 0.628125 0.6145833333333334 0.0203125 0.05347222222222222
3 0.62265625 0.6625 0.02890625 0.0763888888888889
