0 0.394921875 0.39305555555555555 0.007421875 0.008333333333333333
0 0.372265625 0.39444444444444443 0.008203125 0.0125
0 0.332421875 0.39444444444444443 0.006640625 0.009722222222222222
0 0.2953125 0.4013888888888889 0.009375 0.013888888888888888
0 0.31640625 0.4013888888888889 0.01328125 0.015277777777777777
0 0.3515625 0.4013888888888889 0.0125 0.019444444444444445
0 0.27109375 0.40347222222222223 0.01484375 0.021527777777777778
0 0.196484375 0.4111111111111111 0.014453125 0.018055555555555554
0 0.2515625 0.42291666666666666 0.02890625 0.02847222222222222
0 0.171484375 0.4222222222222222 0.033203125 0.027777777777777776
0 0.025 0.45625 0.02421875 0.06319444444444444
2 0.216796875 0.39652777777777776 0.004296875 0.017361111111111112
0 0.406640625 0.39305555555555555 0.002734375 0.006944444444444444
0 0.437890625 0.3958333333333333 0.004296875 0.006944444444444444
0 0.42421875 0.39305555555555555 0.01015625 0.013888888888888888
0 0.464453125 0.39166666666666666 0.005078125 0.0125
0 0.495703125 0.3923611111111111 0.008984375 0.014583333333333334
0 0.45 0.4013888888888889 0.01171875 0.013888888888888888
0 0.3984375 0.44027777777777777 0.03203125 0.03888888888888889
0 0.478125 0.4125 0.01640625 0.022222222222222223
0 0.5171875 0.40069444444444446 0.00859375 0.013194444444444444
0 0.537890625 0.40347222222222223 0.013671875 0.021527777777777778
0 0.57109375 0.42291666666666666 0.02734375 0.03680555555555556
0 0.6734375 0.50625 0.075 0.08263888888888889
9 0.49375 0.3333333333333333 0.003125 0.009722222222222222
9 0.465625 0.33541666666666664 0.003125 0.011805555555555555
9 0.375 0.30486111111111114 0.003125 0.010416666666666666
9 0.316796875 0.30486111111111114 0.004296875 0.010416666666666666
8 0.07734375 0.35555555555555557 0.01328125 0.025
