9 0.196875 0.1986111111111111 0.00625 0.030555555555555555
9 0.494140625 0.15833333333333333 0.005078125 0.03194444444444444
9 0.138671875 0.43194444444444446 0.007421875 0.0125
9 0.15078125 0.4305555555555556 0.00625 0.013888888888888888
9 0.1796875 0.2013888888888889 0.00859375 0.027777777777777776
9 0.508203125 0.16180555555555556 0.007421875 0.025694444444444443
9 0.482421875 0.1638888888888889 0.005078125 0.030555555555555555
9 0.587890625 0.3 0.006640625 0.02361111111111111
9 0.61953125 0.4097222222222222 0.009375 0.013888888888888888
8 0.144921875 0.3680555555555556 0.014453125 0.006944444444444444
8 0.598828125 0.38055555555555554 0.013671875 0.011111111111111112
8 0.45 0.4270833333333333 0.00625 0.010416666666666666
8 0.451171875 0.44166666666666665 0.005859375 0.008333333333333333
8 0.394921875 0.47291666666666665 0.005859375 0.009027777777777777
8 0.401953125 0.4444444444444444 0.006640625 0.008333333333333333
2 0.028125 0.5236111111111111 0.01484375 0.0625
2 0.208203125 0.5048611111111111 0.008984375 0.024305555555555556
2 0.127734375 0.5333333333333333 0.012109375 0.029166666666666667
2 0.4546875 0.4986111111111111 0.00390625 0.020833333333333332
0 0.284375 0.49444444444444446 0.009375 0.016666666666666666
0 0.361328125 0.49375 0.006640625 0.011805555555555555
0 0.37421875 0.4951388888888889 0.0078125 0.013194444444444444
0 0.387109375 0.4965277777777778 0.006640625 0.011805555555555555
0 0.39921875 0.4986111111111111 0.01171875 0.016666666666666666
0 0.2734375 0.5048611111111111 0.0140625 0.017361111111111112
0 0.419140625 0.5118055555555555 0.016015625 0.021527777777777778
