0 0.4140625 0.3819444444444444 0.00390625 0.004166666666666667
0 0.388671875 0.3840277777777778 0.004296875 0.00625
0 0.375390625 0.3840277777777778 0.005078125 0.00625
4 0.0453125 0.40625 0.03515625 0.027083333333333334
0 0.355859375 0.3819444444444444 0.003515625 0.008333333333333333
0 0.4609375 0.38680555555555557 0.00390625 0.00625
0 0.5078125 0.3902777777777778 0.0078125 0.011111111111111112
0 0.480859375 0.39444444444444443 0.012109375 0.009722222222222222
0 0.234765625 0.39652777777777776 0.018359375 0.01875
0 0.344921875 0.3854166666666667 0.005859375 0.007638888888888889
0 0.362109375 0.3909722222222222 0.005859375 0.007638888888888889
0 0.4546875 0.3902777777777778 0.00546875 0.005555555555555556
0 0.498046875 0.47291666666666665 0.051171875 0.07152777777777777
