8 0.784765625 0.06875 0.020703125 0.03263888888888889
8 0.781640625 0.12708333333333333 0.012109375 0.02013888888888889
8 0.260546875 0.18333333333333332 0.005859375 0.020833333333333332
8 0.25859375 0.2361111111111111 0.009375 0.009722222222222222
8 0.278515625 0.2847222222222222 0.005078125 0.009722222222222222
8 0.32265625 0.28055555555555556 0.00234375 0.006944444444444444
0 0.4109375 0.3368055555555556 0.015625 0.021527777777777778
0 0.603515625 0.35833333333333334 0.051953125 0.05277777777777778
0 0.32421875 0.32013888888888886 0.0234375 0.03263888888888889
0 0.369140625 0.34097222222222223 0.029296875 0.04652777777777778
0 0.48203125 0.34652777777777777 0.03046875 0.03125
0 0.697265625 0.3861111111111111 0.078515625 0.0625
