8 0.727734375 0.14166666666666666 0.018359375 0.0125
8 0.832421875 0.12777777777777777 0.017578125 0.0125
8 0.93984375 0.11875 0.02109375 0.011805555555555555
8 0.920703125 0.17569444444444443 0.042578125 0.04236111111111111
8 0.816796875 0.18333333333333332 0.040234375 0.03888888888888889
8 0.712890625 0.19305555555555556 0.034765625 0.0375
8 0.736328125 0.3333333333333333 0.005078125 0.008333333333333333
0 0.987109375 0.3993055555555556 0.012109375 0.01875
0 0.959765625 0.5402777777777777 0.039453125 0.11666666666666667
1 0.858984375 0.35347222222222224 0.050390625 0.07430555555555556
0 0.8296875 0.4041666666666667 0.03671875 0.05277777777777778
0 0.767578125 0.38680555555555557 0.026953125 0.034027777777777775
0 0.69296875 0.39375 0.0296875 0.03125
8 0.649609375 0.29791666666666666 0.013671875 0.022916666666666665
8 0.649609375 0.23958333333333334 0.016015625 0.03263888888888889
