0 0.51875 0.6416666666666667 0.1703125 0.2638888888888889
0 0.328515625 0.5138888888888888 0.023828125 0.0375
0 0.35390625 0.5069444444444444 0.01171875 0.02361111111111111
0 0.361328125 0.4930555555555556 0.012890625 0.0125
0 0.15390625 0.5055555555555555 0.01015625 0.008333333333333333
8 0.125390625 0.4576388888888889 0.009765625 0.017361111111111112
8 0.227734375 0.4583333333333333 0.007421875 0.005555555555555556
9 0.31328125 0.39444444444444443 0.00390625 0.0125
9 0.30703125 0.39652777777777776 0.0015625 0.013194444444444444
9 0.31953125 0.3951388888888889 0.00234375 0.010416666666666666
9 0.35390625 0.3951388888888889 0.0109375 0.007638888888888889
