0 0.2328125 0.39305555555555555 0.01640625 0.02638888888888889
0 0.24921875 0.3993055555555556 0.00859375 0.01875
0 0.265625 0.39166666666666666 0.01875 0.029166666666666667
0 0.287109375 0.4 0.008984375 0.018055555555555554
0 0.3734375 0.39375 0.0125 0.02013888888888889
0 0.390625 0.4152777777777778 0.025 0.0375
0 0.421484375 0.4041666666666667 0.013671875 0.022222222222222223
0 0.435546875 0.39444444444444443 0.004296875 0.009722222222222222
0 0.440234375 0.4222222222222222 0.011328125 0.0375
0 0.54453125 0.41597222222222224 0.01484375 0.025694444444444443
9 0.358203125 0.33194444444444443 0.004296875 0.011111111111111112
0 0.142578125 0.49375 0.141796875 0.14652777777777778
2 0.8984375 0.5131944444444444 0.03125 0.1451388888888889
2 0.82890625 0.3368055555555556 0.03515625 0.11319444444444444
0 0.48828125 0.44722222222222224 0.0515625 0.08472222222222223
0 0.330859375 0.4215277777777778 0.044921875 0.06319444444444444
9 0.533984375 0.30972222222222223 0.002734375 0.011111111111111112
9 0.53046875 0.30833333333333335 0.00234375 0.011111111111111112
4 0.797265625 0.35138888888888886 0.188671875 0.28194444444444444
4 0.10703125 0.33611111111111114 0.10703125 0.08888888888888889
