2 0.251953125 0.4638888888888889 0.006640625 0.029166666666666667
2 0.260546875 0.4847222222222222 0.007421875 0.05416666666666667
2 0.2734375 0.4895833333333333 0.00703125 0.04513888888888889
2 0.2890625 0.475 0.0046875 0.020833333333333332
2 0.30859375 0.48055555555555557 0.0046875 0.029166666666666667
2 0.940234375 0.6805555555555556 0.009765625 0.075
2 0.95390625 0.6826388888888889 0.00546875 0.05763888888888889
2 0.709375 0.6166666666666667 0.0125 0.03888888888888889
2 0.749609375 0.6166666666666667 0.007421875 0.04861111111111111
0 0.443359375 0.5298611111111111 0.012890625 0.01875
0 0.4875 0.5409722222222222 0.01640625 0.027083333333333334
0 0.46796875 0.5256944444444445 0.00859375 0.014583333333333334
2 0.62265625 0.5805555555555556 0.00546875 0.0375
2 0.63359375 0.5868055555555556 0.0046875 0.04375
2 0.643359375 0.5930555555555556 0.007421875 0.05
2 0.834375 0.6520833333333333 0.00859375 0.03125
2 0.884765625 0.6618055555555555 0.008984375 0.03125
2 0.9875 0.6701388888888888 0.01015625 0.04375
2 0.35 0.4875 0.00390625 0.016666666666666666
0 0.525 0.5541666666666667 0.01328125 0.015277777777777777
0 0.489453125 0.5409722222222222 0.015234375 0.027083333333333334
8 0.692578125 0.44583333333333336 0.007421875 0.019444444444444445
8 0.691796875 0.4847222222222222 0.006640625 0.009722222222222222
8 0.65703125 0.47152777777777777 0.01015625 0.009027777777777777
8 0.66875 0.35138888888888886 0.0109375 0.009722222222222222
8 0.651953125 0.3298611111111111 0.013671875 0.011805555555555555
9 0.680859375 0.4875 0.006640625 0.0125
2 0.574609375 0.5659722222222222 0.005078125 0.021527777777777778
2 0.563671875 0.5548611111111111 0.004296875 0.017361111111111112
2 0.5546875 0.5513888888888889 0.00234375 0.016666666666666666
2 0.788671875 0.6048611111111111 0.009765625 0.027083333333333334
2 0.81171875 0.6319444444444444 0.00703125 0.022222222222222223
