0 0.034375 0.4979166666666667 0.03359375 0.0798611111111111
0 0.078515625 0.47291666666666665 0.037890625 0.05486111111111111
4 0.280859375 0.3840277777777778 0.041796875 0.07569444444444444
0 0.789453125 0.48055555555555557 0.208203125 0.14305555555555555
0 0.493359375 0.4222222222222222 0.072265625 0.08611111111111111
0 0.424609375 0.40347222222222223 0.024609375 0.059027777777777776
0 0.369140625 0.3840277777777778 0.021484375 0.03125
0 0.34609375 0.3909722222222222 0.00625 0.01875
0 0.3375 0.38125 0.009375 0.01597222222222222
0 0.15234375 0.40694444444444444 0.009375 0.016666666666666666
