8 0.758203125 0.3715277777777778 0.011328125 0.009027777777777777
8 0.540625 0.30625 0.01328125 0.017361111111111112
8 0.274609375 0.225 0.014453125 0.0375
8 0.0578125 0.16597222222222222 0.01875 0.021527777777777778
8 0.07109375 0.13194444444444445 0.03046875 0.016666666666666666
8 0.079296875 0.09305555555555556 0.017578125 0.020833333333333332
9 0.371484375 0.1986111111111111 0.007421875 0.029166666666666667
9 0.8796875 0.09861111111111111 0.01328125 0.05416666666666667
9 0.0953125 0.027777777777777776 0.01328125 0.02638888888888889
9 0.10703125 0.39652777777777776 0.00625 0.014583333333333334
9 0.272265625 0.29930555555555555 0.006640625 0.024305555555555556
9 0.0328125 0.2298611111111111 0.02734375 0.04097222222222222
9 0.764453125 0.325 0.006640625 0.020833333333333332
0 0.577734375 0.49027777777777776 0.060546875 0.058333333333333334
2 0.199609375 0.39444444444444443 0.008203125 0.011111111111111112
2 0.175 0.39305555555555555 0.00625 0.006944444444444444
2 0.14921875 0.4486111111111111 0.01875 0.059722222222222225
2 0.117578125 0.43125 0.012890625 0.05625
0 0.155859375 0.44583333333333336 0.072265625 0.0625
0 0.835546875 0.5326388888888889 0.096484375 0.09930555555555555
0 0.083203125 0.5486111111111112 0.083203125 0.17916666666666667
0 0.97890625 0.5625 0.01875 0.03333333333333333
0 0.983203125 0.6548611111111111 0.015234375 0.11458333333333333
0 0.324609375 0.5902777777777778 0.242578125 0.23194444444444445
9 0.519140625 0.3923611111111111 0.005859375 0.010416666666666666
