9 0.721875 0.44722222222222224 0.00625 0.018055555555555554
9 0.408984375 0.3819444444444444 0.004296875 0.016666666666666666
9 0.401171875 0.38333333333333336 0.002734375 0.013888888888888888
8 0.236328125 0.35833333333333334 0.008203125 0.013888888888888888
8 0.776171875 0.4777777777777778 0.043359375 0.027777777777777776
8 0.34453125 0.4284722222222222 0.0046875 0.013194444444444444
0 0.755859375 0.5902777777777778 0.026953125 0.022222222222222223
0 0.810546875 0.5805555555555556 0.023046875 0.019444444444444445
0 0.38671875 0.5201388888888889 0.0296875 0.06597222222222222
0 0.2078125 0.47152777777777777 0.0125 0.021527777777777778
0 0.133984375 0.5041666666666667 0.090234375 0.0763888888888889
0 0.29609375 0.5201388888888889 0.08203125 0.11180555555555556
1 0.55625 0.4736111111111111 0.159375 0.31666666666666665
0 0.88359375 0.725 0.115625 0.25972222222222224
4 0.112890625 0.4076388888888889 0.061328125 0.035416666666666666
8 0.28515625 0.3645833333333333 0.0109375 0.02013888888888889
8 0.37109375 0.37430555555555556 0.05625 0.027083333333333334
