8 0.607421875 0.4576388888888889 0.004296875 0.004861111111111111
8 0.583984375 0.47430555555555554 0.004296875 0.009027777777777777
9 0.57109375 0.45902777777777776 0.003125 0.011805555555555555
9 0.508984375 0.4652777777777778 0.002734375 0.011111111111111112
0 0.48203125 0.5090277777777777 0.01015625 0.014583333333333334
0 0.45390625 0.5013888888888889 0.00703125 0.018055555555555554
0 0.467578125 0.5034722222222222 0.009765625 0.02013888888888889
0 0.441796875 0.5104166666666666 0.009765625 0.017361111111111112
0 0.559765625 0.4951388888888889 0.007421875 0.00625
0 0.578125 0.49027777777777776 0.0078125 0.005555555555555556
0 0.5953125 0.5 0.0078125 0.011111111111111112
0 0.585546875 0.5020833333333333 0.007421875 0.009027777777777777
0 0.56953125 0.5118055555555555 0.01328125 0.02013888888888889
0 0.728125 0.50625 0.0265625 0.034027777777777775
0 0.1484375 0.5583333333333333 0.06171875 0.06111111111111111
0 0.0609375 0.5416666666666666 0.04140625 0.0625
0 0.023828125 0.5791666666666667 0.023828125 0.058333333333333334
0 0.253515625 0.55625 0.061328125 0.05763888888888889
0 0.344140625 0.5340277777777778 0.033984375 0.04097222222222222
0 0.409765625 0.5138888888888888 0.018359375 0.025
0 0.523828125 0.5354166666666667 0.040234375 0.06041666666666667
0 0.633203125 0.5159722222222223 0.031640625 0.03680555555555556
0 0.7671875 0.5131944444444444 0.03671875 0.035416666666666666
