8 0.659765625 0.35694444444444445 0.012109375 0.025
8 0.66484375 0.3993055555555556 0.00859375 0.014583333333333334
0 0.469921875 0.5375 0.004296875 0.0125
0 0.4765625 0.5347222222222222 0.00546875 0.0125
0 0.48984375 0.5388888888888889 0.00703125 0.013888888888888888
0 0.50234375 0.5388888888888889 0.009375 0.02361111111111111
0 0.519921875 0.5416666666666666 0.015234375 0.029166666666666667
0 0.522265625 0.5493055555555556 0.009765625 0.02847222222222222
0 0.537109375 0.55 0.008984375 0.041666666666666664
0 0.565234375 0.5479166666666667 0.030078125 0.050694444444444445
0 0.61953125 0.575 0.03984375 0.06666666666666667
0 0.446484375 0.5395833333333333 0.004296875 0.010416666666666666
0 0.4375 0.5381944444444444 0.00625 0.011805555555555555
0 0.43359375 0.5444444444444444 0.0078125 0.019444444444444445
0 0.425 0.5465277777777777 0.009375 0.02013888888888889
0 0.416015625 0.5479166666666667 0.012890625 0.021527777777777778
0 0.408984375 0.5541666666666667 0.013671875 0.020833333333333332
0 0.4046875 0.5604166666666667 0.01015625 0.024305555555555556
0 0.38359375 0.5604166666666667 0.01953125 0.03125
0 0.376953125 0.5715277777777777 0.018359375 0.035416666666666666
0 0.3578125 0.58125 0.0140625 0.04513888888888889
0 0.46015625 0.54375 0.0125 0.017361111111111112
0 0.7171875 0.6027777777777777 0.09765625 0.09722222222222222
0 0.309375 0.5868055555555556 0.0546875 0.07430555555555556
0 0.113671875 0.6680555555555555 0.113671875 0.11944444444444445
8 0.663671875 0.49027777777777776 0.005859375 0.013888888888888888
2 0.84375 0.3840277777777778 0.0078125 0.013194444444444444
2 0.694140625 0.46111111111111114 0.002734375 0.0125
2 0.798828125 0.5479166666666667 0.013671875 0.034027777777777775
