4 0.4609375 0.4326388888888889 0.02578125 0.07152777777777777
4 0.599609375 0.4048611111111111 0.083203125 0.13680555555555557
0 0.4234375 0.4597222222222222 0.0125 0.016666666666666666
0 0.339453125 0.4548611111111111 0.006640625 0.009027777777777777
0 0.32890625 0.4576388888888889 0.00703125 0.007638888888888889
0 0.299609375 0.45902777777777776 0.017578125 0.009027777777777777
0 0.058984375 0.4701388888888889 0.018359375 0.011805555555555555
0 0.024609375 0.46875 0.019140625 0.011805555555555555
0 0.2078125 0.5395833333333333 0.1125 0.10902777777777778
0 0.38359375 0.4826388888888889 0.0265625 0.034027777777777775
0 0.398046875 0.7 0.004296875 0.0
0 0.368359375 0.44722222222222224 0.007421875 0.009722222222222222
3 0.757421875 0.5069444444444444 0.012890625 0.025
3 0.769921875 0.5055555555555555 0.016015625 0.02361111111111111
3 0.775390625 0.5034722222222222 0.012890625 0.02013888888888889
3 0.78984375 0.5041666666666667 0.0125 0.019444444444444445
0 0.89375 0.46458333333333335 0.0953125 0.2423611111111111
9 0.41328125 0.35347222222222224 0.00234375 0.010416666666666666
4 0.502734375 0.44722222222222224 0.008984375 0.02361111111111111
2 0.867578125 0.40694444444444444 0.025390625 0.06527777777777778
