0 0.234375 0.36527777777777776 0.06640625 0.07361111111111111
0 0.3109375 0.3472222222222222 0.04453125 0.059722222222222225
0 0.369921875 0.3472222222222222 0.029296875 0.0375
0 0.402734375 0.33819444444444446 0.023046875 0.03263888888888889
0 0.43359375 0.33194444444444443 0.01953125 0.027777777777777776
0 0.468359375 0.32569444444444445 0.018359375 0.03125
0 0.5375 0.32430555555555557 0.01796875 0.022916666666666665
0 0.5625 0.3236111111111111 0.009375 0.02638888888888889
0 0.583984375 0.3347222222222222 0.023046875 0.03333333333333333
0 0.615234375 0.3611111111111111 0.032421875 0.07361111111111111
0 0.7265625 0.38125 0.08515625 0.10625
0 0.8921875 0.48819444444444443 0.1046875 0.24930555555555556
0 0.512890625 0.3375 0.031640625 0.0625
8 0.621875 0.2534722222222222 0.00546875 0.013194444444444444
8 0.453515625 0.2861111111111111 0.004296875 0.008333333333333333
8 0.549609375 0.28125 0.004296875 0.007638888888888889
