4 0.78203125 0.2951388888888889 0.215625 0.29375
0 0.1078125 0.37569444444444444 0.1078125 0.12013888888888889
0 0.03359375 0.5409722222222222 0.03359375 0.15069444444444444
0 0.231640625 0.3819444444444444 0.066015625 0.07916666666666666
0 0.301953125 0.36319444444444443 0.041015625 0.052083333333333336
0 0.374609375 0.35347222222222224 0.029296875 0.03125
0 0.409375 0.34444444444444444 0.01328125 0.029166666666666667
0 0.428515625 0.3416666666666667 0.015234375 0.022222222222222223
0 0.45078125 0.3333333333333333 0.009375 0.022222222222222223
0 0.46328125 0.3298611111111111 0.0109375 0.01875
0 0.480078125 0.3236111111111111 0.012890625 0.016666666666666666
0 0.501953125 0.3090277777777778 0.005078125 0.010416666666666666
0 0.534375 0.32569444444444445 0.0078125 0.014583333333333334
0 0.556640625 0.325 0.008984375 0.015277777777777777
0 0.51171875 0.29583333333333334 0.0046875 0.011111111111111112
0 0.521484375 0.2965277777777778 0.005078125 0.010416666666666666
0 0.524609375 0.3138888888888889 0.005859375 0.0125
0 0.548046875 0.29375 0.005859375 0.011805555555555555
0 0.5578125 0.3020833333333333 0.00859375 0.011805555555555555
0 0.5234375 0.27361111111111114 0.0046875 0.008333333333333333
9 0.491796875 0.23958333333333334 0.003515625 0.009027777777777777
9 0.41875 0.2972222222222222 0.00546875 0.008333333333333333
9 0.480859375 0.22708333333333333 0.005078125 0.009027777777777777
8 0.42734375 0.23333333333333334 0.0046875 0.009722222222222222
9 0.310546875 0.2375 0.005859375 0.018055555555555554
9 0.36171875 0.25416666666666665 0.0046875 0.009722222222222222
8 0.490625 0.27152777777777776 0.00703125 0.00625
9 0.503125 0.27291666666666664 0.00390625 0.013194444444444444
0 0.57109375 0.3229166666666667 0.00703125 0.017361111111111112
