8 0.96171875 0.12916666666666668 0.03671875 0.03333333333333333
8 0.927734375 0.29583333333333334 0.013671875 0.02638888888888889
8 0.27734375 0.2375 0.01484375 0.02638888888888889
8 0.34765625 0.24166666666666667 0.00859375 0.013888888888888888
9 0.3875 0.26666666666666666 0.00390625 0.013888888888888888
0 0.053515625 0.5284722222222222 0.053515625 0.17430555555555555
0 0.1890625 0.43194444444444446 0.16328125 0.15694444444444444
0 0.56953125 0.4354166666666667 0.19140625 0.2604166666666667
0 0.901171875 0.4979166666666667 0.096484375 0.23819444444444443
0 0.791796875 0.3909722222222222 0.044140625 0.06180555555555556
0 0.86484375 0.38055555555555554 0.0296875 0.02638888888888889
