9 0.413671875 0.24791666666666667 0.005078125 0.013194444444444444
9 0.59453125 0.25555555555555554 0.00625 0.013888888888888888
9 0.508203125 0.30486111111111114 0.005859375 0.009027777777777777
9 0.481640625 0.30694444444444446 0.002734375 0.006944444444444444
8 0.6421875 0.2534722222222222 0.01953125 0.007638888888888889
8 0.73515625 0.28888888888888886 0.00703125 0.009722222222222222
0 0.272265625 0.4027777777777778 0.087109375 0.10694444444444444
0 0.3671875 0.3951388888888889 0.025 0.05763888888888889
0 0.4 0.3819444444444444 0.02578125 0.03888888888888889
0 0.442578125 0.36666666666666664 0.009765625 0.019444444444444445
0 0.698046875 0.4027777777777778 0.062890625 0.06111111111111111
0 0.795703125 0.44583333333333336 0.058984375 0.06111111111111111
0 0.90234375 0.48680555555555555 0.096875 0.09236111111111112
0 0.546875 0.36527777777777776 0.01015625 0.011111111111111112
0 0.525 0.3506944444444444 0.00546875 0.009027777777777777
0 0.458203125 0.3590277777777778 0.005078125 0.009027777777777777
0 0.475 0.3472222222222222 0.01015625 0.006944444444444444
0 0.473828125 0.3861111111111111 0.023828125 0.03333333333333333
0 0.571484375 0.3909722222222222 0.025390625 0.03680555555555556
0 0.5109375 0.35347222222222224 0.00703125 0.009027777777777777
