2 0.861328125 0.44027777777777777 0.009765625 0.05277777777777778
2 0.837890625 0.44513888888888886 0.013671875 0.049305555555555554
2 0.6484375 0.41944444444444445 0.00625 0.03194444444444444
2 0.3328125 0.40347222222222223 0.00703125 0.025694444444444443
2 0.305859375 0.3972222222222222 0.003515625 0.013888888888888888
2 0.4265625 0.4027777777777778 0.00234375 0.015277777777777777
2 0.6703125 0.40208333333333335 0.00859375 0.021527777777777778
0 0.5015625 0.42291666666666666 0.00625 0.024305555555555556
0 0.522265625 0.42083333333333334 0.016015625 0.034722222222222224
0 0.540234375 0.4236111111111111 0.025390625 0.034722222222222224
0 0.549609375 0.4361111111111111 0.019921875 0.03194444444444444
0 0.460546875 0.40208333333333335 0.005859375 0.010416666666666666
0 0.274609375 0.40555555555555556 0.018359375 0.022222222222222223
0 0.21171875 0.4340277777777778 0.121875 0.08541666666666667
0 0.373828125 0.4027777777777778 0.011328125 0.016666666666666666
0 0.412890625 0.40069444444444446 0.012890625 0.021527777777777778
0 0.446875 0.4041666666666667 0.01171875 0.018055555555555554
0 0.478515625 0.40694444444444444 0.012890625 0.020833333333333332
0 0.58984375 0.4465277777777778 0.03515625 0.04236111111111111
9 0.232421875 0.09444444444444444 0.006640625 0.03194444444444444
9 0.578515625 0.09791666666666667 0.006640625 0.03680555555555556
9 0.70859375 0.34305555555555556 0.00859375 0.015277777777777777
9 0.371875 0.3215277777777778 0.00234375 0.011805555555555555
9 0.31328125 0.35625 0.00078125 0.010416666666666666
8 0.062890625 0.13194444444444445 0.040234375 0.015277777777777777
8 0.21171875 0.33958333333333335 0.00546875 0.009027777777777777
8 0.340625 0.33402777777777776 0.0109375 0.00625
8 0.53515625 0.34444444444444444 0.00625 0.013888888888888888
9 0.4546875 0.3423611111111111 0.009375 0.00625
8 0.639453125 0.1625 0.035546875 0.015277777777777777
9 0.37734375 0.3215277777777778 0.00234375 0.014583333333333334
9 0.5578125 0.09791666666666667 0.009375 0.03680555555555556
3 0.054296875 0.4409722222222222 0.019921875 0.027083333333333334
2 0.342578125 0.39861111111111114 0.010546875 0.027777777777777776
9 0.696484375 0.34305555555555556 0.005078125 0.0125
9 0.705078125 0.2326388888888889 0.009765625 0.007638888888888889
9 0.685546875 0.25416666666666665 0.007421875 0.006944444444444444
