8 0.29765625 0.12569444444444444 0.02109375 0.013194444444444444
9 0.273828125 0.22152777777777777 0.012109375 0.021527777777777778
9 0.341015625 0.26666666666666666 0.008984375 0.015277777777777777
8 0.340234375 0.10416666666666667 0.012890625 0.058333333333333334
9 0.673046875 0.1125 0.006640625 0.022222222222222223
9 0.5015625 0.06805555555555555 0.00546875 0.022222222222222223
9 0.511328125 0.06944444444444445 0.005859375 0.02361111111111111
9 0.683203125 0.11041666666666666 0.004296875 0.027083333333333334
8 0.759765625 0.1486111111111111 0.010546875 0.02638888888888889
8 0.757421875 0.21041666666666667 0.010546875 0.009027777777777777
9 0.7609375 0.27152777777777776 0.00390625 0.011805555555555555
9 0.773828125 0.27152777777777776 0.007421875 0.013194444444444444
8 0.6140625 0.23055555555555557 0.02109375 0.015277777777777777
9 0.57890625 0.2881944444444444 0.0046875 0.007638888888888889
9 0.56328125 0.2875 0.00390625 0.008333333333333333
8 0.90078125 0.13680555555555557 0.02421875 0.05763888888888889
0 0.57890625 0.32569444444444445 0.0046875 0.013194444444444444
0 0.609375 0.3263888888888889 0.01015625 0.013888888888888888
0 0.5453125 0.3486111111111111 0.0359375 0.05555555555555555
2 0.861328125 0.34305555555555556 0.011328125 0.029166666666666667
0 0.270703125 0.4638888888888889 0.123046875 0.12361111111111112
0 0.5015625 0.46597222222222223 0.08359375 0.11736111111111111
0 0.63515625 0.3458333333333333 0.03046875 0.04861111111111111
0 0.861328125 0.5645833333333333 0.137109375 0.19375
