9 0.53046875 0.19305555555555556 0.00859375 0.018055555555555554
9 0.5625 0.25 0.01015625 0.016666666666666666
9 0.33671875 0.2513888888888889 0.0078125 0.015277777777777777
8 0.853125 0.10972222222222222 0.02265625 0.016666666666666666
8 0.878125 0.2638888888888889 0.01484375 0.015277777777777777
8 0.878125 0.2263888888888889 0.009375 0.027777777777777776
0 0.101953125 0.34930555555555554 0.027734375 0.025694444444444443
9 0.853515625 0.19166666666666668 0.015234375 0.02638888888888889
8 0.30703125 0.3 0.00625 0.0125
9 0.251953125 0.3173611111111111 0.005859375 0.011805555555555555
9 0.01484375 0.3034722222222222 0.01015625 0.021527777777777778
0 0.405859375 0.4638888888888889 0.137890625 0.2
