0 0.412890625 0.3326388888888889 0.008203125 0.007638888888888889
0 0.455078125 0.325 0.007421875 0.0125
0 0.464453125 0.34652777777777777 0.008203125 0.027083333333333334
0 0.488671875 0.3541666666666667 0.019921875 0.03888888888888889
0 0.5171875 0.37777777777777777 0.01875 0.04722222222222222
0 0.4 0.3527777777777778 0.01484375 0.020833333333333332
0 0.380078125 0.3645833333333333 0.017578125 0.03125
0 0.3390625 0.3715277777777778 0.028125 0.052083333333333336
0 0.276953125 0.3951388888888889 0.055859375 0.07013888888888889
0 0.596484375 0.3958333333333333 0.073828125 0.09305555555555556
0 0.120703125 0.4652777777777778 0.119921875 0.15833333333333333
0 0.826953125 0.5868055555555556 0.172265625 0.29097222222222224
