0 0.751953125 0.4986111111111111 0.006640625 0.008333333333333333
0 0.722265625 0.4986111111111111 0.008984375 0.008333333333333333
0 0.701953125 0.49236111111111114 0.008984375 0.010416666666666666
0 0.68046875 0.4965277777777778 0.00546875 0.00625
0 0.656640625 0.4951388888888889 0.016015625 0.01597222222222222
0 0.6140625 0.49236111111111114 0.0265625 0.01597222222222222
0 0.56015625 0.49583333333333335 0.01796875 0.0125
0 0.512890625 0.5027777777777778 0.014453125 0.008333333333333333
0 0.47109375 0.5048611111111111 0.0109375 0.010416666666666666
0 0.368359375 0.4847222222222222 0.023828125 0.018055555555555554
0 0.401171875 0.4930555555555556 0.056640625 0.029166666666666667
0 0.294921875 0.5048611111111111 0.049609375 0.022916666666666665
0 0.14921875 0.5034722222222222 0.06796875 0.02847222222222222
0 0.8109375 0.4909722222222222 0.00703125 0.009027777777777777
0 0.823828125 0.5097222222222222 0.012109375 0.018055555555555554
0 0.84453125 0.5138888888888888 0.01015625 0.02638888888888889
0 0.857421875 0.5291666666666667 0.016796875 0.030555555555555555
0 0.93046875 0.5173611111111112 0.0671875 0.14652777777777778
0 0.948046875 0.6333333333333333 0.051171875 0.24027777777777778
0 0.7890625 0.5166666666666667 0.021875 0.030555555555555555
8 0.4515625 0.18680555555555556 0.028125 0.02013888888888889
8 0.6296875 0.1701388888888889 0.03203125 0.02013888888888889
8 0.45078125 0.25625 0.05859375 0.05486111111111111
8 0.59765625 0.23194444444444445 0.08359375 0.04583333333333333
8 0.823046875 0.30625 0.016796875 0.02013888888888889
8 0.686328125 0.31527777777777777 0.006640625 0.0125
8 0.765234375 0.48194444444444445 0.005859375 0.009722222222222222
