0 0.200390625 0.59375 0.030859375 0.04236111111111111
0 0.812890625 0.6583333333333333 0.095703125 0.043055555555555555
0 0.423828125 0.6055555555555555 0.032421875 0.03888888888888889
0 0.228515625 0.5784722222222223 0.023046875 0.03819444444444445
0 0.254296875 0.5590277777777778 0.019140625 0.03680555555555556
0 0.27421875 0.5493055555555556 0.01171875 0.021527777777777778
0 0.28515625 0.5444444444444444 0.0078125 0.016666666666666666
0 0.38828125 0.5694444444444444 0.01796875 0.027777777777777776
0 0.37421875 0.54375 0.01015625 0.014583333333333334
0 0.34765625 0.5486111111111112 0.0109375 0.009722222222222222
0 0.351171875 0.5277777777777778 0.008203125 0.009722222222222222
0 0.30234375 0.5444444444444444 0.00390625 0.0125
0 0.32265625 0.5361111111111111 0.0125 0.020833333333333332
0 0.98203125 0.7180555555555556 0.015625 0.0763888888888889
0 0.955859375 0.6604166666666667 0.043359375 0.04375
0 0.91796875 0.6395833333333333 0.02734375 0.014583333333333334
8 0.09296875 0.36875 0.01640625 0.00625
