9 0.39765625 0.03958333333333333 0.009375 0.03958333333333333
9 0.53984375 0.11805555555555555 0.00859375 0.04027777777777778
8 0.542578125 0.20972222222222223 0.006640625 0.015277777777777777
8 0.540234375 0.23680555555555555 0.008984375 0.014583333333333334
8 0.571484375 0.24305555555555555 0.016015625 0.011111111111111112
8 0.554296875 0.2638888888888889 0.021484375 0.015277777777777777
8 0.546875 0.29375 0.009375 0.017361111111111112
8 0.4921875 0.37083333333333335 0.009375 0.022222222222222223
2 0.640625 0.44305555555555554 0.01015625 0.02638888888888889
2 0.498828125 0.48055555555555557 0.011328125 0.03888888888888889
2 0.11796875 0.47430555555555554 0.00546875 0.025694444444444443
0 0.244140625 0.4666666666666667 0.007421875 0.008333333333333333
0 0.23671875 0.46944444444444444 0.00546875 0.005555555555555556
0 0.21953125 0.47291666666666665 0.00546875 0.00625
0 0.201953125 0.475 0.006640625 0.008333333333333333
0 0.19296875 0.4736111111111111 0.00546875 0.009722222222222222
0 0.169921875 0.4736111111111111 0.005859375 0.016666666666666666
0 0.127734375 0.48194444444444445 0.009765625 0.015277777777777777
0 0.108984375 0.48819444444444443 0.008984375 0.013194444444444444
4 0.14921875 0.46597222222222223 0.01796875 0.03125
4 0.07265625 0.4673611111111111 0.03046875 0.04375
0 0.02890625 0.47291666666666665 0.02890625 0.049305555555555554
0 0.271484375 0.46944444444444444 0.005078125 0.008333333333333333
0 0.2625 0.4701388888888889 0.0078125 0.011805555555555555
0 0.278515625 0.4708333333333333 0.005078125 0.011111111111111112
0 0.2890625 0.47152777777777777 0.00859375 0.013194444444444444
0 0.3015625 0.46805555555555556 0.00546875 0.013888888888888888
0 0.310546875 0.4666666666666667 0.012890625 0.019444444444444445
0 0.3203125 0.47430555555555554 0.00625 0.017361111111111112
0 0.33046875 0.4756944444444444 0.01171875 0.022916666666666665
0 0.332421875 0.48055555555555557 0.009765625 0.018055555555555554
0 0.34375 0.4826388888888889 0.01171875 0.022916666666666665
0 0.3734375 0.4909722222222222 0.028125 0.03819444444444445
0 0.414453125 0.4548611111111111 0.016796875 0.025694444444444443
0 0.444140625 0.5076388888888889 0.058984375 0.07430555555555556
0 0.7890625 0.5611111111111111 0.209375 0.3736111111111111
9 0.378125 0.03680555555555556 0.00703125 0.03680555555555556
