0 0.064453125 0.5006944444444444 0.064453125 0.09652777777777778
0 0.157421875 0.46319444444444446 0.044140625 0.03819444444444445
0 0.20625 0.44375 0.025 0.035416666666666666
0 0.2296875 0.44166666666666665 0.01328125 0.02361111111111111
0 0.251953125 0.4340277777777778 0.010546875 0.017361111111111112
0 0.290234375 0.4375 0.012890625 0.013888888888888888
0 0.3125 0.43472222222222223 0.00703125 0.011111111111111112
0 0.318359375 0.4409722222222222 0.005859375 0.01597222222222222
0 0.334375 0.4395833333333333 0.0140625 0.022916666666666665
0 0.37265625 0.4513888888888889 0.0296875 0.03611111111111111
0 0.519921875 0.47638888888888886 0.064453125 0.06666666666666667
8 0.4859375 0.3625 0.01640625 0.030555555555555555
8 0.37265625 0.39652777777777776 0.0078125 0.011805555555555555
8 0.197265625 0.37569444444444444 0.008203125 0.017361111111111112
8 0.1015625 0.2763888888888889 0.01015625 0.022222222222222223
8 0.10078125 0.33125 0.01796875 0.029861111111111113
9 0.25859375 0.38125 0.00390625 0.00625
9 0.296484375 0.37916666666666665 0.003515625 0.008333333333333333
8 0.34296875 0.3972222222222222 0.00625 0.009722222222222222
8 0.188671875 0.34444444444444444 0.009765625 0.006944444444444444
