0 0.3109375 0.4263888888888889 0.0171875 0.02638888888888889
0 0.295703125 0.40902777777777777 0.005859375 0.011805555555555555
0 0.369921875 0.43680555555555556 0.046484375 0.07708333333333334
2 0.237109375 0.42916666666666664 0.006640625 0.03194444444444444
2 0.2734375 0.43472222222222223 0.0140625 0.05138888888888889
9 0.4171875 0.3111111111111111 0.00390625 0.008333333333333333
9 0.28046875 0.3090277777777778 0.0046875 0.00625
9 0.214453125 0.3638888888888889 0.005078125 0.009722222222222222
9 0.464453125 0.38333333333333336 0.004296875 0.009722222222222222
0 0.571875 0.4222222222222222 0.0171875 0.016666666666666666
0 0.653125 0.4097222222222222 0.0375 0.02638888888888889
9 0.07421875 0.3909722222222222 0.00546875 0.007638888888888889
8 0.52578125 0.24861111111111112 0.01015625 0.02361111111111111
8 0.545703125 0.33541666666666664 0.006640625 0.01875
8 0.458203125 0.31666666666666665 0.005859375 0.009722222222222222
8 0.69921875 0.2923611111111111 0.0109375 0.02847222222222222
9 0.209375 0.3951388888888889 0.0046875 0.004861111111111111
