9 0.245703125 0.2 0.006640625 0.027777777777777776
9 0.558984375 0.14375 0.008984375 0.03958333333333333
9 0.233203125 0.20277777777777778 0.005859375 0.027777777777777776
9 0.5390625 0.1388888888888889 0.009375 0.03611111111111111
9 0.617578125 0.3958333333333333 0.005078125 0.009722222222222222
9 0.62421875 0.3958333333333333 0.0046875 0.009722222222222222
9 0.86015625 0.3388888888888889 0.0125 0.027777777777777776
9 0.831640625 0.34097222222222223 0.008203125 0.017361111111111112
9 0.11328125 0.37916666666666665 0.0046875 0.008333333333333333
9 0.121484375 0.3798611111111111 0.005078125 0.010416666666666666
8 0.131640625 0.35347222222222224 0.015234375 0.011805555555555555
8 0.248046875 0.3736111111111111 0.015234375 0.019444444444444445
8 0.63671875 0.3701388888888889 0.0140625 0.022916666666666665
8 0.8515625 0.2833333333333333 0.021875 0.015277777777777777
8 0.517578125 0.38819444444444445 0.005859375 0.009027777777777777
8 0.7984375 0.30833333333333335 0.02890625 0.05277777777777778
8 0.658984375 0.13402777777777777 0.044921875 0.02013888888888889
8 0.850390625 0.2111111111111111 0.010546875 0.02361111111111111
0 0.040234375 0.49166666666666664 0.040234375 0.05277777777777778
0 0.401171875 0.4222222222222222 0.010546875 0.008333333333333333
0 0.38984375 0.4395833333333333 0.01640625 0.017361111111111112
0 0.423828125 0.4284722222222222 0.007421875 0.017361111111111112
0 0.437109375 0.42291666666666666 0.009765625 0.011805555555555555
0 0.45078125 0.44375 0.01484375 0.021527777777777778
0 0.47734375 0.4798611111111111 0.0234375 0.03680555555555556
0 0.402734375 0.5576388888888889 0.074609375 0.11041666666666666
0 0.941796875 0.5159722222222223 0.058203125 0.08263888888888889
