0 0.073828125 0.42569444444444443 0.073828125 0.06597222222222222
0 0.9578125 0.5236111111111111 0.03984375 0.1375
0 0.88515625 0.44722222222222224 0.1125 0.12361111111111112
0 0.271875 0.375 0.03515625 0.03888888888888889
4 0.32109375 0.37569444444444444 0.01640625 0.027083333333333334
0 0.3390625 0.37083333333333335 0.01484375 0.02638888888888889
0 0.359375 0.36666666666666664 0.01171875 0.02361111111111111
0 0.3734375 0.36666666666666664 0.009375 0.015277777777777777
0 0.3890625 0.35694444444444445 0.0140625 0.025
0 0.4984375 0.34375 0.00859375 0.01597222222222222
0 0.51171875 0.3458333333333333 0.00703125 0.009722222222222222
0 0.53671875 0.3451388888888889 0.00625 0.00625
0 0.687890625 0.40347222222222223 0.034765625 0.059027777777777776
2 0.716796875 0.3375 0.005859375 0.011111111111111112
0 0.746875 0.4131944444444444 0.06171875 0.06875
4 0.453125 0.3798611111111111 0.046875 0.06875
0 0.25390625 0.4041666666666667 0.0484375 0.03611111111111111
0 0.52265625 0.3527777777777778 0.00859375 0.016666666666666666
0 0.545703125 0.35694444444444445 0.008203125 0.0125
0 0.591015625 0.3423611111111111 0.012890625 0.027083333333333334
4 0.60546875 0.34652777777777777 0.02109375 0.027083333333333334
8 0.662890625 0.17569444444444443 0.022265625 0.035416666666666666
8 0.664453125 0.20277777777777778 0.012109375 0.020833333333333332
8 0.604296875 0.25277777777777777 0.010546875 0.020833333333333332
8 0.67265625 0.26875 0.00625 0.02013888888888889
8 0.58359375 0.2923611111111111 0.00390625 0.014583333333333334
0 0.023046875 0.3277777777777778 0.014453125 0.025
0 0.107421875 0.28402777777777777 0.027734375 0.01875
0 0.18828125 0.28888888888888886 0.0296875 0.016666666666666666
0 0.17109375 0.29930555555555555 0.0140625 0.010416666666666666
2 0.129296875 0.3861111111111111 0.008203125 0.025
2 0.136328125 0.38958333333333334 0.005859375 0.025694444444444443
