9 0.734765625 0.2590277777777778 0.005859375 0.024305555555555556
9 0.7578125 0.30972222222222223 0.00625 0.015277777777777777
9 0.62890625 0.12638888888888888 0.0078125 0.027777777777777776
9 0.378125 0.34097222222222223 0.00546875 0.017361111111111112
9 0.509375 0.33125 0.0046875 0.013194444444444444
9 0.4921875 0.34791666666666665 0.0046875 0.013194444444444444
9 0.743359375 0.3104166666666667 0.008203125 0.013194444444444444
8 0.50078125 0.3527777777777778 0.00546875 0.008333333333333333
8 0.5515625 0.3527777777777778 0.00625 0.008333333333333333
0 0.22734375 0.45694444444444443 0.0203125 0.03333333333333333
0 0.187109375 0.4666666666666667 0.023828125 0.030555555555555555
0 0.127734375 0.4895833333333333 0.044921875 0.03958333333333333
0 0.3734375 0.41805555555555557 0.01796875 0.0125
0 0.525 0.41180555555555554 0.01796875 0.03263888888888889
0 0.605078125 0.44375 0.056640625 0.07430555555555556
0 0.458984375 0.47430555555555554 0.051953125 0.07569444444444444
