9 0.485546875 0.06388888888888888 0.007421875 0.043055555555555555
9 0.505859375 0.05486111111111111 0.005078125 0.04375
9 0.50859375 0.25416666666666665 0.0078125 0.015277777777777777
9 0.482421875 0.24930555555555556 0.008984375 0.02013888888888889
8 0.64765625 0.30625 0.00703125 0.009027777777777777
9 0.683984375 0.33819444444444446 0.002734375 0.013194444444444444
9 0.67265625 0.34791666666666665 0.003125 0.011805555555555555
0 0.68359375 0.39166666666666666 0.00859375 0.015277777777777777
0 0.666015625 0.37430555555555556 0.005859375 0.011805555555555555
0 0.65859375 0.38472222222222224 0.0125 0.018055555555555554
0 0.628125 0.40347222222222223 0.02421875 0.04375
0 0.915625 0.4305555555555556 0.0640625 0.06111111111111111
4 0.74609375 0.3680555555555556 0.0578125 0.08333333333333333
0 0.909375 0.35625 0.03515625 0.011805555555555555
