9 0.588671875 0.18125 0.005078125 0.01875
9 0.243359375 0.27152777777777776 0.002734375 0.02013888888888889
9 0.88359375 0.1423611111111111 0.00546875 0.022916666666666665
9 0.566796875 0.3055555555555556 0.003515625 0.013888888888888888
9 0.58515625 0.30972222222222223 0.00390625 0.016666666666666666
9 0.475 0.32708333333333334 0.00390625 0.010416666666666666
9 0.243359375 0.3111111111111111 0.005859375 0.011111111111111112
9 0.5875 0.34097222222222223 0.00625 0.009027777777777777
9 0.861328125 0.2708333333333333 0.002734375 0.015277777777777777
0 0.555859375 0.38472222222222224 0.016015625 0.027777777777777776
0 0.419140625 0.39444444444444443 0.011328125 0.027777777777777776
2 0.311328125 0.38472222222222224 0.008203125 0.027777777777777776
9 0.35 0.34791666666666665 0.00390625 0.013194444444444444
8 0.62734375 0.3159722222222222 0.00703125 0.014583333333333334
0 0.485546875 0.46319444444444446 0.080859375 0.11736111111111111
0 0.198046875 0.44722222222222224 0.106640625 0.12083333333333333
2 0.93515625 0.36666666666666664 0.00625 0.020833333333333332
2 0.9046875 0.3645833333333333 0.00390625 0.022916666666666665
2 0.8890625 0.37916666666666665 0.0109375 0.04722222222222222
2 0.739453125 0.3645833333333333 0.005859375 0.017361111111111112
0 0.90546875 0.5472222222222223 0.09375 0.225
