0 0.148046875 0.49930555555555556 0.147265625 0.18819444444444444
0 0.49921875 0.4722222222222222 0.0765625 0.125
0 0.365234375 0.4131944444444444 0.044921875 0.050694444444444445
0 0.416796875 0.4041666666666667 0.013671875 0.027777777777777776
0 0.433984375 0.39166666666666666 0.008984375 0.019444444444444445
8 0.358203125 0.32083333333333336 0.006640625 0.006944444444444444
9 0.72578125 0.34375 0.00390625 0.010416666666666666
9 0.82109375 0.36527777777777776 0.00546875 0.008333333333333333
0 0.55390625 0.3770833333333333 0.0140625 0.01875
0 0.8640625 0.39166666666666666 0.03359375 0.025
