9 0.504296875 0.34791666666666665 0.001953125 0.011805555555555555
9 0.453515625 0.3416666666666667 0.002734375 0.013888888888888888
8 0.5078125 0.3659722222222222 0.00859375 0.003472222222222222
0 0.480859375 0.39166666666666666 0.010546875 0.015277777777777777
0 0.5046875 0.39305555555555555 0.0078125 0.006944444444444444
0 0.528515625 0.3875 0.008203125 0.029166666666666667
0 0.544140625 0.38125 0.010546875 0.025694444444444443
0 0.5890625 0.38472222222222224 0.04375 0.06388888888888888
0 0.6375 0.41041666666666665 0.05078125 0.07152777777777777
0 0.438671875 0.40347222222222223 0.023828125 0.03680555555555556
0 0.3984375 0.3861111111111111 0.0140625 0.030555555555555555
0 0.36953125 0.4041666666666667 0.0140625 0.022222222222222223
0 0.350390625 0.40694444444444444 0.010546875 0.02361111111111111
0 0.3296875 0.40694444444444444 0.02109375 0.0375
0 0.291015625 0.41388888888888886 0.026171875 0.044444444444444446
0 0.225 0.42430555555555555 0.0515625 0.06180555555555556
0 0.098828125 0.46597222222222223 0.083203125 0.08263888888888889
0 0.944140625 0.6486111111111111 0.051953125 0.1527777777777778
