4 0.916796875 0.29583333333333334 0.081640625 0.23472222222222222
9 0.7953125 0.31180555555555556 0.00546875 0.011805555555555555
9 0.795703125 0.33611111111111114 0.004296875 0.008333333333333333
9 0.76484375 0.3194444444444444 0.00390625 0.0125
8 0.172265625 0.2833333333333333 0.030859375 0.030555555555555555
8 0.1734375 0.20347222222222222 0.03046875 0.04791666666666667
0 0.381640625 0.36527777777777776 0.021484375 0.04861111111111111
0 0.82890625 0.4215277777777778 0.02890625 0.03958333333333333
0 0.754296875 0.42986111111111114 0.049609375 0.05347222222222222
0 0.676953125 0.45694444444444443 0.055859375 0.09444444444444444
0 0.498828125 0.4986111111111111 0.148046875 0.23194444444444445
