0 0.04375 0.5555555555555556 0.04375 0.11666666666666667
4 0.268359375 0.47152777777777777 0.051953125 0.06319444444444444
4 0.479296875 0.3111111111111111 0.103515625 0.24444444444444444
0 0.34765625 0.44375 0.02265625 0.03680555555555556
0 0.742578125 0.40694444444444444 0.116796875 0.13194444444444445
0 0.616015625 0.42916666666666664 0.026953125 0.058333333333333334
0 0.58984375 0.4111111111111111 0.025 0.05277777777777778
0 0.374609375 0.4340277777777778 0.007421875 0.025694444444444443
0 0.3859375 0.43125 0.009375 0.021527777777777778
0 0.39921875 0.4465277777777778 0.00390625 0.011805555555555555
8 0.306640625 0.3298611111111111 0.009765625 0.02013888888888889
8 0.614453125 0.3090277777777778 0.004296875 0.013194444444444444
8 0.246484375 0.38819444444444445 0.008203125 0.009027777777777777
