0 0.265625 0.4305555555555556 0.01640625 0.025
0 0.321484375 0.41944444444444445 0.012109375 0.013888888888888888
0 0.216796875 0.4375 0.024609375 0.027777777777777776
0 0.178125 0.44027777777777777 0.03515625 0.029166666666666667
0 0.096484375 0.4354166666666667 0.037890625 0.035416666666666666
0 0.036328125 0.44583333333333336 0.036328125 0.05
0 0.574609375 0.425 0.016015625 0.02361111111111111
0 0.623046875 0.4409722222222222 0.041015625 0.04652777777777778
0 0.476953125 0.40555555555555556 0.006640625 0.011111111111111112
4 0.557421875 0.3840277777777778 0.026171875 0.05347222222222222
8 0.397265625 0.09722222222222222 0.069921875 0.07222222222222222
8 0.437890625 0.375 0.006640625 0.009722222222222222
8 0.4515625 0.38333333333333336 0.00390625 0.006944444444444444
9 0.4515625 0.3590277777777778 0.00546875 0.014583333333333334
9 0.32421875 0.3784722222222222 0.0046875 0.00625
8 0.437109375 0.32083333333333336 0.005859375 0.008333333333333333
8 0.437890625 0.35347222222222224 0.007421875 0.00625
0 0.296875 0.4305555555555556 0.02890625 0.025
0 0.3625 0.4215277777777778 0.01484375 0.013194444444444444
8 0.616015625 0.3416666666666667 0.005859375 0.015277777777777777
