0 0.944140625 0.5625 0.054296875 0.044444444444444446
0 0.463671875 0.5479166666666667 0.006640625 0.010416666666666666
0 0.448828125 0.5520833333333334 0.004296875 0.00625
0 0.4421875 0.5534722222222223 0.0046875 0.00625
0 0.43515625 0.5520833333333334 0.00390625 0.00625
0 0.4265625 0.5527777777777778 0.003125 0.006944444444444444
0 0.419921875 0.5555555555555556 0.004296875 0.004166666666666667
0 0.408984375 0.5548611111111111 0.006640625 0.010416666666666666
0 0.3984375 0.5590277777777778 0.00546875 0.009027777777777777
0 0.384375 0.5576388888888889 0.01171875 0.013194444444444444
0 0.35390625 0.5569444444444445 0.01640625 0.02361111111111111
0 0.576953125 0.5451388888888888 0.008203125 0.01597222222222222
0 0.012109375 0.55625 0.012109375 0.025694444444444443
0 0.025 0.6069444444444444 0.025 0.0625
0 0.51796875 0.59375 0.06328125 0.08958333333333333
0 0.74375 0.5895833333333333 0.10390625 0.11458333333333333
0 0.19140625 0.5638888888888889 0.153125 0.17916666666666667
