0 0.42265625 0.5034722222222222 0.0046875 0.00625
0 0.36484375 0.5243055555555556 0.01171875 0.01597222222222222
0 0.38046875 0.5194444444444445 0.00625 0.011111111111111112
0 0.3921875 0.5173611111111112 0.00546875 0.009027777777777777
0 0.3828125 0.5006944444444444 0.00546875 0.009027777777777777
0 0.392578125 0.49583333333333335 0.005859375 0.008333333333333333
0 0.40390625 0.49236111111111114 0.00546875 0.007638888888888889
0 0.40390625 0.5111111111111111 0.00546875 0.006944444444444444
0 0.4140625 0.5090277777777777 0.00390625 0.009027777777777777
0 0.416015625 0.4895833333333333 0.004296875 0.00625
0 0.43359375 0.5027777777777778 0.0046875 0.006944444444444444
0 0.441015625 0.5118055555555555 0.004296875 0.010416666666666666
0 0.45546875 0.49722222222222223 0.0140625 0.029166666666666667
0 0.46171875 0.5194444444444445 0.01015625 0.019444444444444445
0 0.4828125 0.5208333333333334 0.0203125 0.027777777777777776
0 0.421484375 0.5625 0.034765625 0.05277777777777778
1 0.307421875 0.49236111111111114 0.048046875 0.09375
0 0.253125 0.5375 0.00859375 0.019444444444444445
0 0.237890625 0.5291666666666667 0.009765625 0.019444444444444445
0 0.2125 0.5569444444444445 0.0328125 0.03888888888888889
0 0.141796875 0.5597222222222222 0.035546875 0.03194444444444444
0 0.0703125 0.56875 0.0234375 0.029861111111111113
0 0.536328125 0.5430555555555555 0.034765625 0.05277777777777778
0 0.571484375 0.5222222222222223 0.010546875 0.02361111111111111
4 0.59765625 0.5354166666666667 0.0296875 0.03958333333333333
0 0.62265625 0.5277777777777778 0.01171875 0.02361111111111111
0 0.646875 0.5222222222222223 0.01875 0.027777777777777776
0 0.6765625 0.5361111111111111 0.034375 0.03194444444444444
0 0.7296875 0.5347222222222222 0.02265625 0.027777777777777776
0 0.9109375 0.5361111111111111 0.05078125 0.044444444444444446
0 0.873046875 0.5611111111111111 0.039453125 0.044444444444444446
0 0.787890625 0.5715277777777777 0.076953125 0.06458333333333334
4 0.0390625 0.4895833333333333 0.0390625 0.1840277777777778
