9 0.48359375 0.34375 0.0046875 0.011805555555555555
9 0.60546875 0.30416666666666664 0.0046875 0.018055555555555554
0 0.533984375 0.40694444444444444 0.015234375 0.020833333333333332
0 0.694921875 0.42083333333333334 0.008984375 0.02361111111111111
0 0.734765625 0.4423611111111111 0.030859375 0.049305555555555554
0 0.764453125 0.4673611111111111 0.034765625 0.06458333333333334
0 0.50234375 0.4111111111111111 0.0140625 0.016666666666666666
0 0.46875 0.41458333333333336 0.01875 0.025694444444444443
0 0.41171875 0.40694444444444444 0.0171875 0.016666666666666666
0 0.37109375 0.40347222222222223 0.02109375 0.014583333333333334
0 0.315625 0.4013888888888889 0.021875 0.020833333333333332
0 0.270703125 0.39652777777777776 0.018359375 0.01875
0 0.237109375 0.3902777777777778 0.015234375 0.025
0 0.08828125 0.38958333333333334 0.08046875 0.049305555555555554
9 0.133984375 0.3229166666666667 0.008203125 0.011805555555555555
0 0.61484375 0.4986111111111111 0.10546875 0.1375
0 0.834375 0.5083333333333333 0.071875 0.09444444444444444
9 0.812109375 0.32708333333333334 0.008203125 0.01597222222222222
9 0.972265625 0.17291666666666666 0.012109375 0.02013888888888889
