0 0.487109375 0.2916666666666667 0.023828125 0.04583333333333333
0 0.052734375 0.3736111111111111 0.008203125 0.009722222222222222
0 0.074609375 0.37222222222222223 0.011328125 0.011111111111111112
0 0.09609375 0.37222222222222223 0.0125 0.011111111111111112
0 0.109375 0.38125 0.01796875 0.010416666666666666
0 0.14453125 0.37916666666666665 0.0171875 0.0125
0 0.173046875 0.3770833333333333 0.016015625 0.007638888888888889
0 0.0390625 0.38958333333333334 0.021875 0.014583333333333334
0 0.0296875 0.41805555555555557 0.025 0.02638888888888889
0 0.182421875 0.4131944444444444 0.010546875 0.017361111111111112
0 0.205859375 0.41388888888888886 0.016796875 0.02638888888888889
0 0.3546875 0.44722222222222224 0.0515625 0.05
0 0.14453125 0.4152777777777778 0.01484375 0.022222222222222223
0 0.09296875 0.4326388888888889 0.03671875 0.04652777777777778
