8 0.7296875 0.35833333333333334 0.00859375 0.020833333333333332
8 0.728125 0.27361111111111114 0.0125 0.02361111111111111
8 0.731640625 0.2222222222222222 0.014453125 0.02361111111111111
0 0.06640625 0.4388888888888889 0.05703125 0.043055555555555555
0 0.571875 0.4041666666666667 0.00546875 0.0125
0 0.5625 0.41041666666666665 0.009375 0.011805555555555555
0 0.553515625 0.4111111111111111 0.008203125 0.011111111111111112
0 0.5390625 0.41805555555555557 0.01171875 0.015277777777777777
0 0.518359375 0.4263888888888889 0.011328125 0.020833333333333332
0 0.63515625 0.40902777777777777 0.00546875 0.013194444444444444
0 0.64296875 0.41041666666666665 0.0078125 0.011805555555555555
0 0.64609375 0.4173611111111111 0.00859375 0.01875
0 0.659765625 0.4305555555555556 0.013671875 0.02361111111111111
5 0.67578125 0.44722222222222224 0.025 0.02361111111111111
0 0.727734375 0.475 0.041015625 0.06805555555555555
0 0.813671875 0.5201388888888889 0.098046875 0.11458333333333333
4 0.616015625 0.3993055555555556 0.013671875 0.027083333333333334
0 0.46953125 0.4388888888888889 0.04140625 0.05277777777777778
0 0.30078125 0.4388888888888889 0.05078125 0.03194444444444444
0 0.17578125 0.43819444444444444 0.05078125 0.02847222222222222
0 0.03828125 0.4534722222222222 0.03828125 0.05486111111111111
0 0.90546875 0.6361111111111111 0.09375 0.29583333333333334
