0 0.042578125 0.4284722222222222 0.017578125 0.010416666666666666
0 0.143359375 0.43333333333333335 0.014453125 0.013888888888888888
0 0.186328125 0.4395833333333333 0.007421875 0.010416666666666666
0 0.31484375 0.4395833333333333 0.0171875 0.010416666666666666
0 0.380078125 0.4395833333333333 0.019140625 0.010416666666666666
0 0.4265625 0.4423611111111111 0.01171875 0.010416666666666666
0 0.45234375 0.4479166666666667 0.0109375 0.004861111111111111
0 0.476171875 0.44305555555555554 0.009765625 0.006944444444444444
0 0.51328125 0.4513888888888889 0.0125 0.015277777777777777
0 0.5703125 0.44583333333333336 0.009375 0.013888888888888888
0 0.546484375 0.45416666666666666 0.014453125 0.022222222222222223
0 0.5953125 0.4479166666666667 0.01171875 0.01597222222222222
0 0.64296875 0.4861111111111111 0.03671875 0.05277777777777778
9 0.497265625 0.3840277777777778 0.003515625 0.011805555555555555
9 0.5921875 0.3840277777777778 0.003125 0.011805555555555555
9 0.5921875 0.40625 0.003125 0.010416666666666666
9 0.565625 0.4201388888888889 0.003125 0.010416666666666666
