0 0.48828125 0.48680555555555555 0.00546875 0.007638888888888889
0 0.476953125 0.48541666666666666 0.005859375 0.009027777777777777
0 0.46328125 0.48125 0.0109375 0.01597222222222222
0 0.4390625 0.4736111111111111 0.01328125 0.009722222222222222
0 0.417578125 0.4701388888888889 0.010546875 0.013194444444444444
0 0.382421875 0.46944444444444444 0.030859375 0.016666666666666666
0 0.333203125 0.4722222222222222 0.021484375 0.013888888888888888
0 0.290234375 0.4701388888888889 0.023828125 0.01597222222222222
0 0.248828125 0.46944444444444444 0.026953125 0.016666666666666666
0 0.215234375 0.4777777777777778 0.012890625 0.009722222222222222
0 0.16875 0.4701388888888889 0.03046875 0.017361111111111112
0 0.12890625 0.4777777777777778 0.01171875 0.009722222222222222
0 0.087890625 0.4791666666666667 0.017578125 0.008333333333333333
0 0.048046875 0.4840277777777778 0.020703125 0.013194444444444444
0 0.566015625 0.48333333333333334 0.008984375 0.018055555555555554
0 0.57109375 0.48819444444444443 0.00625 0.024305555555555556
0 0.581640625 0.48819444444444443 0.014453125 0.024305555555555556
0 0.590625 0.49236111111111114 0.0171875 0.024305555555555556
0 0.68046875 0.5368055555555555 0.03203125 0.07291666666666667
0 0.83125 0.5416666666666666 0.1515625 0.18194444444444444
0 0.016015625 0.4826388888888889 0.016015625 0.011805555555555555
1 0.53125 0.46111111111111114 0.03359375 0.06944444444444445
0 0.94765625 0.6194444444444445 0.0515625 0.2569444444444444
0 0.36328125 0.7916666666666666 0.01015625 0.001388888888888889
9 0.5671875 0.42569444444444443 0.003125 0.011805555555555555
9 0.569921875 0.44583333333333336 0.002734375 0.013888888888888888
4 0.665625 0.4583333333333333 0.06640625 0.10694444444444444
