8 0.1625 0.2638888888888889 0.0234375 0.016666666666666666
8 0.034375 0.29930555555555555 0.0171875 0.01875
9 0.2265625 0.26458333333333334 0.00859375 0.03263888888888889
9 0.533203125 0.3527777777777778 0.005859375 0.018055555555555554
9 0.542578125 0.35208333333333336 0.005078125 0.017361111111111112
9 0.523828125 0.35138888888888886 0.004296875 0.020833333333333332
9 0.07890625 0.30833333333333335 0.01171875 0.027777777777777776
9 0.151171875 0.3770833333333333 0.005078125 0.017361111111111112
9 0.136328125 0.37430555555555556 0.005859375 0.017361111111111112
0 0.225 0.5215277777777778 0.02734375 0.01875
0 0.335546875 0.5284722222222222 0.035546875 0.04652777777777778
0 0.712890625 0.5229166666666667 0.015234375 0.04652777777777778
0 0.80703125 0.5354166666666667 0.02109375 0.05347222222222222
4 0.100390625 0.5138888888888888 0.100390625 0.08055555555555556
0 0.903515625 0.5618055555555556 0.094921875 0.09236111111111112
0 0.53671875 0.6409722222222223 0.21171875 0.28402777777777777
