9 0.25 0.19930555555555557 0.00625 0.027083333333333334
9 0.953125 0.3 0.01328125 0.04583333333333333
9 0.982421875 0.3034722222222222 0.008984375 0.052083333333333336
9 0.64765625 0.33055555555555555 0.00625 0.019444444444444445
9 0.67734375 0.34305555555555556 0.00390625 0.02361111111111111
9 0.70859375 0.18819444444444444 0.00546875 0.025694444444444443
8 0.958984375 0.22430555555555556 0.009765625 0.017361111111111112
8 0.904296875 0.30069444444444443 0.012890625 0.010416666666666666
8 0.903125 0.3236111111111111 0.01015625 0.009722222222222222
8 0.90390625 0.3506944444444444 0.00703125 0.011805555555555555
8 0.744140625 0.3090277777777778 0.008203125 0.017361111111111112
8 0.762109375 0.30972222222222223 0.007421875 0.013888888888888888
8 0.4765625 0.34097222222222223 0.00625 0.013194444444444444
8 0.439453125 0.3770833333333333 0.005859375 0.010416666666666666
8 0.43046875 0.3763888888888889 0.00546875 0.006944444444444444
8 0.415234375 0.37083333333333335 0.003515625 0.0125
2 0.458984375 0.41180555555555554 0.004296875 0.025694444444444443
0 0.29609375 0.3840277777777778 0.00546875 0.009027777777777777
0 0.309765625 0.3861111111111111 0.008203125 0.011111111111111112
0 0.328125 0.39444444444444443 0.0046875 0.006944444444444444
0 0.333984375 0.39861111111111114 0.008203125 0.008333333333333333
0 0.343359375 0.40208333333333335 0.005859375 0.009027777777777777
0 0.353125 0.40555555555555556 0.0046875 0.008333333333333333
0 0.362109375 0.4083333333333333 0.006640625 0.009722222222222222
0 0.370703125 0.41041666666666665 0.008984375 0.011805555555555555
0 0.37890625 0.41041666666666665 0.00625 0.011805555555555555
0 0.3921875 0.41805555555555557 0.0125 0.016666666666666666
0 0.264453125 0.4131944444444444 0.021484375 0.029861111111111113
0 0.179296875 0.44027777777777777 0.052734375 0.058333333333333334
3 0.62265625 0.46458333333333335 0.02578125 0.034027777777777775
3 0.65859375 0.4583333333333333 0.01640625 0.03194444444444444
3 0.69453125 0.46597222222222223 0.0171875 0.022916666666666665
7 0.618359375 0.43472222222222223 0.010546875 0.05138888888888889
7 0.65546875 0.42777777777777776 0.01328125 0.05
7 0.694921875 0.4444444444444444 0.009765625 0.0375
0 0.756640625 0.4395833333333333 0.049609375 0.029861111111111113
0 0.8109375 0.4423611111111111 0.0390625 0.02013888888888889
2 0.840234375 0.42986111111111114 0.012890625 0.050694444444444445
9 0.668359375 0.35555555555555557 0.002734375 0.0125
