8 0.755859375 0.3993055555555556 0.013671875 0.017361111111111112
8 0.344921875 0.49583333333333335 0.007421875 0.008333333333333333
9 0.471875 0.5194444444444445 0.0046875 0.008333333333333333
0 0.462890625 0.5597222222222222 0.007421875 0.009722222222222222
0 0.452734375 0.5625 0.008984375 0.016666666666666666
0 0.4390625 0.5659722222222222 0.0125 0.01875
0 0.43046875 0.5770833333333333 0.015625 0.021527777777777778
0 0.38359375 0.5854166666666667 0.0390625 0.05625
0 0.316796875 0.6375 0.050390625 0.08472222222222223
0 0.191015625 0.6729166666666667 0.122265625 0.14652777777777778
1 0.489453125 0.5486111111111112 0.015234375 0.029166666666666667
0 0.081640625 0.7756944444444445 0.081640625 0.22152777777777777
