0 0.333984375 0.3486111111111111 0.005859375 0.006944444444444444
0 0.327734375 0.37083333333333335 0.006640625 0.008333333333333333
0 0.315625 0.36944444444444446 0.00703125 0.009722222222222222
0 0.312890625 0.3763888888888889 0.006640625 0.009722222222222222
0 0.306640625 0.38472222222222224 0.011328125 0.009722222222222222
0 0.3234375 0.3875 0.009375 0.008333333333333333
0 0.32421875 0.3958333333333333 0.00859375 0.009722222222222222
0 0.311328125 0.40347222222222223 0.009765625 0.014583333333333334
0 0.290234375 0.40347222222222223 0.010546875 0.013194444444444444
0 0.249609375 0.42777777777777776 0.013671875 0.02361111111111111
0 0.228125 0.4340277777777778 0.0203125 0.027083333333333334
0 0.34140625 0.3861111111111111 0.00703125 0.008333333333333333
0 0.344140625 0.3972222222222222 0.009765625 0.009722222222222222
0 0.16875 0.4861111111111111 0.02265625 0.0375
0 0.135546875 0.4875 0.029296875 0.04861111111111111
0 0.0875 0.49583333333333335 0.0453125 0.05694444444444444
0 0.040234375 0.5145833333333333 0.040234375 0.06319444444444444
0 0.359765625 0.3875 0.005859375 0.009722222222222222
0 0.3625 0.39375 0.0078125 0.010416666666666666
0 0.36875 0.40347222222222223 0.009375 0.013194444444444444
0 0.37421875 0.42430555555555555 0.0109375 0.021527777777777778
0 0.39609375 0.42777777777777776 0.01796875 0.03333333333333333
0 0.28203125 0.4486111111111111 0.02265625 0.03194444444444444
0 0.41640625 0.4826388888888889 0.01640625 0.03125
0 0.44453125 0.49236111111111114 0.03359375 0.04652777777777778
0 0.478515625 0.5104166666666666 0.044140625 0.05486111111111111
8 0.465625 0.35 0.009375 0.008333333333333333
8 0.4546875 0.37083333333333335 0.0125 0.011111111111111112
8 0.183984375 0.3388888888888889 0.008203125 0.008333333333333333
8 0.19375 0.36736111111111114 0.0109375 0.007638888888888889
8 0.117578125 0.40555555555555556 0.015234375 0.029166666666666667
8 0.25390625 0.38472222222222224 0.00546875 0.009722222222222222
8 0.294140625 0.3472222222222222 0.003515625 0.009722222222222222
8 0.300390625 0.34652777777777777 0.004296875 0.010416666666666666
8 0.29765625 0.34791666666666665 0.00390625 0.011805555555555555
8 0.360546875 0.35138888888888886 0.004296875 0.013888888888888888
0 0.19375 0.4152777777777778 0.0203125 0.019444444444444445
