8 0.224609375 0.45555555555555555 0.014453125 0.027777777777777776
8 0.14296875 0.475 0.00390625 0.015277777777777777
8 0.431640625 0.45069444444444445 0.006640625 0.011805555555555555
8 0.521484375 0.4486111111111111 0.004296875 0.009722222222222222
8 0.7828125 0.39305555555555555 0.00625 0.008333333333333333
8 0.7359375 0.39375 0.009375 0.007638888888888889
8 0.720703125 0.39305555555555555 0.005859375 0.008333333333333333
8 0.88671875 0.3104166666666667 0.00390625 0.00625
8 0.894140625 0.32222222222222224 0.011328125 0.006944444444444444
8 0.883203125 0.35555555555555557 0.005078125 0.008333333333333333
0 0.3 0.5263888888888889 0.0609375 0.059722222222222225
0 0.423046875 0.5201388888888889 0.054296875 0.05763888888888889
0 0.5515625 0.55 0.06875 0.09027777777777778
0 0.608984375 0.4673611111111111 0.022265625 0.029861111111111113
0 0.6359375 0.46597222222222223 0.01015625 0.017361111111111112
0 0.534375 0.46041666666666664 0.0171875 0.011805555555555555
0 0.488671875 0.4861111111111111 0.021484375 0.03333333333333333
0 0.655078125 0.4527777777777778 0.010546875 0.020833333333333332
0 0.6765625 0.4527777777777778 0.0109375 0.013888888888888888
0 0.69296875 0.4465277777777778 0.00546875 0.010416666666666666
0 0.56640625 0.4527777777777778 0.0125 0.009722222222222222
4 0.375390625 0.46805555555555556 0.030859375 0.03194444444444444
0 0.4578125 0.4625 0.015625 0.02361111111111111
0 0.501171875 0.45069444444444445 0.016015625 0.009027777777777777
0 0.712890625 0.4388888888888889 0.008203125 0.006944444444444444
1 0.766796875 0.4236111111111111 0.005078125 0.0125
0 0.75546875 0.4284722222222222 0.00546875 0.007638888888888889
0 0.72734375 0.43125 0.0046875 0.007638888888888889
