0 0.433203125 0.5791666666666667 0.005078125 0.013888888888888888
0 0.4421875 0.5756944444444444 0.00546875 0.014583333333333334
0 0.448828125 0.5819444444444445 0.007421875 0.020833333333333332
0 0.458203125 0.5833333333333334 0.005859375 0.022222222222222223
0 0.492578125 0.5722222222222222 0.029296875 0.0375
0 0.509765625 0.5868055555555556 0.034765625 0.04791666666666667
0 0.40859375 0.5791666666666667 0.00703125 0.013888888888888888
0 0.24375 0.6118055555555556 0.16953125 0.09791666666666667
0 0.93203125 0.5659722222222222 0.06640625 0.07152777777777777
8 0.85703125 0.3958333333333333 0.0125 0.029166666666666667
8 0.0625 0.4618055555555556 0.01640625 0.027083333333333334
8 0.1390625 0.5583333333333333 0.0078125 0.025
