8 0.517578125 0.4173611111111111 0.008203125 0.014583333333333334
8 0.0390625 0.275 0.00546875 0.015277777777777777
0 0.088671875 0.60625 0.088671875 0.19930555555555557
0 0.125 0.44930555555555557 0.06171875 0.04513888888888889
0 0.2421875 0.5034722222222222 0.07421875 0.07291666666666667
0 0.358203125 0.4722222222222222 0.021484375 0.02638888888888889
0 0.379296875 0.4673611111111111 0.012109375 0.022916666666666665
0 0.391796875 0.46319444444444446 0.005859375 0.017361111111111112
0 0.46328125 0.46805555555555556 0.01015625 0.019444444444444445
0 0.4734375 0.4701388888888889 0.0125 0.024305555555555556
0 0.489453125 0.47638888888888886 0.012890625 0.03194444444444444
0 0.51015625 0.48125 0.021875 0.03958333333333333
0 0.550390625 0.5013888888888889 0.038671875 0.05555555555555555
0 0.698046875 0.49027777777777776 0.064453125 0.044444444444444446
0 0.871484375 0.6680555555555555 0.126171875 0.22361111111111112
0 0.305078125 0.45625 0.016796875 0.017361111111111112
