9 0.72265625 0.37430555555555556 0.00546875 0.021527777777777778
9 0.919140625 0.3909722222222222 0.005859375 0.024305555555555556
9 0.623046875 0.5145833333333333 0.003515625 0.007638888888888889
9 0.6890625 0.5138888888888888 0.003125 0.008333333333333333
9 0.918359375 0.5020833333333333 0.006640625 0.014583333333333334
9 0.47578125 0.3486111111111111 0.00703125 0.027777777777777776
8 0.912109375 0.46944444444444444 0.008203125 0.009722222222222222
8 0.768359375 0.46597222222222223 0.011328125 0.013194444444444444
8 0.785546875 0.5152777777777777 0.005859375 0.009722222222222222
0 0.6390625 0.5569444444444445 0.00390625 0.006944444444444444
0 0.678125 0.5541666666666667 0.00546875 0.011111111111111112
0 0.6484375 0.5590277777777778 0.0046875 0.009027777777777777
0 0.628515625 0.5638888888888889 0.006640625 0.013888888888888888
0 0.614453125 0.5645833333333333 0.008203125 0.021527777777777778
0 0.6109375 0.5819444444444445 0.00625 0.025
0 0.560546875 0.56875 0.004296875 0.013194444444444444
0 0.525390625 0.5590277777777778 0.013671875 0.009027777777777777
0 0.544140625 0.5847222222222223 0.012109375 0.022222222222222223
0 0.482421875 0.5854166666666667 0.013671875 0.02847222222222222
0 0.757421875 0.5680555555555555 0.031640625 0.02361111111111111
0 0.93359375 0.6354166666666666 0.0578125 0.07152777777777777
0 0.8859375 0.6729166666666667 0.075 0.09513888888888888
0 0.67734375 0.5777777777777777 0.0328125 0.008333333333333333
0 0.44296875 0.5881944444444445 0.03125 0.03819444444444445
0 0.509765625 0.5958333333333333 0.026953125 0.03194444444444444
0 0.582421875 0.5868055555555556 0.026171875 0.04097222222222222
0 0.18515625 0.7451388888888889 0.18515625 0.2520833333333333
0 0.75234375 0.7888888888888889 0.1875 0.20833333333333334
0 0.98828125 0.88125 0.0109375 0.11041666666666666
2 0.338671875 0.5527777777777778 0.005859375 0.016666666666666666
2 0.355859375 0.5548611111111111 0.006640625 0.01875
4 0.578125 0.5305555555555556 0.0171875 0.016666666666666666
