8 0.758203125 0.24583333333333332 0.010546875 0.016666666666666666
0 0.398828125 0.40902777777777777 0.026953125 0.034027777777777775
0 0.363671875 0.4166666666666667 0.018359375 0.0375
0 0.31171875 0.41597222222222224 0.03515625 0.050694444444444445
0 0.240234375 0.43819444444444444 0.048046875 0.06597222222222222
0 0.62109375 0.42569444444444443 0.0375 0.07152777777777777
0 0.62734375 0.45416666666666666 0.0234375 0.06111111111111111
0 0.68203125 0.4861111111111111 0.06640625 0.1
0 0.10390625 0.46041666666666664 0.10390625 0.10902777777777778
0 0.84296875 0.5854166666666667 0.15625 0.16180555555555556
0 0.43828125 0.4083333333333333 0.01484375 0.030555555555555555
0 0.463671875 0.40902777777777777 0.017578125 0.02847222222222222
0 0.492578125 0.40694444444444444 0.009765625 0.02638888888888889
