2 0.144140625 0.44930555555555557 0.008984375 0.04236111111111111
2 0.090625 0.45208333333333334 0.009375 0.03958333333333333
2 0.026953125 0.4513888888888889 0.011328125 0.05
2 0.33046875 0.4305555555555556 0.0046875 0.018055555555555554
2 0.340625 0.42986111111111114 0.00390625 0.017361111111111112
2 0.869140625 0.44305555555555554 0.013671875 0.034722222222222224
2 0.79375 0.42777777777777776 0.0078125 0.03333333333333333
2 0.129296875 0.44583333333333336 0.008984375 0.04027777777777778
9 0.36640625 0.30416666666666664 0.00390625 0.015277777777777777
9 0.578125 0.2965277777777778 0.003125 0.01597222222222222
9 0.374609375 0.30416666666666664 0.004296875 0.015277777777777777
9 0.294921875 0.39166666666666666 0.005078125 0.011111111111111112
9 0.45390625 0.36944444444444446 0.00390625 0.008333333333333333
9 0.584765625 0.2972222222222222 0.004296875 0.013888888888888888
9 0.70546875 0.3625 0.0078125 0.011111111111111112
8 0.225 0.31527777777777777 0.00390625 0.008333333333333333
8 0.22265625 0.3277777777777778 0.01015625 0.006944444444444444
8 0.229296875 0.3458333333333333 0.010546875 0.006944444444444444
9 0.22109375 0.3798611111111111 0.0046875 0.011805555555555555
8 0.644921875 0.3486111111111111 0.005859375 0.004166666666666667
8 0.6421875 0.35833333333333334 0.00703125 0.005555555555555556
8 0.695703125 0.3388888888888889 0.009765625 0.005555555555555556
8 0.709375 0.3034722222222222 0.00625 0.011805555555555555
8 0.711328125 0.325 0.008984375 0.005555555555555556
2 0.637890625 0.41875 0.004296875 0.013194444444444444
2 0.684375 0.41180555555555554 0.00703125 0.010416666666666666
2 0.69609375 0.4305555555555556 0.00390625 0.025
0 0.16484375 0.44305555555555554 0.02734375 0.02638888888888889
0 0.309375 0.42916666666666664 0.0078125 0.013888888888888888
0 0.369140625 0.41805555555555557 0.005078125 0.008333333333333333
0 0.35625 0.4125 0.01796875 0.005555555555555556
0 0.359765625 0.42430555555555555 0.012109375 0.011805555555555555
0 0.33984375 0.425 0.0140625 0.011111111111111112
0 0.31953125 0.42569444444444443 0.0078125 0.011805555555555555
2 0.349609375 0.43472222222222223 0.003515625 0.015277777777777777
0 0.403515625 0.43333333333333335 0.008984375 0.013888888888888888
0 0.45390625 0.43194444444444446 0.0109375 0.015277777777777777
0 0.478125 0.4201388888888889 0.00234375 0.004861111111111111
0 0.475390625 0.41875 0.003515625 0.004861111111111111
0 0.469921875 0.41944444444444445 0.005078125 0.005555555555555556
0 0.51328125 0.42777777777777776 0.01796875 0.029166666666666667
0 0.579296875 0.42777777777777776 0.010546875 0.015277777777777777
2 0.59609375 0.43333333333333335 0.00390625 0.022222222222222223
0 0.60390625 0.43125 0.01640625 0.025694444444444443
0 0.796875 0.4375 0.01953125 0.020833333333333332
4 0.769921875 0.40347222222222223 0.030078125 0.04097222222222222
0 0.5359375 0.44722222222222224 0.03125 0.044444444444444446
0 0.426171875 0.43333333333333335 0.019140625 0.027777777777777776
0 0.484765625 0.4222222222222222 0.005859375 0.006944444444444444
0 0.383203125 0.43194444444444446 0.013671875 0.019444444444444445
1 0.491015625 0.4131944444444444 0.005859375 0.011805555555555555
