8 0.31171875 0.5111111111111111 0.01171875 0.008333333333333333
9 0.475390625 0.54375 0.005859375 0.011805555555555555
9 0.2578125 0.5618055555555556 0.00625 0.010416666666666666
0 0.210546875 0.6347222222222222 0.039453125 0.05694444444444444
0 0.366796875 0.575 0.009765625 0.013888888888888888
0 0.35546875 0.5895833333333333 0.01015625 0.01597222222222222
0 0.41875 0.5465277777777777 0.00546875 0.009027777777777777
0 0.42421875 0.5583333333333333 0.00625 0.011111111111111112
0 0.433984375 0.5722222222222222 0.008984375 0.011111111111111112
0 0.127734375 0.6506944444444445 0.059765625 0.08125
0 0.398046875 0.55 0.008203125 0.009722222222222222
0 0.392578125 0.5736111111111111 0.011328125 0.018055555555555554
0 0.41328125 0.5979166666666667 0.01796875 0.025694444444444443
0 0.339453125 0.6055555555555555 0.012890625 0.018055555555555554
0 0.04765625 0.6680555555555555 0.04765625 0.10972222222222222
0 0.500390625 0.5923611111111111 0.031640625 0.04652777777777778
0 0.558984375 0.6166666666666667 0.051171875 0.058333333333333334
0 0.8328125 0.6604166666666667 0.16484375 0.15069444444444444
