9 0.351953125 0.4465277777777778 0.008984375 0.014583333333333334
9 0.41171875 0.38055555555555554 0.00546875 0.016666666666666666
9 0.64921875 0.37916666666666665 0.00625 0.011111111111111112
9 0.551953125 0.4444444444444444 0.004296875 0.008333333333333333
9 0.56171875 0.44513888888888886 0.0046875 0.009027777777777777
9 0.545703125 0.46111111111111114 0.005859375 0.008333333333333333
9 0.51171875 0.4652777777777778 0.0046875 0.008333333333333333
9 0.4953125 0.4673611111111111 0.00703125 0.010416666666666666
9 0.236328125 0.33958333333333335 0.006640625 0.021527777777777778
9 0.41953125 0.37569444444444444 0.0046875 0.014583333333333334
9 0.618359375 0.4388888888888889 0.005859375 0.011111111111111112
9 0.213671875 0.45694444444444443 0.005859375 0.013888888888888888
8 0.68671875 0.37222222222222223 0.0171875 0.0125
8 0.721875 0.37916666666666665 0.01015625 0.015277777777777777
9 0.580078125 0.4361111111111111 0.005078125 0.008333333333333333
0 0.61015625 0.4527777777777778 0.01171875 0.016666666666666666
0 0.59140625 0.45208333333333334 0.0140625 0.017361111111111112
0 0.56796875 0.45694444444444443 0.01171875 0.0125
0 0.5546875 0.49722222222222223 0.0140625 0.027777777777777776
0 0.512890625 0.49236111111111114 0.012890625 0.01875
0 0.44375 0.5090277777777777 0.01640625 0.027083333333333334
0 0.379296875 0.5215277777777778 0.029296875 0.04375
0 0.86796875 0.5381944444444444 0.059375 0.06458333333333334
4 0.6421875 0.4701388888888889 0.015625 0.03819444444444445
0 0.675 0.49930555555555556 0.01796875 0.021527777777777778
0 0.948046875 0.5743055555555555 0.050390625 0.07013888888888889
0 0.598828125 0.5423611111111111 0.042578125 0.06875
0 0.48671875 0.5423611111111111 0.0390625 0.052083333333333336
0 0.257421875 0.6375 0.159765625 0.14583333333333334
0 0.06796875 0.5923611111111111 0.0671875 0.11875
9 0.769140625 0.44305555555555554 0.004296875 0.011111111111111112
2 0.954296875 0.48055555555555557 0.010546875 0.02638888888888889
