9 0.21875 0.43194444444444446 0.00546875 0.008333333333333333
9 0.17890625 0.4888888888888889 0.00546875 0.008333333333333333
9 0.134375 0.49236111111111114 0.00703125 0.009027777777777777
9 0.30859375 0.4840277777777778 0.00390625 0.007638888888888889
9 0.3421875 0.4583333333333333 0.00234375 0.006944444444444444
8 0.417578125 0.41805555555555557 0.011328125 0.005555555555555556
9 0.395703125 0.4166666666666667 0.001953125 0.015277777777777777
8 0.469140625 0.2798611111111111 0.050390625 0.029861111111111113
8 0.746875 0.22569444444444445 0.0140625 0.01597222222222222
8 0.75078125 0.27361111111111114 0.0140625 0.020833333333333332
8 0.753515625 0.3333333333333333 0.014453125 0.03333333333333333
8 0.626171875 0.3347222222222222 0.011328125 0.015277777777777777
2 0.673046875 0.4625 0.007421875 0.02638888888888889
2 0.64765625 0.4666666666666667 0.01015625 0.022222222222222223
2 0.16640625 0.5277777777777778 0.00625 0.02361111111111111
2 0.2140625 0.51875 0.00546875 0.01875
0 0.39453125 0.49236111111111114 0.0046875 0.009027777777777777
0 0.38046875 0.4965277777777778 0.0078125 0.013194444444444444
0 0.3671875 0.49236111111111114 0.0046875 0.009027777777777777
0 0.35703125 0.4986111111111111 0.0078125 0.009722222222222222
0 0.327734375 0.5 0.005078125 0.008333333333333333
0 0.32109375 0.5 0.00234375 0.009722222222222222
0 0.314453125 0.5048611111111111 0.005078125 0.009027777777777777
0 0.280078125 0.5215277777777778 0.025390625 0.03125
0 0.44296875 0.4930555555555556 0.0125 0.020833333333333332
0 0.065625 0.55 0.04921875 0.04722222222222222
0 0.0140625 0.5715277777777777 0.0140625 0.04236111111111111
9 0.4703125 0.4638888888888889 0.00546875 0.008333333333333333
4 0.52265625 0.51875 0.04609375 0.07430555555555556
0 0.581640625 0.5555555555555556 0.051171875 0.07361111111111111
0 0.715234375 0.6111111111111112 0.137890625 0.12638888888888888
