8 0.726171875 0.09166666666666666 0.033984375 0.09166666666666666
9 0.40703125 0.12291666666666666 0.00859375 0.035416666666666666
9 0.3953125 0.12013888888888889 0.00546875 0.034027777777777775
9 0.422265625 0.12083333333333333 0.009765625 0.03333333333333333
9 0.0703125 0.2701388888888889 0.01640625 0.03263888888888889
9 0.48671875 0.22361111111111112 0.00859375 0.030555555555555555
9 0.476953125 0.21944444444444444 0.008203125 0.03194444444444444
9 0.49921875 0.22361111111111112 0.00625 0.027777777777777776
8 0.55859375 0.40208333333333335 0.00625 0.01875
8 0.559375 0.43333333333333335 0.009375 0.015277777777777777
0 0.443359375 0.47638888888888886 0.023046875 0.034722222222222224
0 0.378125 0.4861111111111111 0.04609375 0.0763888888888889
0 0.782421875 0.5125 0.204296875 0.21805555555555556
8 0.1015625 0.13541666666666666 0.03359375 0.04791666666666667
9 0.262890625 0.3729166666666667 0.005859375 0.009027777777777777
