9 0.21796875 0.30972222222222223 0.0046875 0.015277777777777777
9 0.403125 0.34930555555555554 0.00546875 0.01875
9 0.47890625 0.33958333333333335 0.0046875 0.01597222222222222
9 0.47109375 0.41597222222222224 0.00625 0.010416666666666666
9 0.487109375 0.3923611111111111 0.005859375 0.010416666666666666
8 0.6828125 0.25555555555555554 0.02265625 0.016666666666666666
8 0.6875 0.14722222222222223 0.02421875 0.0375
8 0.666796875 0.2152777777777778 0.014453125 0.013888888888888888
8 0.484375 0.29791666666666666 0.01015625 0.011805555555555555
8 0.430859375 0.3548611111111111 0.012109375 0.007638888888888889
2 0.723828125 0.46041666666666664 0.010546875 0.05486111111111111
2 0.70703125 0.46875 0.0125 0.07013888888888889
2 0.465234375 0.4465277777777778 0.005078125 0.02013888888888889
0 0.36015625 0.43472222222222223 0.0125 0.015277777777777777
0 0.1453125 0.4215277777777778 0.02578125 0.025694444444444443
0 0.20625 0.43333333333333335 0.02578125 0.02638888888888889
0 0.249609375 0.4222222222222222 0.017578125 0.022222222222222223
0 0.29921875 0.44166666666666665 0.01171875 0.0125
0 0.39453125 0.4354166666666667 0.02578125 0.05625
