9 0.0140625 0.2673611111111111 0.0109375 0.014583333333333334
8 0.01015625 0.35694444444444445 0.01015625 0.011111111111111112
2 0.164453125 0.5201388888888889 0.005859375 0.04375
2 0.126953125 0.5375 0.007421875 0.044444444444444446
2 0.178125 0.51875 0.00546875 0.049305555555555554
2 0.155078125 0.5208333333333334 0.008203125 0.044444444444444446
2 0.19140625 0.5145833333333333 0.0078125 0.050694444444444445
2 0.145703125 0.5375 0.014453125 0.059722222222222225
0 0.3609375 0.48819444444444443 0.00703125 0.011805555555555555
0 0.390625 0.4847222222222222 0.0046875 0.008333333333333333
0 0.399609375 0.48680555555555555 0.006640625 0.013194444444444444
0 0.409765625 0.49166666666666664 0.010546875 0.018055555555555554
0 0.42265625 0.49722222222222223 0.0125 0.019444444444444445
0 0.435546875 0.5 0.015234375 0.022222222222222223
0 0.45546875 0.5048611111111111 0.02265625 0.02847222222222222
0 0.37734375 0.48819444444444443 0.009375 0.011805555555555555
0 0.468359375 0.5180555555555556 0.028515625 0.04027777777777778
8 0.4015625 0.46875 0.0046875 0.007638888888888889
8 0.44765625 0.2388888888888889 0.0328125 0.013888888888888888
8 0.558203125 0.3388888888888889 0.012890625 0.006944444444444444
9 0.543359375 0.38055555555555554 0.006640625 0.02361111111111111
9 0.38046875 0.2222222222222222 0.0078125 0.02638888888888889
9 0.39921875 0.22013888888888888 0.009375 0.03125
9 0.5703125 0.4222222222222222 0.01015625 0.013888888888888888
2 0.6265625 0.5125 0.01328125 0.06944444444444445
2 0.687109375 0.5159722222222223 0.012890625 0.05625
5 0.94140625 0.5208333333333334 0.040625 0.044444444444444446
9 0.92890625 0.075 0.01328125 0.041666666666666664
2 0.56796875 0.6993055555555555 0.08671875 0.25069444444444444
2 0.641796875 0.7041666666666667 0.051953125 0.24444444444444444
