9 0.3296875 0.3368055555555556 0.0046875 0.014583333333333334
9 0.515625 0.15208333333333332 0.00625 0.03125
9 0.65390625 0.20833333333333334 0.00859375 0.022222222222222223
9 0.6 0.3402777777777778 0.0078125 0.009722222222222222
9 0.641015625 0.3402777777777778 0.004296875 0.009722222222222222
9 0.608203125 0.3680555555555556 0.003515625 0.009722222222222222
9 0.53046875 0.15486111111111112 0.00703125 0.02847222222222222
9 0.8953125 0.2916666666666667 0.0125 0.02361111111111111
9 0.86328125 0.2986111111111111 0.00703125 0.022222222222222223
9 0.4625 0.36666666666666664 0.00390625 0.011111111111111112
9 0.453515625 0.37083333333333335 0.003515625 0.0125
0 0.31953125 0.4638888888888889 0.08984375 0.10555555555555556
0 0.117578125 0.5520833333333334 0.117578125 0.18680555555555556
0 0.629296875 0.475 0.049609375 0.07222222222222222
9 0.6390625 0.3701388888888889 0.00546875 0.007638888888888889
