0 0.084375 0.5027777777777778 0.084375 0.19583333333333333
0 0.192578125 0.46944444444444444 0.103515625 0.12777777777777777
0 0.456640625 0.5486111111111112 0.222265625 0.2569444444444444
9 0.4984375 0.29444444444444445 0.00390625 0.018055555555555554
8 0.264453125 0.21875 0.027734375 0.02847222222222222
8 0.32109375 0.2298611111111111 0.00859375 0.024305555555555556
8 0.285546875 0.25972222222222224 0.006640625 0.009722222222222222
8 0.395703125 0.2326388888888889 0.026953125 0.03125
8 0.3953125 0.26944444444444443 0.00546875 0.013888888888888888
8 0.413671875 0.27152777777777776 0.005859375 0.013194444444444444
8 0.45859375 0.23194444444444445 0.0203125 0.029166666666666667
8 0.502734375 0.23958333333333334 0.022265625 0.02847222222222222
1 0.03828125 0.16597222222222222 0.03828125 0.09097222222222222
1 0.150390625 0.24513888888888888 0.076171875 0.08680555555555555
