0 0.41953125 0.38125 0.00546875 0.010416666666666666
0 0.4359375 0.36527777777777776 0.0109375 0.013888888888888888
0 0.4421875 0.3888888888888889 0.01328125 0.016666666666666666
7 0.465234375 0.38680555555555557 0.005859375 0.009027777777777777
5 0.46484375 0.40069444444444446 0.0046875 0.009027777777777777
0 0.3921875 0.3736111111111111 0.00859375 0.0125
0 0.403125 0.40208333333333335 0.01796875 0.024305555555555556
0 0.307421875 0.4173611111111111 0.031640625 0.04652777777777778
0 0.2484375 0.41458333333333336 0.03828125 0.05763888888888889
0 0.1515625 0.42777777777777776 0.0796875 0.08333333333333333
0 0.077734375 0.46111111111111114 0.077734375 0.12777777777777777
8 0.664453125 0.19652777777777777 0.011328125 0.03263888888888889
