0 0.06171875 0.5354166666666667 0.06171875 0.14930555555555555
0 0.14140625 0.5541666666666667 0.053125 0.06944444444444445
0 0.197265625 0.5402777777777777 0.039453125 0.05694444444444444
4 0.22890625 0.48333333333333334 0.05859375 0.09027777777777778
0 0.29453125 0.5111111111111111 0.01328125 0.03611111111111111
0 0.31484375 0.5041666666666667 0.0125 0.025
0 0.334765625 0.5076388888888889 0.012890625 0.017361111111111112
0 0.50703125 0.5326388888888889 0.02734375 0.04791666666666667
0 0.56640625 0.53125 0.05 0.07291666666666667
0 0.666796875 0.5590277777777778 0.086328125 0.09930555555555555
0 0.84453125 0.6194444444444445 0.1515625 0.14166666666666666
0 0.396875 0.5118055555555555 0.0125 0.017361111111111112
4 0.366796875 0.49583333333333335 0.012109375 0.022222222222222223
4 0.46015625 0.4847222222222222 0.046875 0.05694444444444444
