9 0.216015625 0.1361111111111111 0.012109375 0.043055555555555555
9 0.481640625 0.37430555555555556 0.003515625 0.014583333333333334
9 0.380859375 0.4395833333333333 0.006640625 0.02013888888888889
9 0.348046875 0.4326388888888889 0.004296875 0.013194444444444444
9 0.58203125 0.41180555555555554 0.01953125 0.01875
8 0.46796875 0.4409722222222222 0.00859375 0.01875
0 0.428125 0.5201388888888889 0.0171875 0.024305555555555556
0 0.339453125 0.5423611111111111 0.052734375 0.06458333333333334
9 0.505078125 0.4597222222222222 0.007421875 0.013888888888888888
8 0.076171875 0.3798611111111111 0.011328125 0.025694444444444443
