8 0.3609375 0.4534722222222222 0.00859375 0.007638888888888889
8 0.34609375 0.46041666666666664 0.00703125 0.009027777777777777
8 0.4515625 0.4527777777777778 0.0046875 0.016666666666666666
2 0.5265625 0.5229166666666667 0.01171875 0.04236111111111111
2 0.55625 0.5375 0.015625 0.07083333333333333
0 0.01640625 0.5104166666666666 0.015625 0.04513888888888889
0 0.0515625 0.5125 0.03359375 0.04027777777777778
0 0.11484375 0.5020833333333333 0.0359375 0.03958333333333333
0 0.4203125 0.50625 0.009375 0.017361111111111112
0 0.433203125 0.5090277777777777 0.008203125 0.02013888888888889
0 0.458203125 0.5118055555555555 0.020703125 0.02847222222222222
0 0.503515625 0.5125 0.037109375 0.04583333333333333
0 0.55390625 0.5055555555555555 0.03515625 0.058333333333333334
0 0.6890625 0.5006944444444444 0.12265625 0.16597222222222222
2 0.831640625 0.5347222222222222 0.016796875 0.04722222222222222
2 0.904296875 0.5083333333333333 0.027734375 0.08472222222222223
8 0.773046875 0.2881944444444444 0.014453125 0.034027777777777775
0 0.39140625 0.5125 0.01640625 0.022222222222222223
8 0.363671875 0.5041666666666667 0.006640625 0.004166666666666667
