8 0.53984375 0.4083333333333333 0.00859375 0.013888888888888888
4 0.33046875 0.5284722222222222 0.065625 0.12708333333333333
0 0.005078125 0.7243055555555555 0.005078125 0.08263888888888889
0 0.190625 0.6076388888888888 0.0421875 0.03958333333333333
4 0.235546875 0.5881944444444445 0.028515625 0.04513888888888889
0 0.44375 0.5527777777777778 0.00625 0.011111111111111112
0 0.44453125 0.5326388888888889 0.00546875 0.007638888888888889
0 0.4171875 0.5513888888888889 0.009375 0.015277777777777777
0 0.397265625 0.5444444444444444 0.005859375 0.011111111111111112
0 0.42421875 0.5208333333333334 0.003125 0.008333333333333333
0 0.415234375 0.5277777777777778 0.005859375 0.006944444444444444
1 0.405078125 0.5111111111111111 0.005859375 0.013888888888888888
