0 0.388671875 0.5673611111111111 0.012109375 0.014583333333333334
0 0.385546875 0.5479166666666667 0.007421875 0.010416666666666666
0 0.32890625 0.5680555555555555 0.00625 0.0125
0 0.31796875 0.5680555555555555 0.01015625 0.018055555555555554
0 0.421484375 0.5506944444444445 0.005859375 0.013194444444444444
4 0.434765625 0.5486111111111112 0.009765625 0.022222222222222223
6 0.353515625 0.375 0.194921875 0.0625
9 0.506640625 0.3875 0.003515625 0.016666666666666666
9 0.3390625 0.425 0.00390625 0.015277777777777777
0 0.6703125 0.5444444444444444 0.02890625 0.029166666666666667
0 0.358984375 0.5826388888888889 0.026953125 0.035416666666666666
0 0.454296875 0.5729166666666666 0.031640625 0.04375
0 0.410546875 0.5631944444444444 0.014453125 0.021527777777777778
0 0.29140625 0.5840277777777778 0.028125 0.03680555555555556
9 0.346875 0.42430555555555555 0.00390625 0.01597222222222222
9 0.4953125 0.38819444444444445 0.00703125 0.017361111111111112
9 0.51328125 0.38819444444444445 0.0046875 0.017361111111111112
8 0.62265625 0.4263888888888889 0.01171875 0.019444444444444445
8 0.758203125 0.4 0.010546875 0.0125
8 0.515234375 0.47708333333333336 0.008984375 0.025694444444444443
9 0.61328125 0.3576388888888889 0.00546875 0.022916666666666665
9 0.63671875 0.4638888888888889 0.00703125 0.013888888888888888
4 0.07578125 0.5625 0.07578125 0.1986111111111111
2 0.155859375 0.61875 0.013671875 0.050694444444444445
