8 0.26015625 0.18472222222222223 0.0328125 0.04027777777777778
8 0.30703125 0.375 0.01015625 0.013888888888888888
8 0.308203125 0.3993055555555556 0.011328125 0.010416666666666666
8 0.305078125 0.4215277777777778 0.007421875 0.010416666666666666
8 0.2828125 0.37569444444444444 0.00625 0.014583333333333334
8 0.4859375 0.42291666666666666 0.0125 0.004861111111111111
8 0.565234375 0.43333333333333335 0.009765625 0.008333333333333333
9 0.5546875 0.4527777777777778 0.003125 0.006944444444444444
9 0.56328125 0.4513888888888889 0.00390625 0.008333333333333333
9 0.466796875 0.4166666666666667 0.003515625 0.008333333333333333
9 0.5234375 0.46319444444444446 0.0015625 0.007638888888888889
8 0.534765625 0.4625 0.005078125 0.006944444444444444
0 0.522265625 0.49166666666666664 0.006640625 0.0125
0 0.53828125 0.49583333333333335 0.0171875 0.02638888888888889
0 0.558984375 0.5118055555555555 0.035546875 0.05486111111111111
0 0.657421875 0.5458333333333333 0.104296875 0.15555555555555556
0 0.37421875 0.40902777777777777 0.0609375 0.02847222222222222
0 0.3984375 0.6152777777777778 0.1671875 0.1986111111111111
0 0.8484375 0.49375 0.15078125 0.3451388888888889
8 0.252734375 0.26666666666666666 0.013671875 0.018055555555555554
