0 0.387109375 0.45555555555555555 0.007421875 0.015277777777777777
0 0.560546875 0.4236111111111111 0.041015625 0.09305555555555556
0 0.61171875 0.4673611111111111 0.01328125 0.02847222222222222
0 0.61875 0.4701388888888889 0.00859375 0.025694444444444443
0 0.639453125 0.4777777777777778 0.024609375 0.030555555555555555
0 0.703515625 0.4951388888888889 0.041015625 0.04513888888888889
0 0.777734375 0.5076388888888889 0.051953125 0.06319444444444444
0 0.894921875 0.5298611111111111 0.086328125 0.08125
0 0.330859375 0.46875 0.011328125 0.021527777777777778
0 0.2875 0.45416666666666666 0.00859375 0.006944444444444444
0 0.25078125 0.48125 0.0265625 0.03125
0 0.290234375 0.5097222222222222 0.040234375 0.044444444444444446
0 0.17890625 0.4951388888888889 0.0640625 0.034027777777777775
0 0.416796875 0.44583333333333336 0.008203125 0.006944444444444444
0 0.433203125 0.45 0.005859375 0.006944444444444444
0 0.51015625 0.5006944444444444 0.0484375 0.08541666666666667
0 0.9703125 0.5743055555555555 0.028125 0.07847222222222222
8 0.3078125 0.21875 0.046875 0.1326388888888889
8 0.1359375 0.4083333333333333 0.0140625 0.011111111111111112
8 0.025390625 0.41388888888888886 0.008984375 0.0125
8 0.156640625 0.41875 0.006640625 0.013194444444444444
0 0.349609375 0.4361111111111111 0.014453125 0.008333333333333333
2 0.08515625 0.47430555555555554 0.00625 0.025694444444444443
