0 0.9234375 0.5770833333333333 0.075 0.05763888888888889
2 0.7125 0.6006944444444444 0.021875 0.08819444444444445
2 0.60859375 0.5965277777777778 0.01953125 0.07847222222222222
0 0.76484375 0.5590277777777778 0.0390625 0.03263888888888889
0 0.837109375 0.5590277777777778 0.026171875 0.01875
0 0.86484375 0.55 0.009375 0.011111111111111112
0 0.4875 0.5513888888888889 0.00625 0.008333333333333333
0 0.5203125 0.5541666666666667 0.00703125 0.0125
0 0.567578125 0.5513888888888889 0.008203125 0.019444444444444445
0 0.639453125 0.5486111111111112 0.019921875 0.02361111111111111
0 0.673828125 0.5465277777777777 0.009765625 0.013194444444444444
0 0.696875 0.5416666666666666 0.009375 0.0125
0 0.23046875 0.5416666666666666 0.00859375 0.019444444444444445
0 0.3640625 0.5527777777777778 0.00390625 0.009722222222222222
8 0.22890625 0.42430555555555555 0.01640625 0.04236111111111111
8 0.309765625 0.4875 0.010546875 0.020833333333333332
8 0.364453125 0.5291666666666667 0.007421875 0.009722222222222222
8 0.424609375 0.5291666666666667 0.005859375 0.009722222222222222
8 0.440625 0.5208333333333334 0.00546875 0.013888888888888888
8 0.423828125 0.5520833333333334 0.002734375 0.009027777777777777
