9 0.04765625 0.34097222222222223 0.01796875 0.01875
9 0.2890625 0.41875 0.0078125 0.014583333333333334
9 0.99296875 0.30277777777777776 0.00546875 0.019444444444444445
9 0.7375 0.3770833333333333 0.00625 0.013194444444444444
9 0.723828125 0.40555555555555556 0.007421875 0.009722222222222222
8 0.7703125 0.36944444444444446 0.01171875 0.008333333333333333
0 0.5171875 0.4840277777777778 0.03125 0.03819444444444445
9 0.03515625 0.15069444444444444 0.01328125 0.024305555555555556
8 0.229296875 0.3173611111111111 0.013671875 0.025694444444444443
8 0.248828125 0.3625 0.016015625 0.011111111111111112
