8 0.211328125 0.3013888888888889 0.010546875 0.006944444444444444
8 0.2109375 0.2076388888888889 0.01640625 0.024305555555555556
8 0.267578125 0.28402777777777777 0.029296875 0.01597222222222222
8 0.783203125 0.33541666666666664 0.013671875 0.010416666666666666
8 0.781640625 0.3034722222222222 0.012109375 0.017361111111111112
8 0.869921875 0.2 0.023828125 0.02361111111111111
8 0.7296875 0.30486111111111114 0.0125 0.01875
9 0.32109375 0.25625 0.0078125 0.029861111111111113
9 0.6015625 0.27847222222222223 0.0046875 0.017361111111111112
9 0.509765625 0.4125 0.003515625 0.013888888888888888
9 0.502734375 0.4395833333333333 0.001953125 0.010416666666666666
9 0.38125 0.4326388888888889 0.003125 0.010416666666666666
9 0.898828125 0.1736111111111111 0.012109375 0.030555555555555555
9 0.828515625 0.22777777777777777 0.008203125 0.025
9 0.80703125 0.2263888888888889 0.009375 0.029166666666666667
9 0.3359375 0.25972222222222224 0.00703125 0.02638888888888889
9 0.7984375 0.40208333333333335 0.00703125 0.013194444444444444
0 0.503125 0.4736111111111111 0.009375 0.011111111111111112
0 0.519140625 0.48194444444444445 0.009765625 0.013888888888888888
0 0.4734375 0.47291666666666665 0.0078125 0.011805555555555555
0 0.457421875 0.475 0.012109375 0.016666666666666666
0 0.535546875 0.47638888888888886 0.012109375 0.020833333333333332
4 0.645703125 0.4597222222222222 0.044921875 0.06111111111111111
0 0.376953125 0.51875 0.056640625 0.07708333333333334
0 0.9875 0.5027777777777778 0.0109375 0.04861111111111111
8 0.09375 0.375 0.01015625 0.02361111111111111
