8 0.51015625 0.25416666666666665 0.0125 0.011111111111111112
8 0.497265625 0.30277777777777776 0.019140625 0.011111111111111112
8 0.498828125 0.34305555555555556 0.017578125 0.02638888888888889
8 0.420703125 0.42291666666666666 0.011328125 0.01597222222222222
8 0.388671875 0.4465277777777778 0.005859375 0.013194444444444444
8 0.1484375 0.4076388888888889 0.0125 0.017361111111111112
8 0.14765625 0.3715277777777778 0.01171875 0.01597222222222222
0 0.3765625 0.4965277777777778 0.01640625 0.025694444444444443
0 0.439453125 0.5305555555555556 0.035546875 0.06666666666666667
0 0.521484375 0.5645833333333333 0.084765625 0.10347222222222222
0 0.76875 0.6208333333333333 0.23046875 0.2375
0 0.296484375 0.5451388888888888 0.077734375 0.12152777777777778
