8 0.441796875 0.3951388888888889 0.047265625 0.04097222222222222
8 0.54609375 0.34791666666666665 0.01328125 0.009027777777777777
8 0.526953125 0.3972222222222222 0.032421875 0.03888888888888889
8 0.585546875 0.48125 0.013671875 0.01597222222222222
8 0.928125 0.44166666666666665 0.01796875 0.016666666666666666
0 0.080859375 0.5381944444444444 0.032421875 0.01597222222222222
0 0.266796875 0.5923611111111111 0.076171875 0.08819444444444445
0 0.459375 0.6125 0.053125 0.0763888888888889
0 0.63515625 0.5923611111111111 0.05234375 0.07013888888888889
0 0.57734375 0.5618055555555556 0.021875 0.04375
0 0.53671875 0.5458333333333333 0.01640625 0.02361111111111111
0 0.3828125 0.5520833333333334 0.02421875 0.034027777777777775
0 0.346875 0.5368055555555555 0.0171875 0.024305555555555556
0 0.427734375 0.5270833333333333 0.008203125 0.013194444444444444
0 0.416796875 0.5222222222222223 0.005859375 0.013888888888888888
0 0.927734375 0.48680555555555555 0.025390625 0.021527777777777778
0 0.806640625 0.4777777777777778 0.013671875 0.013888888888888888
0 0.757421875 0.47291666666666665 0.016015625 0.010416666666666666
0 0.734375 0.47152777777777777 0.009375 0.011805555555555555
0 0.7109375 0.47291666666666665 0.01171875 0.010416666666666666
1 0.45546875 0.5166666666666667 0.01328125 0.018055555555555554
0 0.490234375 0.525 0.007421875 0.011111111111111112
0 0.4765625 0.5229166666666667 0.00390625 0.011805555555555555
0 0.516015625 0.51875 0.005859375 0.010416666666666666
4 0.53984375 0.5111111111111111 0.015625 0.009722222222222222
