9 0.50546875 0.3125 0.0078125 0.03194444444444444
9 0.4328125 0.3194444444444444 0.0078125 0.03194444444444444
9 0.640234375 0.3458333333333333 0.008203125 0.027777777777777776
9 0.575 0.3326388888888889 0.0078125 0.029861111111111113
8 0.252734375 0.38333333333333336 0.011328125 0.034722222222222224
8 0.852734375 0.4722222222222222 0.011328125 0.016666666666666666
8 0.791015625 0.45208333333333334 0.011328125 0.01597222222222222
8 0.759765625 0.45 0.015234375 0.018055555555555554
8 0.671484375 0.46875 0.011328125 0.01597222222222222
8 0.632421875 0.4652777777777778 0.008203125 0.009722222222222222
8 0.61328125 0.46805555555555556 0.00859375 0.009722222222222222
8 0.548046875 0.42986111111111114 0.017578125 0.027083333333333334
8 0.509375 0.41944444444444445 0.02109375 0.020833333333333332
8 0.4640625 0.4166666666666667 0.025 0.02361111111111111
8 0.51484375 0.48125 0.0046875 0.007638888888888889
8 0.578125 0.4826388888888889 0.00390625 0.007638888888888889
0 0.5125 0.51875 0.01015625 0.017361111111111112
0 0.50390625 0.5409722222222222 0.01484375 0.04513888888888889
0 0.653125 0.5215277777777778 0.01328125 0.014583333333333334
0 0.698046875 0.6131944444444445 0.073828125 0.0798611111111111
0 0.540625 0.5006944444444444 0.00859375 0.014583333333333334
0 0.884765625 0.5833333333333334 0.101171875 0.10416666666666667
0 0.43671875 0.5993055555555555 0.065625 0.12569444444444444
