0 0.241796875 0.38263888888888886 0.015234375 0.029861111111111113
0 0.285546875 0.37222222222222223 0.017578125 0.018055555555555554
0 0.317578125 0.37083333333333335 0.016015625 0.019444444444444445
0 0.351171875 0.36736111111111114 0.024609375 0.02013888888888889
0 0.38125 0.3729166666666667 0.01796875 0.017361111111111112
0 0.412890625 0.3736111111111111 0.021484375 0.025
0 0.440625 0.3701388888888889 0.009375 0.025694444444444443
0 0.4796875 0.37430555555555556 0.03203125 0.04097222222222222
0 0.531640625 0.35625 0.021484375 0.014583333333333334
0 0.53984375 0.3798611111111111 0.046875 0.04236111111111111
0 0.60234375 0.37916666666666665 0.05 0.04861111111111111
0 0.643359375 0.3909722222222222 0.066015625 0.06597222222222222
0 0.690625 0.3819444444444444 0.0703125 0.08333333333333333
0 0.7765625 0.3923611111111111 0.1125 0.09652777777777778
0 0.9171875 0.44166666666666665 0.08125 0.13472222222222222
0 0.163671875 0.4326388888888889 0.081640625 0.09513888888888888
8 0.534375 0.28680555555555554 0.0109375 0.04513888888888889
0 0.862109375 0.4041666666666667 0.073828125 0.10138888888888889
