8 0.841796875 0.2625 0.014453125 0.03888888888888889
8 0.829296875 0.4548611111111111 0.010546875 0.010416666666666666
8 0.83203125 0.48125 0.0078125 0.013194444444444444
8 0.64609375 0.4666666666666667 0.009375 0.008333333333333333
8 0.533984375 0.4979166666666667 0.005078125 0.013194444444444444
8 0.203125 0.39444444444444443 0.009375 0.008333333333333333
8 0.2109375 0.40902777777777777 0.0125 0.010416666666666666
9 0.578515625 0.39375 0.005859375 0.022916666666666665
9 0.189453125 0.45 0.005859375 0.011111111111111112
9 0.82265625 0.3763888888888889 0.01015625 0.030555555555555555
9 0.5671875 0.3958333333333333 0.00703125 0.022222222222222223
0 0.576953125 0.5888888888888889 0.064453125 0.08888888888888889
0 0.90546875 0.6555555555555556 0.08984375 0.10972222222222222
0 0.701953125 0.6618055555555555 0.153515625 0.14791666666666667
0 0.371484375 0.5986111111111111 0.156640625 0.2388888888888889
