8 0.11015625 0.25972222222222224 0.0421875 0.0625
8 0.096875 0.40347222222222223 0.0203125 0.024305555555555556
8 0.03671875 0.49930555555555556 0.01484375 0.017361111111111112
8 0.469140625 0.5277777777777778 0.007421875 0.015277777777777777
8 0.4984375 0.5368055555555555 0.0125 0.010416666666666666
9 0.06640625 0.44722222222222224 0.02265625 0.043055555555555555
9 0.11171875 0.45694444444444443 0.0125 0.03333333333333333
9 0.3171875 0.5590277777777778 0.00859375 0.01597222222222222
9 0.6890625 0.5236111111111111 0.00703125 0.013888888888888888
9 0.9921875 0.425 0.00703125 0.025
8 0.30703125 0.3923611111111111 0.00546875 0.02013888888888889
8 0.29765625 0.5069444444444444 0.00625 0.006944444444444444
9 0.362890625 0.4111111111111111 0.005859375 0.02361111111111111
9 0.382421875 0.41388888888888886 0.004296875 0.02361111111111111
9 0.373046875 0.4111111111111111 0.005859375 0.02361111111111111
9 0.615625 0.2833333333333333 0.01015625 0.034722222222222224
9 0.594140625 0.28125 0.009765625 0.03263888888888889
0 0.079296875 0.7041666666666667 0.079296875 0.07083333333333333
0 0.92421875 0.7208333333333333 0.075 0.13055555555555556
0 0.969140625 0.5833333333333334 0.029296875 0.0375
0 0.9109375 0.5847222222222223 0.05859375 0.041666666666666664
0 0.76171875 0.6236111111111111 0.09375 0.07222222222222222
0 0.50859375 0.6173611111111111 0.06640625 0.04375
