9 0.089453125 0.24791666666666667 0.012109375 0.04236111111111111
9 0.7796875 0.18194444444444444 0.0109375 0.0375
9 0.55546875 0.04097222222222222 0.0125 0.04097222222222222
9 0.523046875 0.043055555555555555 0.014453125 0.043055555555555555
9 0.44921875 0.43194444444444446 0.00546875 0.0125
9 0.507421875 0.44305555555555554 0.005078125 0.013888888888888888
9 0.51015625 0.4673611111111111 0.00546875 0.010416666666666666
9 0.787890625 0.3597222222222222 0.010546875 0.019444444444444445
9 0.108203125 0.42291666666666666 0.010546875 0.024305555555555556
9 0.076953125 0.42986111111111114 0.011328125 0.02013888888888889
8 0.09765625 0.34444444444444444 0.02109375 0.030555555555555555
8 0.11953125 0.26180555555555557 0.01328125 0.011805555555555555
8 0.78046875 0.31805555555555554 0.02109375 0.013888888888888888
2 0.919921875 0.4909722222222222 0.016015625 0.07430555555555556
2 0.94375 0.5006944444444444 0.01875 0.06458333333333334
0 0.122265625 0.5659722222222222 0.012109375 0.024305555555555556
0 0.0703125 0.5763888888888888 0.03125 0.02361111111111111
0 0.582421875 0.5069444444444444 0.008984375 0.025
0 0.603515625 0.5048611111111111 0.018359375 0.03125
1 0.532421875 0.4951388888888889 0.012109375 0.024305555555555556
0 0.553125 0.5083333333333333 0.02109375 0.030555555555555555
0 0.662890625 0.5020833333333333 0.056640625 0.09236111111111112
0 0.4546875 0.5381944444444444 0.06171875 0.09375
