0 0.47265625 0.44027777777777777 0.0140625 0.02361111111111111
0 0.3796875 0.44722222222222224 0.028125 0.0375
0 0.32734375 0.45555555555555555 0.0265625 0.0375
0 0.56328125 0.44166666666666665 0.0125 0.0375
0 0.498046875 0.425 0.005078125 0.011111111111111112
0 0.630859375 0.4576388888888889 0.007421875 0.024305555555555556
0 0.640625 0.45902777777777776 0.01015625 0.027083333333333334
0 0.653515625 0.4625 0.016015625 0.029166666666666667
0 0.688671875 0.4666666666666667 0.034765625 0.043055555555555555
0 0.71796875 0.4840277777777778 0.0421875 0.049305555555555554
0 0.786328125 0.5020833333333333 0.061328125 0.06875
0 0.89921875 0.5375 0.1 0.14722222222222223
0 0.0828125 0.48055555555555557 0.0828125 0.09861111111111111
0 0.254296875 0.45625 0.055078125 0.050694444444444445
0 0.4296875 0.45555555555555555 0.0328125 0.05138888888888889
0 0.432421875 0.44722222222222224 0.034765625 0.04583333333333333
0 0.590625 0.46041666666666664 0.034375 0.05486111111111111
0 0.505859375 0.4284722222222222 0.011328125 0.01597222222222222
0 0.530859375 0.4326388888888889 0.010546875 0.011805555555555555
0 0.624609375 0.43333333333333335 0.007421875 0.015277777777777777
8 0.389453125 0.35625 0.004296875 0.004861111111111111
8 0.45234375 0.32916666666666666 0.0046875 0.006944444444444444
8 0.475390625 0.3659722222222222 0.005859375 0.004861111111111111
8 0.571875 0.3645833333333333 0.00703125 0.004861111111111111
8 0.68671875 0.39166666666666666 0.00859375 0.016666666666666666
8 0.67578125 0.3597222222222222 0.00703125 0.02638888888888889
8 0.741796875 0.3645833333333333 0.006640625 0.003472222222222222
8 0.599609375 0.3875 0.004296875 0.005555555555555556
9 0.531640625 0.3458333333333333 0.001953125 0.006944444444444444
0 0.550390625 0.4284722222222222 0.005078125 0.00625
9 0.488671875 0.33541666666666664 0.001953125 0.014583333333333334
9 0.48046875 0.3333333333333333 0.003125 0.0125
