8 0.759765625 0.5236111111111111 0.012109375 0.020833333333333332
8 0.529296875 0.5083333333333333 0.015234375 0.018055555555555554
8 0.496875 0.5027777777777778 0.01484375 0.019444444444444445
8 0.465625 0.5027777777777778 0.0203125 0.018055555555555554
0 0.412109375 0.5583333333333333 0.016015625 0.015277777777777777
0 0.3828125 0.5576388888888889 0.01015625 0.01597222222222222
0 0.354296875 0.5590277777777778 0.015234375 0.01597222222222222
4 0.284375 0.5340277777777778 0.034375 0.03958333333333333
0 0.228125 0.5506944444444445 0.01640625 0.01875
0 0.15390625 0.5451388888888888 0.040625 0.029861111111111113
0 0.866796875 0.65 0.116015625 0.10694444444444444
0 0.491796875 0.5625 0.006640625 0.009722222222222222
0 0.522265625 0.5701388888888889 0.004296875 0.007638888888888889
0 0.541796875 0.5708333333333333 0.009765625 0.011111111111111112
0 0.5734375 0.5881944444444445 0.01875 0.021527777777777778
0 0.47890625 0.5625 0.00546875 0.008333333333333333
0 0.502734375 0.5680555555555555 0.005078125 0.006944444444444444
