9 0.367578125 0.38819444444444445 0.006640625 0.027083333333333334
9 0.02890625 0.25833333333333336 0.0234375 0.0625
9 0.533203125 0.36875 0.005859375 0.022916666666666665
9 0.83125 0.4083333333333333 0.00703125 0.020833333333333332
9 0.85703125 0.30486111111111114 0.00703125 0.035416666666666666
9 0.91328125 0.44583333333333336 0.00390625 0.016666666666666666
9 0.278125 0.49722222222222223 0.0046875 0.0125
9 0.89765625 0.3902777777777778 0.009375 0.030555555555555555
9 0.90390625 0.4465277777777778 0.00625 0.01597222222222222
9 0.484765625 0.47708333333333336 0.006640625 0.022916666666666665
9 0.0984375 0.51875 0.00625 0.014583333333333334
2 0.045703125 0.5965277777777778 0.006640625 0.027083333333333334
2 0.05625 0.5888888888888889 0.0078125 0.034722222222222224
2 0.076171875 0.5888888888888889 0.011328125 0.03611111111111111
2 0.91328125 0.5055555555555555 0.0171875 0.030555555555555555
2 0.019921875 0.5756944444444444 0.019921875 0.16597222222222222
2 0.871484375 0.5368055555555555 0.011328125 0.050694444444444445
8 0.140625 0.5423611111111111 0.01953125 0.035416666666666666
0 0.183984375 0.5777777777777777 0.062890625 0.058333333333333334
0 0.364453125 0.55625 0.010546875 0.027083333333333334
0 0.4625 0.5347222222222222 0.00703125 0.009722222222222222
0 0.464453125 0.5263888888888889 0.008203125 0.006944444444444444
0 0.450390625 0.5423611111111111 0.009765625 0.014583333333333334
0 0.387890625 0.5576388888888889 0.019921875 0.025694444444444443
5 0.627734375 0.5409722222222222 0.010546875 0.021527777777777778
5 0.572265625 0.6652777777777777 0.061328125 0.14166666666666666
7 0.55546875 0.5965277777777778 0.06171875 0.19930555555555557
0 0.4234375 0.5597222222222222 0.02109375 0.029166666666666667
0 0.333203125 0.5597222222222222 0.024609375 0.030555555555555555
0 0.930859375 0.6138888888888889 0.068359375 0.1763888888888889
