9 0.59453125 0.4534722222222222 0.003125 0.009027777777777777
9 0.599609375 0.4534722222222222 0.002734375 0.009027777777777777
8 0.680859375 0.4305555555555556 0.006640625 0.011111111111111112
4 0.593359375 0.5305555555555556 0.008984375 0.006944444444444444
0 0.59375 0.5541666666666667 0.0125 0.020833333333333332
0 0.628125 0.5583333333333333 0.02890625 0.04583333333333333
2 0.688671875 0.5395833333333333 0.002734375 0.021527777777777778
2 0.698046875 0.5395833333333333 0.008203125 0.022916666666666665
2 0.710546875 0.5361111111111111 0.005859375 0.022222222222222223
2 0.724609375 0.5333333333333333 0.008203125 0.029166666666666667
2 0.746484375 0.5256944444444445 0.014453125 0.03680555555555556
5 0.669140625 0.5569444444444445 0.008203125 0.034722222222222224
0 0.578515625 0.5951388888888889 0.016015625 0.07152777777777777
0 0.85859375 0.5729166666666666 0.140625 0.14375
0 0.39453125 0.59375 0.19609375 0.18680555555555556
4 0.1046875 0.6458333333333334 0.10390625 0.1736111111111111
