9 0.582421875 0.11458333333333333 0.007421875 0.03125
9 0.375 0.21944444444444444 0.00625 0.025
9 0.36484375 0.21805555555555556 0.00546875 0.022222222222222223
9 0.3875 0.225 0.00625 0.019444444444444445
9 0.565234375 0.1125 0.007421875 0.03194444444444444
9 0.961328125 0.22291666666666668 0.020703125 0.03263888888888889
9 0.275 0.38680555555555557 0.00546875 0.011805555555555555
8 0.27578125 0.30972222222222223 0.0125 0.008333333333333333
8 0.319921875 0.40069444444444446 0.009765625 0.01875
8 0.913671875 0.17916666666666667 0.030859375 0.05694444444444444
2 0.319921875 0.45902777777777776 0.009765625 0.03819444444444445
2 0.235546875 0.46458333333333335 0.010546875 0.03680555555555556
2 0.219921875 0.46805555555555556 0.008984375 0.044444444444444446
8 0.113671875 0.4013888888888889 0.005859375 0.018055555555555554
2 0.136328125 0.48680555555555555 0.030078125 0.11319444444444444
0 0.33828125 0.4201388888888889 0.00625 0.011805555555555555
0 0.34296875 0.43125 0.0109375 0.011805555555555555
0 0.382421875 0.43680555555555556 0.011328125 0.022916666666666665
0 0.406640625 0.43194444444444446 0.018359375 0.034722222222222224
0 0.430859375 0.44930555555555557 0.019921875 0.035416666666666666
0 0.351953125 0.45694444444444443 0.021484375 0.03194444444444444
0 0.86640625 0.4222222222222222 0.04453125 0.044444444444444446
0 0.94609375 0.5604166666666667 0.05234375 0.19375
0 0.619140625 0.5604166666666667 0.228515625 0.22013888888888888
