8 0.803125 0.2861111111111111 0.028125 0.04722222222222222
0 0.051171875 0.5 0.051171875 0.06805555555555555
0 0.537890625 0.4638888888888889 0.014453125 0.0125
0 0.5609375 0.45902777777777776 0.01171875 0.017361111111111112
0 0.571484375 0.4625 0.011328125 0.015277777777777777
0 0.459765625 0.46805555555555556 0.017578125 0.019444444444444445
0 0.38984375 0.4722222222222222 0.01640625 0.020833333333333332
0 0.3640625 0.48055555555555557 0.01484375 0.018055555555555554
0 0.331640625 0.4791666666666667 0.020703125 0.02638888888888889
0 0.191015625 0.4951388888888889 0.033984375 0.029861111111111113
0 0.128515625 0.5069444444444444 0.037109375 0.04027777777777778
0 0.292578125 0.48541666666666666 0.025390625 0.02847222222222222
0 0.430859375 0.4722222222222222 0.023828125 0.02361111111111111
0 0.603515625 0.46805555555555556 0.022265625 0.029166666666666667
2 0.683203125 0.4652777777777778 0.008984375 0.05416666666666667
2 0.761328125 0.48055555555555557 0.019921875 0.11666666666666667
2 0.72265625 0.47152777777777777 0.01875 0.11736111111111111
