9 0.97265625 0.2902777777777778 0.02109375 0.030555555555555555
9 0.91640625 0.29930555555555555 0.0125 0.03263888888888889
9 0.3234375 0.39791666666666664 0.003125 0.011805555555555555
9 0.3171875 0.3972222222222222 0.00390625 0.015277777777777777
8 0.291796875 0.4013888888888889 0.011328125 0.008333333333333333
8 0.966796875 0.1284722222222222 0.021484375 0.01597222222222222
8 0.9140625 0.1125 0.0109375 0.02361111111111111
8 0.9390625 0.052083333333333336 0.03515625 0.02013888888888889
2 0.91640625 0.5013888888888889 0.0125 0.06111111111111111
2 0.916015625 0.4756944444444444 0.008984375 0.06319444444444444
2 0.867578125 0.48125 0.010546875 0.06458333333333334
2 0.79921875 0.46458333333333335 0.0046875 0.034027777777777775
2 0.8078125 0.4756944444444444 0.009375 0.049305555555555554
2 0.88203125 0.5506944444444445 0.025 0.13125
2 0.838671875 0.5326388888888889 0.019140625 0.13680555555555557
2 0.984765625 0.5270833333333333 0.014453125 0.08680555555555555
0 0.39140625 0.45555555555555555 0.009375 0.008333333333333333
0 0.401953125 0.47638888888888886 0.023828125 0.03194444444444444
0 0.37421875 0.4826388888888889 0.01875 0.02847222222222222
0 0.3125 0.49583333333333335 0.04609375 0.059722222222222225
0 0.198046875 0.5305555555555556 0.082421875 0.09444444444444444
0 0.603515625 0.5625 0.233203125 0.3347222222222222
4 0.065234375 0.4465277777777778 0.065234375 0.3173611111111111
1 0.169921875 0.40902777777777777 0.108203125 0.08402777777777778
