0 0.29140625 0.49444444444444446 0.00703125 0.016666666666666666
0 0.268359375 0.5055555555555555 0.023828125 0.03333333333333333
0 0.244140625 0.5159722222222223 0.035546875 0.035416666666666666
2 0.183203125 0.5069444444444444 0.008984375 0.03333333333333333
2 0.125390625 0.5041666666666667 0.010546875 0.04722222222222222
2 0.858984375 0.5111111111111111 0.034765625 0.19166666666666668
2 0.92734375 0.5027777777777778 0.03671875 0.18194444444444444
2 0.85859375 0.5375 0.06953125 0.21944444444444444
1 0.648046875 0.37777777777777777 0.351171875 0.17777777777777778
0 0.766015625 0.47291666666666665 0.138671875 0.11458333333333333
0 0.497265625 0.5020833333333333 0.226171875 0.16041666666666668
