9 0.646484375 0.25069444444444444 0.004296875 0.011805555555555555
9 0.753125 0.24722222222222223 0.0046875 0.008333333333333333
9 0.6078125 0.3076388888888889 0.00703125 0.009027777777777777
8 0.0765625 0.3013888888888889 0.01015625 0.015277777777777777
8 0.803515625 0.2701388888888889 0.006640625 0.013194444444444444
8 0.824609375 0.2638888888888889 0.004296875 0.006944444444444444
8 0.849609375 0.27569444444444446 0.005859375 0.011805555555555555
8 0.928515625 0.225 0.017578125 0.03194444444444444
0 0.738671875 0.3076388888888889 0.008984375 0.010416666666666666
0 0.729296875 0.3020833333333333 0.006640625 0.00625
0 0.730078125 0.32013888888888886 0.007421875 0.013194444444444444
0 0.715234375 0.30694444444444446 0.007421875 0.004166666666666667
0 0.719140625 0.3236111111111111 0.008203125 0.0125
0 0.70625 0.3173611111111111 0.0078125 0.00625
0 0.707421875 0.3333333333333333 0.010546875 0.013888888888888888
0 0.698046875 0.3326388888888889 0.005859375 0.007638888888888889
0 0.685546875 0.32222222222222224 0.006640625 0.005555555555555556
4 0.66328125 0.32569444444444445 0.01328125 0.022916666666666665
0 0.669140625 0.3368055555555556 0.008984375 0.01597222222222222
0 0.681640625 0.34097222222222223 0.016015625 0.021527777777777778
0 0.5984375 0.3472222222222222 0.02421875 0.016666666666666666
0 0.529296875 0.3458333333333333 0.016015625 0.019444444444444445
0 0.496875 0.3770833333333333 0.03984375 0.04097222222222222
4 0.320703125 0.3506944444444444 0.118359375 0.1076388888888889
0 0.815234375 0.3451388888888889 0.022265625 0.029861111111111113
0 0.826171875 0.3541666666666667 0.019921875 0.03333333333333333
0 0.8484375 0.37222222222222223 0.0265625 0.05277777777777778
4 0.921875 0.2847222222222222 0.0765625 0.044444444444444446
0 0.924609375 0.38680555555555557 0.074609375 0.09791666666666667
2 0.976171875 0.55 0.023046875 0.19166666666666668
2 0.951953125 0.4791666666666667 0.039453125 0.2013888888888889
2 0.782421875 0.3159722222222222 0.003515625 0.010416666666666666
2 0.162890625 0.3875 0.013671875 0.059722222222222225
3 0.05234375 0.4340277777777778 0.03203125 0.052083333333333336
