9 0.4296875 0.1486111111111111 0.0046875 0.019444444444444445
9 0.61953125 0.12708333333333333 0.00625 0.021527777777777778
8 0.27890625 0.1986111111111111 0.0109375 0.011111111111111112
8 0.28125 0.21944444444444444 0.0109375 0.008333333333333333
8 0.269921875 0.24583333333333332 0.012890625 0.011111111111111112
8 0.02265625 0.07847222222222222 0.02265625 0.022916666666666665
8 0.019921875 0.12152777777777778 0.018359375 0.01597222222222222
8 0.03671875 0.20833333333333334 0.009375 0.029166666666666667
9 0.011328125 0.20625 0.010546875 0.035416666666666666
8 0.387890625 0.22152777777777777 0.004296875 0.017361111111111112
2 0.078125 0.33402777777777776 0.01484375 0.03680555555555556
0 0.572265625 0.3715277777777778 0.012109375 0.01875
1 0.368359375 0.30486111111111114 0.025390625 0.04097222222222222
0 0.46015625 0.45069444444444445 0.1296875 0.2326388888888889
0 0.07578125 0.4222222222222222 0.07578125 0.14444444444444443
1 0.7984375 0.3798611111111111 0.2 0.37569444444444444
0 0.325 0.36736111111111114 0.021875 0.034027777777777775
0 0.344140625 0.35694444444444445 0.019140625 0.030555555555555555
9 0.608203125 0.12916666666666668 0.005078125 0.02638888888888889
