0 0.422265625 0.6729166666666667 0.018359375 0.025694444444444443
0 0.39765625 0.6951388888888889 0.01796875 0.05347222222222222
0 0.4875 0.6513888888888889 0.00859375 0.0125
0 0.507421875 0.6520833333333333 0.012109375 0.025694444444444443
0 0.52734375 0.6604166666666667 0.0171875 0.027083333333333334
0 0.541015625 0.6722222222222223 0.023828125 0.027777777777777776
0 0.214453125 0.7083333333333334 0.161328125 0.1986111111111111
0 0.78046875 0.7256944444444444 0.13984375 0.15069444444444444
8 0.6125 0.5236111111111111 0.01171875 0.02361111111111111
8 0.61640625 0.5590277777777778 0.0078125 0.010416666666666666
0 0.450390625 0.65625 0.009765625 0.013194444444444444
0 0.462890625 0.6486111111111111 0.004296875 0.011111111111111112
0 0.376953125 0.6965277777777777 0.019140625 0.06875
