8 0.65625 0.33055555555555555 0.00546875 0.0125
9 0.57109375 0.33541666666666664 0.00546875 0.013194444444444444
9 0.53515625 0.34652777777777777 0.00390625 0.009027777777777777
9 0.50625 0.32708333333333334 0.00625 0.009027777777777777
9 0.46640625 0.325 0.003125 0.008333333333333333
9 0.43984375 0.3194444444444444 0.003125 0.009722222222222222
9 0.34140625 0.35625 0.00390625 0.010416666666666666
0 0.232421875 0.4173611111111111 0.016015625 0.017361111111111112
0 0.278125 0.4125 0.02421875 0.022222222222222223
0 0.312109375 0.39861111111111114 0.012890625 0.011111111111111112
0 0.353515625 0.39375 0.014453125 0.01597222222222222
0 0.386328125 0.3854166666666667 0.012890625 0.013194444444444444
0 0.406640625 0.3840277777777778 0.008984375 0.011805555555555555
0 0.425 0.3798611111111111 0.00703125 0.010416666666666666
0 0.44609375 0.37430555555555556 0.01015625 0.011805555555555555
0 0.471875 0.37569444444444444 0.01171875 0.011805555555555555
0 0.494921875 0.3736111111111111 0.011328125 0.0125
0 0.519921875 0.37083333333333335 0.009765625 0.011111111111111112
0 0.54140625 0.3784722222222222 0.01015625 0.011805555555555555
0 0.56328125 0.3715277777777778 0.0140625 0.011805555555555555
0 0.62890625 0.4048611111111111 0.05546875 0.06041666666666667
0 0.9828125 0.33958333333333335 0.015625 0.022916666666666665
0 0.942578125 0.3451388888888889 0.032421875 0.03263888888888889
0 0.87578125 0.3375 0.0203125 0.020833333333333332
