0 0.48203125 0.5243055555555556 0.0078125 0.013194444444444444
0 0.579296875 0.5173611111111112 0.005078125 0.00625
0 0.591015625 0.5159722222222223 0.005859375 0.007638888888888889
0 0.603125 0.5145833333333333 0.0046875 0.007638888888888889
0 0.615234375 0.5138888888888888 0.006640625 0.006944444444444444
0 0.5921875 0.5361111111111111 0.015625 0.015277777777777777
0 0.626953125 0.51875 0.005078125 0.00625
0 0.63828125 0.5180555555555556 0.0046875 0.005555555555555556
0 0.63125 0.5326388888888889 0.00703125 0.009027777777777777
0 0.64609375 0.5319444444444444 0.00625 0.008333333333333333
0 0.659765625 0.5354166666666667 0.006640625 0.007638888888888889
0 0.65234375 0.5173611111111112 0.0046875 0.00625
0 0.66328125 0.5208333333333334 0.0046875 0.005555555555555556
0 0.674609375 0.5340277777777778 0.005859375 0.00625
0 0.6875 0.5347222222222222 0.0046875 0.005555555555555556
0 0.68984375 0.5236111111111111 0.00625 0.006944444444444444
0 0.676171875 0.5215277777777778 0.005078125 0.00625
0 0.70625 0.5319444444444444 0.00390625 0.006944444444444444
0 0.726953125 0.5291666666666667 0.004296875 0.005555555555555556
0 0.7359375 0.5284722222222222 0.003125 0.004861111111111111
0 0.743359375 0.5277777777777778 0.005078125 0.004166666666666667
0 0.90390625 0.5458333333333333 0.0046875 0.005555555555555556
0 0.816796875 0.5298611111111111 0.006640625 0.004861111111111111
0 0.796875 0.53125 0.0046875 0.007638888888888889
0 0.762109375 0.5263888888888889 0.003515625 0.005555555555555556
4 0.5578125 0.5048611111111111 0.015625 0.01597222222222222
0 0.461328125 0.5305555555555556 0.019140625 0.02361111111111111
0 0.50625 0.5145833333333333 0.009375 0.010416666666666666
0 0.696484375 0.5458333333333333 0.009765625 0.008333333333333333
0 0.74609375 0.5451388888888888 0.00859375 0.009027777777777777
8 0.2328125 0.39305555555555555 0.01171875 0.009722222222222222
8 0.233203125 0.43194444444444446 0.012109375 0.027777777777777776
8 0.90703125 0.5034722222222222 0.00703125 0.007638888888888889
8 0.895703125 0.5118055555555555 0.005859375 0.003472222222222222
8 0.873828125 0.5083333333333333 0.006640625 0.004166666666666667
8 0.855078125 0.5069444444444444 0.006640625 0.004166666666666667
8 0.778125 0.4986111111111111 0.00546875 0.004166666666666667
8 0.758984375 0.4965277777777778 0.005078125 0.003472222222222222
8 0.690234375 0.4895833333333333 0.005078125 0.003472222222222222
8 0.6421875 0.4840277777777778 0.0046875 0.003472222222222222
8 0.495703125 0.4722222222222222 0.003515625 0.002777777777777778
8 0.509375 0.47291666666666665 0.00390625 0.0020833333333333333
8 0.52265625 0.47430555555555554 0.00390625 0.003472222222222222
9 0.894921875 0.5208333333333334 0.001171875 0.004166666666666667
9 0.8734375 0.5173611111111112 0.00234375 0.003472222222222222
9 0.854296875 0.5159722222222223 0.002734375 0.004861111111111111
9 0.796875 0.5083333333333333 0.003125 0.004166666666666667
9 0.778515625 0.5083333333333333 0.001953125 0.004166666666666667
9 0.759765625 0.5048611111111111 0.002734375 0.003472222222222222
9 0.741796875 0.5034722222222222 0.001953125 0.00625
9 0.706640625 0.49930555555555556 0.001953125 0.004861111111111111
9 0.6734375 0.4951388888888889 0.0015625 0.004861111111111111
9 0.431640625 0.43333333333333335 0.001953125 0.005555555555555556
9 0.437890625 0.4375 0.001953125 0.005555555555555556
