0 0.448046875 0.4236111111111111 0.013671875 0.015277777777777777
0 0.512109375 0.4222222222222222 0.011328125 0.019444444444444445
0 0.53828125 0.4173611111111111 0.009375 0.013194444444444444
9 0.48828125 0.3763888888888889 0.00390625 0.008333333333333333
9 0.551953125 0.3736111111111111 0.003515625 0.008333333333333333
9 0.496484375 0.3854166666666667 0.004296875 0.007638888888888889
9 0.54375 0.39444444444444443 0.00390625 0.005555555555555556
9 0.596875 0.3951388888888889 0.00390625 0.007638888888888889
9 0.39765625 0.38263888888888886 0.00390625 0.004861111111111111
0 0.483203125 0.4152777777777778 0.011328125 0.0125
0 0.57421875 0.41875 0.0078125 0.010416666666666666
0 0.564453125 0.4125 0.005078125 0.008333333333333333
0 0.55546875 0.4041666666666667 0.0046875 0.006944444444444444
0 0.526171875 0.41180555555555554 0.004296875 0.009027777777777777
8 0.478515625 0.38819444444444445 0.005078125 0.007638888888888889
8 0.490234375 0.3972222222222222 0.005078125 0.006944444444444444
8 0.478515625 0.38819444444444445 0.005859375 0.007638888888888889
8 0.575390625 0.37569444444444444 0.008203125 0.004861111111111111
9 0.644140625 0.39444444444444443 0.005859375 0.0125
9 0.40625 0.4111111111111111 0.0046875 0.008333333333333333
