0 0.244140625 0.4215277777777778 0.008984375 0.009027777777777777
0 0.198828125 0.4125 0.024609375 0.016666666666666666
0 0.320703125 0.4152777777777778 0.005859375 0.008333333333333333
0 0.365625 0.41597222222222224 0.00625 0.007638888888888889
0 0.352734375 0.41041666666666665 0.004296875 0.007638888888888889
0 0.33515625 0.41597222222222224 0.00703125 0.007638888888888889
8 0.3359375 0.3854166666666667 0.00625 0.009027777777777777
8 0.3625 0.38958333333333334 0.003125 0.007638888888888889
9 0.39765625 0.3638888888888889 0.00390625 0.009722222222222222
9 0.437109375 0.36875 0.004296875 0.00625
8 0.500390625 0.2951388888888889 0.025390625 0.029861111111111113
0 0.430859375 0.4173611111111111 0.006640625 0.011805555555555555
4 0.41640625 0.4083333333333333 0.0109375 0.019444444444444445
0 0.446484375 0.42569444444444443 0.013671875 0.01875
0 0.395703125 0.4423611111111111 0.033203125 0.04513888888888889
0 0.628515625 0.43472222222222223 0.047265625 0.059722222222222225
2 0.6984375 0.4354166666666667 0.01015625 0.05625
8 0.81640625 0.3076388888888889 0.0140625 0.03819444444444445
8 0.873828125 0.3263888888888889 0.012890625 0.03333333333333333
0 0.525390625 0.39375 0.058984375 0.11458333333333333
0 0.898046875 0.5020833333333333 0.101171875 0.13125
