8 0.031640625 0.27361111111111114 0.023046875 0.011111111111111112
8 0.030859375 0.3111111111111111 0.022265625 0.02638888888888889
8 0.159375 0.30694444444444446 0.015625 0.03194444444444444
8 0.3984375 0.2965277777777778 0.01171875 0.004861111111111111
8 0.3828125 0.3263888888888889 0.02890625 0.022222222222222223
8 0.036328125 0.3548611111111111 0.019140625 0.014583333333333334
8 0.305859375 0.3263888888888889 0.010546875 0.016666666666666666
8 0.447265625 0.31527777777777777 0.006640625 0.005555555555555556
8 0.44609375 0.325 0.01015625 0.008333333333333333
8 0.81953125 0.3347222222222222 0.01328125 0.029166666666666667
4 0.28671875 0.3763888888888889 0.01328125 0.0125
4 0.3609375 0.3770833333333333 0.00703125 0.009027777777777777
0 0.34296875 0.3902777777777778 0.00625 0.008333333333333333
0 0.33359375 0.38958333333333334 0.00625 0.007638888888888889
0 0.321875 0.38333333333333336 0.00546875 0.006944444444444444
0 0.320703125 0.39791666666666664 0.006640625 0.007638888888888889
0 0.30859375 0.39444444444444443 0.0046875 0.008333333333333333
0 0.29296875 0.39861111111111114 0.009375 0.008333333333333333
0 0.270703125 0.39791666666666664 0.012890625 0.011805555555555555
0 0.253125 0.3958333333333333 0.00625 0.013888888888888888
0 0.2453125 0.3993055555555556 0.0078125 0.010416666666666666
0 0.228515625 0.4041666666666667 0.014453125 0.011111111111111112
0 0.18515625 0.38472222222222224 0.02265625 0.029166666666666667
0 0.193359375 0.4041666666666667 0.019140625 0.015277777777777777
0 0.154296875 0.4041666666666667 0.008203125 0.015277777777777777
0 0.14140625 0.40625 0.00703125 0.017361111111111112
0 0.119140625 0.40208333333333335 0.017578125 0.025694444444444443
0 0.078515625 0.40902777777777777 0.034765625 0.027083333333333334
0 0.020703125 0.4131944444444444 0.020703125 0.035416666666666666
0 0.399609375 0.3819444444444444 0.003515625 0.008333333333333333
0 0.417578125 0.4027777777777778 0.010546875 0.0125
0 0.578125 0.3770833333333333 0.01484375 0.013194444444444444
0 0.671875 0.3729166666666667 0.01953125 0.009027777777777777
0 0.487109375 0.38958333333333334 0.006640625 0.007638888888888889
0 0.526171875 0.3854166666666667 0.005859375 0.009027777777777777
4 0.386328125 0.38680555555555557 0.012109375 0.027083333333333334
8 0.21015625 0.32222222222222224 0.009375 0.025
