0 0.278125 0.6055555555555555 0.01015625 0.020833333333333332
0 0.251171875 0.6090277777777777 0.020703125 0.02847222222222222
0 0.21953125 0.6236111111111111 0.02578125 0.025
1 0.1359375 0.5972222222222222 0.07421875 0.08333333333333333
1 0.035546875 0.5951388888888889 0.035546875 0.11319444444444444
0 0.351953125 0.6013888888888889 0.007421875 0.016666666666666666
0 0.318359375 0.5972222222222222 0.036328125 0.04722222222222222
0 0.493359375 0.5805555555555556 0.005859375 0.018055555555555554
0 0.555859375 0.5840277777777778 0.014453125 0.021527777777777778
0 0.51953125 0.5993055555555555 0.028125 0.03680555555555556
0 0.608203125 0.6069444444444444 0.051171875 0.06527777777777778
8 0.52890625 0.525 0.00390625 0.008333333333333333
8 0.621875 0.4979166666666667 0.00625 0.009027777777777777
0 0.699609375 0.5763888888888888 0.055078125 0.07361111111111111
0 0.798046875 0.5930555555555556 0.083984375 0.0875
0 0.956640625 0.7048611111111112 0.043359375 0.12013888888888889
0 0.913671875 0.5895833333333333 0.086328125 0.13541666666666666
0 0.425390625 0.5972222222222222 0.066015625 0.11527777777777778
