8 0.753515625 0.45902777777777776 0.005859375 0.022916666666666665
8 0.74921875 0.40902777777777777 0.0140625 0.017361111111111112
8 0.7484375 0.3763888888888889 0.01328125 0.015277777777777777
8 0.627734375 0.5166666666666667 0.005859375 0.0125
0 0.559375 0.5506944444444445 0.00703125 0.009027777777777777
0 0.603515625 0.5638888888888889 0.005078125 0.015277777777777777
0 0.616796875 0.5645833333333333 0.012890625 0.021527777777777778
4 0.595703125 0.5354166666666667 0.010546875 0.013194444444444444
4 0.537109375 0.5458333333333333 0.005859375 0.011111111111111112
4 0.501171875 0.5472222222222223 0.019140625 0.03194444444444444
4 0.5640625 0.5381944444444444 0.01328125 0.010416666666666666
4 0.60625 0.5201388888888889 0.01875 0.022916666666666665
0 0.460546875 0.5604166666666667 0.007421875 0.011805555555555555
0 0.49765625 0.49930555555555556 0.0140625 0.014583333333333334
0 0.548828125 0.5506944444444445 0.007421875 0.01597222222222222
0 0.53203125 0.5548611111111111 0.00859375 0.011805555555555555
0 0.58203125 0.5680555555555555 0.0203125 0.029166666666666667
0 0.68203125 0.5833333333333334 0.065625 0.09166666666666666
0 0.4203125 0.5701388888888889 0.02109375 0.024305555555555556
0 0.3265625 0.56875 0.025 0.027083333333333334
0 0.221484375 0.5847222222222223 0.039453125 0.03888888888888889
0 0.105859375 0.5861111111111111 0.046484375 0.0375
