5 0.712890625 0.51875 0.056640625 0.07291666666666667
8 0.86328125 0.10486111111111111 0.03125 0.052083333333333336
8 0.8078125 0.30833333333333335 0.02421875 0.034722222222222224
0 0.11328125 0.6013888888888889 0.11328125 0.10833333333333334
0 0.412890625 0.5173611111111112 0.060546875 0.05763888888888889
0 0.534765625 0.50625 0.065234375 0.08541666666666667
0 0.60390625 0.49236111111111114 0.01875 0.034027777777777775
0 0.631640625 0.5006944444444444 0.012109375 0.017361111111111112
0 0.71640625 0.45902777777777776 0.04296875 0.04513888888888889
0 0.753125 0.46458333333333335 0.034375 0.07013888888888889
