2 0.053125 0.61875 0.01953125 0.034027777777777775
0 0.21015625 0.5854166666666667 0.034375 0.04097222222222222
0 0.25859375 0.5798611111111112 0.0140625 0.027083333333333334
0 0.282421875 0.5784722222222223 0.012109375 0.022916666666666665
0 0.296875 0.5722222222222222 0.00703125 0.019444444444444445
0 0.31484375 0.5680555555555555 0.009375 0.013888888888888888
0 0.3421875 0.56875 0.01015625 0.009027777777777777
0 0.369921875 0.5652777777777778 0.005859375 0.006944444444444444
4 0.38359375 0.5597222222222222 0.00546875 0.013888888888888888
0 0.3609375 0.5555555555555556 0.00390625 0.005555555555555556
0 0.8734375 0.6229166666666667 0.07734375 0.049305555555555554
0 0.91328125 0.7423611111111111 0.0859375 0.21041666666666667
8 0.06796875 0.4423611111111111 0.0171875 0.013194444444444444
8 0.055859375 0.4013888888888889 0.013671875 0.013888888888888888
8 0.887890625 0.25555555555555554 0.029296875 0.030555555555555555
8 0.8921875 0.30694444444444446 0.02109375 0.013888888888888888
8 0.87265625 0.3451388888888889 0.04140625 0.027083333333333334
8 0.982421875 0.25833333333333336 0.016796875 0.06527777777777778
8 0.9828125 0.36180555555555555 0.01640625 0.03263888888888889
4 0.429296875 0.5402777777777777 0.023828125 0.02638888888888889
8 0.06640625 0.49236111111111114 0.01015625 0.011805555555555555
