0 0.295703125 0.5604166666666667 0.018359375 0.01875
0 0.28515625 0.6006944444444444 0.01953125 0.03958333333333333
0 0.262109375 0.6083333333333333 0.017578125 0.05277777777777778
0 0.216015625 0.6173611111111111 0.040234375 0.08680555555555555
0 0.43125 0.58125 0.00546875 0.02013888888888889
0 0.444140625 0.58125 0.008984375 0.02013888888888889
0 0.453515625 0.5847222222222223 0.011328125 0.02361111111111111
0 0.4671875 0.5881944444444445 0.01171875 0.027083333333333334
0 0.503515625 0.5784722222222223 0.030078125 0.03819444444444445
0 0.69921875 0.6729166666666667 0.1 0.08958333333333333
0 0.36796875 0.6347222222222222 0.075 0.1111111111111111
0 0.102734375 0.6513888888888889 0.102734375 0.15555555555555556
8 0.532421875 0.49722222222222223 0.004296875 0.018055555555555554
