9 0.35234375 0.22569444444444445 0.009375 0.04375
9 0.463671875 0.4 0.004296875 0.020833333333333332
9 0.55703125 0.35694444444444445 0.00390625 0.022222222222222223
9 0.757421875 0.3861111111111111 0.005859375 0.022222222222222223
9 0.903515625 0.4152777777777778 0.005859375 0.025
9 0.364453125 0.23958333333333334 0.004296875 0.04513888888888889
9 0.1234375 0.2013888888888889 0.01171875 0.04027777777777778
9 0.037890625 0.30833333333333335 0.007421875 0.022222222222222223
9 0.04375 0.27847222222222223 0.00625 0.009027777777777777
9 0.0234375 0.3104166666666667 0.00703125 0.02013888888888889
9 0.90546875 0.4979166666666667 0.009375 0.010416666666666666
9 0.36484375 0.4125 0.00703125 0.018055555555555554
9 0.345703125 0.4097222222222222 0.004296875 0.016666666666666666
9 0.0609375 0.46597222222222223 0.003125 0.007638888888888889
8 0.28671875 0.36736111111111114 0.00625 0.013194444444444444
8 0.373828125 0.35694444444444445 0.002734375 0.030555555555555555
8 0.4640625 0.43472222222222223 0.01015625 0.0125
8 0.462890625 0.45625 0.005859375 0.007638888888888889
8 0.462890625 0.48055555555555557 0.006640625 0.013888888888888888
8 0.566015625 0.46041666666666664 0.003515625 0.009027777777777777
8 0.804296875 0.39444444444444443 0.029296875 0.009722222222222222
8 0.8890625 0.4666666666666667 0.003125 0.013888888888888888
8 0.90859375 0.44583333333333336 0.01171875 0.004166666666666667
8 0.0109375 0.3020833333333333 0.00859375 0.01875
8 0.06328125 0.38472222222222224 0.0078125 0.009722222222222222
8 0.417578125 0.4909722222222222 0.002734375 0.00625
0 0.380859375 0.5034722222222222 0.003515625 0.00625
0 0.38984375 0.5034722222222222 0.00625 0.00625
0 0.401953125 0.5006944444444444 0.005859375 0.003472222222222222
0 0.407421875 0.5076388888888889 0.010546875 0.009027777777777777
0 0.4265625 0.5034722222222222 0.009375 0.004861111111111111
0 0.4296875 0.5125 0.0140625 0.008333333333333333
0 0.33046875 0.5319444444444444 0.01640625 0.02361111111111111
0 0.378125 0.5548611111111111 0.0421875 0.04375
0 0.5265625 0.5222222222222223 0.00625 0.006944444444444444
0 0.542578125 0.5222222222222223 0.008984375 0.011111111111111112
0 0.565625 0.5256944444444445 0.00546875 0.009027777777777777
0 0.58125 0.525 0.01328125 0.011111111111111112
0 0.614453125 0.5291666666666667 0.010546875 0.0125
0 0.643359375 0.5180555555555556 0.006640625 0.005555555555555556
0 0.653515625 0.5326388888888889 0.012109375 0.014583333333333334
0 0.603515625 0.5347222222222222 0.012109375 0.013888888888888888
0 0.308203125 0.5166666666666667 0.010546875 0.016666666666666666
0 0.2890625 0.5208333333333334 0.01640625 0.018055555555555554
0 0.259765625 0.5277777777777778 0.017578125 0.02638888888888889
0 0.153515625 0.5104166666666666 0.030078125 0.024305555555555556
0 0.12265625 0.5166666666666667 0.0328125 0.018055555555555554
0 0.22421875 0.5375 0.0515625 0.034722222222222224
0 0.46875 0.6145833333333334 0.07578125 0.10902777777777778
0 0.7390625 0.5666666666666667 0.08046875 0.058333333333333334
0 0.950390625 0.6701388888888888 0.047265625 0.09930555555555555
2 0.8578125 0.5659722222222222 0.00625 0.027083333333333334
2 0.814453125 0.5569444444444445 0.004296875 0.02638888888888889
