0 0.46171875 0.625 0.1015625 0.12361111111111112
0 0.102734375 0.54375 0.023046875 0.027083333333333334
0 0.1765625 0.5194444444444445 0.009375 0.008333333333333333
0 0.21328125 0.5215277777777778 0.009375 0.009027777777777777
0 0.2015625 0.5104166666666666 0.00703125 0.009027777777777777
0 0.132421875 0.5326388888888889 0.009765625 0.013194444444444444
0 0.1421875 0.5284722222222222 0.00546875 0.013194444444444444
0 0.95703125 0.6569444444444444 0.04140625 0.08333333333333333
0 0.871875 0.6305555555555555 0.08515625 0.07916666666666666
9 0.198046875 0.47152777777777777 0.001171875 0.009027777777777777
9 0.1140625 0.4548611111111111 0.00234375 0.013194444444444444
9 0.1078125 0.4548611111111111 0.00390625 0.013194444444444444
9 0.11875 0.45694444444444443 0.00390625 0.011111111111111112
9 0.205859375 0.47152777777777777 0.001953125 0.009027777777777777
8 0.34375 0.5034722222222222 0.0078125 0.011805555555555555
8 0.24453125 0.49444444444444446 0.00546875 0.002777777777777778
8 0.69609375 0.4215277777777778 0.0140625 0.009027777777777777
8 0.691796875 0.46805555555555556 0.012109375 0.029166666666666667
8 0.923046875 0.49722222222222223 0.014453125 0.034722222222222224
