9 0.313671875 0.43472222222222223 0.004296875 0.016666666666666666
9 0.398828125 0.4215277777777778 0.005078125 0.017361111111111112
9 0.310546875 0.49583333333333335 0.005078125 0.008333333333333333
9 0.246875 0.48055555555555557 0.00625 0.011111111111111112
9 0.405859375 0.42569444444444443 0.003515625 0.013194444444444444
9 0.512109375 0.44166666666666665 0.002734375 0.011111111111111112
9 0.50703125 0.4409722222222222 0.0046875 0.010416666666666666
9 0.544140625 0.48125 0.002734375 0.007638888888888889
8 0.378515625 0.3784722222222222 0.032421875 0.03958333333333333
8 0.33515625 0.4576388888888889 0.0078125 0.009027777777777777
8 0.321484375 0.4263888888888889 0.005859375 0.018055555555555554
8 0.31953125 0.46805555555555556 0.00546875 0.005555555555555556
8 0.313671875 0.4618055555555556 0.007421875 0.004861111111111111
0 0.128125 0.5534722222222223 0.05625 0.03125
0 0.224609375 0.5520833333333334 0.045703125 0.025694444444444443
0 0.4765625 0.5451388888888888 0.0125 0.017361111111111112
0 0.51640625 0.5548611111111111 0.0328125 0.050694444444444445
4 0.369921875 0.5493055555555556 0.033984375 0.03958333333333333
0 0.397265625 0.5680555555555555 0.009765625 0.03611111111111111
0 0.431640625 0.58125 0.041015625 0.05763888888888889
0 0.6234375 0.5958333333333333 0.08125 0.09861111111111111
0 0.826171875 0.7770833333333333 0.171484375 0.21180555555555555
8 0.5921875 0.4722222222222222 0.0078125 0.009722222222222222
8 0.591015625 0.4895833333333333 0.006640625 0.004861111111111111
