8 0.656640625 0.4534722222222222 0.015234375 0.022916666666666665
8 0.6578125 0.49166666666666664 0.01015625 0.011111111111111112
8 0.60546875 0.47291666666666665 0.0078125 0.014583333333333334
8 0.912109375 0.44513888888888886 0.008203125 0.01875
9 0.415234375 0.5277777777777778 0.004296875 0.008333333333333333
9 0.43046875 0.5236111111111111 0.0046875 0.011111111111111112
8 0.6359375 0.4979166666666667 0.0046875 0.011805555555555555
8 0.521875 0.5354166666666667 0.0046875 0.00625
8 0.515234375 0.5361111111111111 0.005078125 0.009722222222222222
0 0.438671875 0.5652777777777778 0.004296875 0.011111111111111112
0 0.433203125 0.5694444444444444 0.004296875 0.009722222222222222
0 0.441796875 0.5659722222222222 0.003515625 0.011805555555555555
0 0.448046875 0.5625 0.005859375 0.0125
0 0.464453125 0.55625 0.006640625 0.007638888888888889
0 0.47265625 0.5659722222222222 0.0078125 0.011805555555555555
0 0.412890625 0.5673611111111111 0.005078125 0.011805555555555555
0 0.030859375 0.6180555555555556 0.030859375 0.03611111111111111
0 0.39375 0.5722222222222222 0.00546875 0.008333333333333333
0 0.403515625 0.5715277777777777 0.005078125 0.010416666666666666
0 0.423828125 0.5701388888888889 0.008203125 0.011805555555555555
0 0.456640625 0.5708333333333333 0.009765625 0.0125
0 0.31015625 0.5805555555555556 0.01015625 0.011111111111111112
0 0.301171875 0.5826388888888889 0.008203125 0.010416666666666666
0 0.28203125 0.5840277777777778 0.01484375 0.013194444444444444
0 0.27421875 0.5847222222222223 0.015625 0.013888888888888888
0 0.26015625 0.5868055555555556 0.01484375 0.014583333333333334
0 0.2421875 0.5902777777777778 0.021875 0.015277777777777777
0 0.230859375 0.5965277777777778 0.024609375 0.01597222222222222
0 0.2046875 0.5930555555555556 0.00703125 0.016666666666666666
0 0.623046875 0.5631944444444444 0.021484375 0.01875
0 0.941015625 0.5354166666666667 0.032421875 0.03958333333333333
0 0.979296875 0.5256944444444445 0.019140625 0.049305555555555554
0 0.7515625 0.5534722222222223 0.0390625 0.022916666666666665
0 0.851953125 0.5409722222222222 0.044921875 0.03125
0 0.1171875 0.6326388888888889 0.08671875 0.10069444444444445
8 0.610546875 0.48819444444444443 0.008203125 0.02013888888888889
