0 0.047265625 0.5347222222222222 0.047265625 0.1986111111111111
0 0.141796875 0.36736111111111114 0.101953125 0.1701388888888889
0 0.0328125 0.39444444444444443 0.01171875 0.05
4 0.4328125 0.38472222222222224 0.0390625 0.0763888888888889
4 0.527734375 0.39791666666666664 0.050390625 0.08125
4 0.4765625 0.3875 0.00625 0.043055555555555555
4 0.30234375 0.3854166666666667 0.01640625 0.03263888888888889
0 0.378515625 0.48333333333333334 0.083203125 0.11944444444444445
0 0.27578125 0.41944444444444445 0.025 0.04027777777777778
2 0.631640625 0.43125 0.012109375 0.03958333333333333
2 0.64765625 0.4201388888888889 0.00703125 0.03680555555555556
9 0.2734375 0.325 0.003125 0.009722222222222222
8 0.27734375 0.3701388888888889 0.00625 0.00625
8 0.58671875 0.25555555555555554 0.00625 0.0125
8 0.58671875 0.2881944444444444 0.01015625 0.013194444444444444
8 0.594921875 0.35555555555555557 0.007421875 0.008333333333333333
