2 0.620703125 0.4326388888888889 0.014453125 0.035416666666666666
9 0.3109375 0.3472222222222222 0.00234375 0.015277777777777777
0 0.40234375 0.41875 0.0046875 0.025694444444444443
0 0.308203125 0.4152777777777778 0.002734375 0.025
0 0.300390625 0.4111111111111111 0.005078125 0.022222222222222223
4 0.285546875 0.41041666666666665 0.014453125 0.034027777777777775
0 0.2328125 0.4131944444444444 0.04609375 0.06875
0 0.185546875 0.4326388888888889 0.062109375 0.07291666666666667
0 0.0625 0.4847222222222222 0.0625 0.19722222222222222
0 0.356640625 0.4340277777777778 0.044140625 0.08263888888888889
8 0.687109375 0.23125 0.013671875 0.021527777777777778
0 0.410546875 0.43333333333333335 0.009765625 0.030555555555555555
0 0.41640625 0.43194444444444446 0.01328125 0.03194444444444444
0 0.44609375 0.44375 0.03203125 0.05486111111111111
0 0.51015625 0.4625 0.06328125 0.07361111111111111
0 0.722265625 0.5583333333333333 0.142578125 0.1486111111111111
0 0.881640625 0.625 0.117578125 0.25555555555555554
8 0.148046875 0.2708333333333333 0.008203125 0.018055555555555554
