0 0.02421875 0.7777777777777778 0.0234375 0.14305555555555555
0 0.075390625 0.6305555555555555 0.075390625 0.1
0 0.2921875 0.6145833333333334 0.059375 0.08402777777777778
0 0.360546875 0.6006944444444444 0.019140625 0.04375
0 0.390234375 0.5833333333333334 0.030859375 0.043055555555555555
0 0.426171875 0.5729166666666666 0.015234375 0.024305555555555556
0 0.44140625 0.56875 0.01015625 0.02013888888888889
0 0.454296875 0.5625 0.008203125 0.013888888888888888
0 0.46875 0.5590277777777778 0.00703125 0.010416666666666666
0 0.48046875 0.5555555555555556 0.0046875 0.009722222222222222
0 0.5015625 0.5534722222222223 0.0078125 0.011805555555555555
0 0.51171875 0.5527777777777778 0.00703125 0.0125
0 0.52109375 0.5569444444444445 0.00703125 0.0125
0 0.530859375 0.5493055555555556 0.007421875 0.01597222222222222
0 0.542578125 0.5569444444444445 0.009765625 0.019444444444444445
0 0.556640625 0.5597222222222222 0.013671875 0.022222222222222223
0 0.58671875 0.5638888888888889 0.025 0.030555555555555555
4 0.65546875 0.5645833333333333 0.05078125 0.07013888888888889
2 0.71796875 0.5888888888888889 0.0234375 0.11666666666666667
8 0.715625 0.41875 0.01484375 0.022916666666666665
8 0.70703125 0.4756944444444444 0.0078125 0.029861111111111113
