0 0.034765625 0.5486111111111112 0.033203125 0.05555555555555555
0 0.014453125 0.4951388888888889 0.014453125 0.009027777777777777
0 0.19609375 0.5069444444444444 0.00703125 0.019444444444444445
0 0.237890625 0.49930555555555556 0.008984375 0.014583333333333334
0 0.33125 0.4847222222222222 0.00625 0.022222222222222223
0 0.346484375 0.4875 0.013671875 0.027777777777777776
0 0.322265625 0.49166666666666664 0.005859375 0.0125
0 0.209375 0.5125 0.0140625 0.020833333333333332
0 0.284765625 0.5277777777777778 0.043359375 0.05694444444444444
0 0.36796875 0.5034722222222222 0.0234375 0.029861111111111113
8 0.5703125 0.3548611111111111 0.021875 0.035416666666666666
8 0.57421875 0.42569444444444443 0.02109375 0.03680555555555556
