0 0.048046875 0.6361111111111111 0.046484375 0.1
0 0.326171875 0.6173611111111111 0.042578125 0.04791666666666667
0 0.3765625 0.61875 0.0171875 0.035416666666666666
0 0.396875 0.6159722222222223 0.0140625 0.03125
0 0.457421875 0.6173611111111111 0.011328125 0.017361111111111112
0 0.481640625 0.6118055555555556 0.010546875 0.013194444444444444
0 0.7234375 0.6881944444444444 0.07421875 0.07847222222222222
0 0.929296875 0.7263888888888889 0.067578125 0.19027777777777777
0 0.653125 0.64375 0.040625 0.059027777777777776
0 0.609765625 0.6361111111111111 0.016796875 0.04027777777777778
1 0.571875 0.6083333333333333 0.01640625 0.03888888888888889
0 0.546484375 0.6180555555555556 0.006640625 0.013888888888888888
0 0.5359375 0.6194444444444445 0.0078125 0.013888888888888888
9 0.543359375 0.4930555555555556 0.005078125 0.015277777777777777
9 0.463671875 0.5041666666666667 0.003515625 0.013888888888888888
9 0.469921875 0.5034722222222222 0.005078125 0.013194444444444444
8 0.448046875 0.5611111111111111 0.004296875 0.009722222222222222
8 0.64453125 0.5534722222222223 0.00859375 0.00625
8 0.6203125 0.5555555555555556 0.00390625 0.004166666666666667
8 0.616015625 0.5631944444444444 0.007421875 0.004861111111111111
8 0.37109375 0.5138888888888888 0.00859375 0.008333333333333333
0 0.52421875 0.6138888888888889 0.00546875 0.013888888888888888
8 0.769140625 0.4840277777777778 0.010546875 0.013194444444444444
0 0.50390625 0.6076388888888888 0.00546875 0.007638888888888889
