8 0.6140625 0.44166666666666665 0.0234375 0.022222222222222223
8 0.07578125 0.5118055555555555 0.00859375 0.024305555555555556
3 0.640625 0.6708333333333333 0.01328125 0.022222222222222223
3 0.66875 0.6743055555555556 0.0140625 0.024305555555555556
3 0.692578125 0.6715277777777777 0.020703125 0.03263888888888889
3 0.720703125 0.6798611111111111 0.019921875 0.034027777777777775
3 0.75 0.6763888888888889 0.01953125 0.0375
3 0.77578125 0.6763888888888889 0.021875 0.0375
3 0.810546875 0.6763888888888889 0.027734375 0.0375
3 0.84609375 0.6770833333333334 0.0234375 0.04097222222222222
3 0.869921875 0.6756944444444445 0.023828125 0.03958333333333333
3 0.89765625 0.6784722222222223 0.025 0.03958333333333333
3 0.91875 0.6805555555555556 0.03046875 0.04027777777777778
3 0.93828125 0.6840277777777778 0.02890625 0.03819444444444445
3 0.96484375 0.6861111111111111 0.02734375 0.043055555555555555
8 0.719921875 0.6138888888888889 0.006640625 0.015277777777777777
8 0.612890625 0.5972222222222222 0.008984375 0.013888888888888888
8 0.61328125 0.6284722222222222 0.00703125 0.014583333333333334
