9 0.5734375 0.32222222222222224 0.00390625 0.0125
9 0.63359375 0.3277777777777778 0.00390625 0.013888888888888888
9 0.61796875 0.375 0.00390625 0.013888888888888888
9 0.566015625 0.32708333333333334 0.003515625 0.013194444444444444
9 0.419921875 0.3347222222222222 0.005859375 0.020833333333333332
8 0.544921875 0.3326388888888889 0.013671875 0.021527777777777778
8 0.579296875 0.33402777777777776 0.013671875 0.02013888888888889
0 0.5796875 0.4263888888888889 0.0078125 0.013888888888888888
0 0.532421875 0.42430555555555555 0.010546875 0.01875
0 0.514453125 0.425 0.009765625 0.019444444444444445
0 0.291796875 0.425 0.032421875 0.019444444444444445
0 0.223828125 0.46111111111111114 0.033984375 0.030555555555555555
0 0.16171875 0.46111111111111114 0.03828125 0.0375
0 0.70859375 0.43472222222222223 0.01796875 0.019444444444444445
0 0.10703125 0.45416666666666666 0.02421875 0.0375
0 0.055859375 0.45 0.026953125 0.034722222222222224
0 0.0171875 0.45 0.0171875 0.0375
0 0.456640625 0.40069444444444446 0.007421875 0.009027777777777777
0 0.559765625 0.39791666666666664 0.006640625 0.009027777777777777
0 0.555078125 0.45625 0.027734375 0.049305555555555554
4 0.96875 0.4111111111111111 0.0171875 0.018055555555555554
8 0.76015625 0.25277777777777777 0.025 0.05416666666666667
8 0.8796875 0.33402777777777776 0.01640625 0.02013888888888889
8 0.952734375 0.33958333333333335 0.014453125 0.022916666666666665
9 0.398828125 0.3541666666666667 0.003515625 0.013888888888888888
