8 0.515234375 0.35694444444444445 0.006640625 0.0125
0 0.3765625 0.42291666666666666 0.0078125 0.02013888888888889
0 0.36328125 0.4166666666666667 0.00859375 0.02361111111111111
0 0.35234375 0.4236111111111111 0.0140625 0.02361111111111111
0 0.3359375 0.4263888888888889 0.0171875 0.027777777777777776
0 0.333984375 0.4444444444444444 0.011328125 0.0375
0 0.298828125 0.44375 0.027734375 0.07430555555555556
0 0.243359375 0.44513888888888886 0.065234375 0.09375
0 0.4640625 0.4236111111111111 0.0078125 0.020833333333333332
0 0.48828125 0.41944444444444445 0.02578125 0.03333333333333333
0 0.524609375 0.44027777777777777 0.039453125 0.06111111111111111
0 0.59921875 0.46041666666666664 0.07578125 0.08125
4 0.441015625 0.42291666666666666 0.015234375 0.027083333333333334
4 0.40625 0.40625 0.02578125 0.05486111111111111
4 0.1125 0.48194444444444445 0.1125 0.14166666666666666
0 0.82265625 0.53125 0.1765625 0.20347222222222222
