0 0.06328125 0.6097222222222223 0.02890625 0.058333333333333334
8 0.053125 0.5138888888888888 0.015625 0.011111111111111112
8 0.809765625 0.3284722222222222 0.062109375 0.10902777777777778
8 0.626953125 0.4173611111111111 0.012890625 0.024305555555555556
0 0.016796875 0.6305555555555555 0.006640625 0.015277777777777777
8 0.005859375 0.4909722222222222 0.005859375 0.06041666666666667
0 0.016015625 0.6888888888888889 0.016015625 0.08888888888888889
1 0.296875 0.475 0.215625 0.4388888888888889
2 0.517578125 0.5833333333333334 0.007421875 0.041666666666666664
2 0.69921875 0.5951388888888889 0.015625 0.06597222222222222
