0 0.45234375 0.5645833333333333 0.00859375 0.011805555555555555
0 0.438671875 0.5680555555555555 0.008984375 0.015277777777777777
0 0.426171875 0.5729166666666666 0.013671875 0.024305555555555556
0 0.40703125 0.5777777777777777 0.0171875 0.029166666666666667
0 0.376171875 0.5930555555555556 0.025390625 0.044444444444444446
0 0.3265625 0.6076388888888888 0.03828125 0.06458333333333334
0 0.250390625 0.6361111111111111 0.068359375 0.09027777777777778
0 0.488671875 0.5625 0.006640625 0.013888888888888888
0 0.504296875 0.5611111111111111 0.009765625 0.025
0 0.51640625 0.5597222222222222 0.01328125 0.027777777777777776
0 0.548046875 0.5715277777777777 0.026171875 0.04236111111111111
0 0.596875 0.5951388888888889 0.040625 0.049305555555555554
0 0.12265625 0.7041666666666667 0.12265625 0.15555555555555556
0 0.837109375 0.6583333333333333 0.162109375 0.19027777777777777
0 0.971484375 0.7881944444444444 0.027734375 0.1673611111111111
