0 0.430078125 0.46944444444444444 0.010546875 0.020833333333333332
0 0.35625 0.5131944444444444 0.071875 0.07291666666666667
0 0.566796875 0.39166666666666666 0.055859375 0.02361111111111111
0 0.762109375 0.49722222222222223 0.041015625 0.06111111111111111
0 0.8484375 0.5368055555555555 0.10390625 0.10069444444444445
0 0.934375 0.5819444444444445 0.0640625 0.17916666666666667
0 0.551171875 0.6333333333333333 0.173828125 0.22361111111111112
2 0.713671875 0.5319444444444444 0.031640625 0.08194444444444444
9 0.426953125 0.42569444444444443 0.005859375 0.010416666666666666
9 0.528125 0.35347222222222224 0.003125 0.013194444444444444
9 0.650390625 0.34930555555555554 0.004296875 0.013194444444444444
9 0.6421875 0.34791666666666665 0.0046875 0.014583333333333334
9 0.723046875 0.4340277777777778 0.006640625 0.011805555555555555
8 0.724609375 0.3861111111111111 0.008984375 0.006944444444444444
8 0.3953125 0.3576388888888889 0.009375 0.009027777777777777
9 0.76796875 0.31875 0.0046875 0.013194444444444444
