9 0.2984375 0.2152777777777778 0.00625 0.030555555555555555
9 0.12578125 0.3923611111111111 0.0109375 0.013194444444444444
9 0.124609375 0.3347222222222222 0.005859375 0.020833333333333332
9 0.951171875 0.09583333333333334 0.011328125 0.041666666666666664
9 0.809765625 0.33402777777777776 0.007421875 0.027083333333333334
9 0.84765625 0.39305555555555555 0.009375 0.013888888888888888
8 0.140234375 0.2965277777777778 0.015234375 0.010416666666666666
8 0.858203125 0.21805555555555556 0.014453125 0.013888888888888888
8 0.846875 0.28680555555555554 0.0109375 0.010416666666666666
8 0.827734375 0.3375 0.008203125 0.02361111111111111
8 0.83046875 0.25069444444444444 0.015625 0.011805555555555555
8 0.323046875 0.36875 0.014453125 0.027083333333333334
2 0.698046875 0.49027777777777776 0.007421875 0.0375
2 0.66484375 0.48819444444444443 0.01015625 0.03125
2 0.75078125 0.4861111111111111 0.00859375 0.041666666666666664
2 0.64375 0.4791666666666667 0.00625 0.025
2 0.33046875 0.48055555555555557 0.0078125 0.030555555555555555
2 0.31484375 0.47638888888888886 0.01171875 0.03611111111111111
0 0.49921875 0.48125 0.00390625 0.010416666666666666
0 0.493359375 0.49166666666666664 0.007421875 0.016666666666666666
0 0.480859375 0.4895833333333333 0.006640625 0.014583333333333334
0 0.457421875 0.5020833333333333 0.023828125 0.04791666666666667
0 0.72734375 0.41597222222222224 0.0171875 0.02013888888888889
0 0.755859375 0.4111111111111111 0.025390625 0.025
0 0.81796875 0.40625 0.0625 0.027083333333333334
0 0.815234375 0.4756944444444444 0.055859375 0.035416666666666666
0 0.730078125 0.4875 0.016015625 0.02361111111111111
0 0.894921875 0.4756944444444444 0.027734375 0.035416666666666666
0 0.70859375 0.4826388888888889 0.00859375 0.014583333333333334
0 0.398046875 0.5118055555555555 0.052734375 0.05763888888888889
0 0.56328125 0.48125 0.0640625 0.11597222222222223
0 0.9484375 0.4625 0.05078125 0.04583333333333333
0 0.950390625 0.37222222222222223 0.048828125 0.044444444444444446
9 0.31484375 0.2152777777777778 0.00625 0.02361111111111111
