0 0.21484375 0.33819444444444446 0.01015625 0.010416666666666666
0 0.1515625 0.34097222222222223 0.01953125 0.017361111111111112
0 0.100390625 0.34305555555555556 0.012890625 0.015277777777777777
0 0.068359375 0.3388888888888889 0.012109375 0.009722222222222222
0 0.026953125 0.33541666666666664 0.026953125 0.017361111111111112
0 0.016796875 0.40208333333333335 0.016796875 0.05763888888888889
0 0.275390625 0.34444444444444444 0.005859375 0.009722222222222222
0 0.28671875 0.3451388888888889 0.00625 0.009027777777777777
0 0.306640625 0.34930555555555554 0.005859375 0.009027777777777777
0 0.339453125 0.34930555555555554 0.005859375 0.009027777777777777
0 0.356640625 0.3458333333333333 0.008203125 0.008333333333333333
0 0.365234375 0.3548611111111111 0.005859375 0.010416666666666666
0 0.42578125 0.3638888888888889 0.0109375 0.018055555555555554
0 0.24375 0.3909722222222222 0.04609375 0.05486111111111111
8 0.274609375 0.29583333333333334 0.016015625 0.011111111111111112
8 0.3203125 0.3013888888888889 0.02578125 0.015277777777777777
8 0.3671875 0.3076388888888889 0.01484375 0.013194444444444444
8 0.730859375 0.2923611111111111 0.014453125 0.035416666666666666
