9 0.322265625 0.06805555555555555 0.008984375 0.043055555555555555
9 0.308203125 0.06597222222222222 0.006640625 0.04097222222222222
9 0.34140625 0.07083333333333333 0.0078125 0.041666666666666664
9 0.50234375 0.3736111111111111 0.00234375 0.006944444444444444
9 0.483203125 0.37222222222222223 0.001171875 0.006944444444444444
8 0.209765625 0.15347222222222223 0.019921875 0.022916666666666665
8 0.26015625 0.08333333333333333 0.0328125 0.016666666666666666
0 0.484375 0.4 0.00859375 0.009722222222222222
0 0.459765625 0.4041666666666667 0.010546875 0.013888888888888888
0 0.521484375 0.40069444444444446 0.007421875 0.010416666666666666
0 0.54375 0.4083333333333333 0.00859375 0.019444444444444445
0 0.562109375 0.4027777777777778 0.015234375 0.029166666666666667
0 0.633203125 0.48819444444444443 0.089453125 0.12430555555555556
0 0.296875 0.4847222222222222 0.14140625 0.15555555555555556
0 0.7796875 0.3993055555555556 0.0453125 0.02847222222222222
0 0.905859375 0.40694444444444444 0.093359375 0.07361111111111111
9 0.971484375 0.28541666666666665 0.010546875 0.024305555555555556
9 0.158984375 0.33541666666666664 0.006640625 0.01597222222222222
9 0.1484375 0.33611111111111114 0.00546875 0.013888888888888888
