8 0.7484375 0.2590277777777778 0.00703125 0.013194444444444444
8 0.754296875 0.29930555555555555 0.006640625 0.025694444444444443
8 0.742578125 0.29583333333333334 0.004296875 0.018055555555555554
9 0.551953125 0.3423611111111111 0.003515625 0.004861111111111111
0 0.58125 0.3951388888888889 0.00546875 0.007638888888888889
0 0.53359375 0.3875 0.00546875 0.009722222222222222
0 0.5171875 0.3861111111111111 0.0046875 0.008333333333333333
0 0.476953125 0.40069444444444446 0.012109375 0.014583333333333334
0 0.524609375 0.3993055555555556 0.008203125 0.014583333333333334
0 0.501171875 0.40625 0.018359375 0.025694444444444443
0 0.44921875 0.4041666666666667 0.0171875 0.020833333333333332
0 0.3921875 0.4166666666666667 0.03203125 0.03333333333333333
0 0.53984375 0.3625 0.00390625 0.005555555555555556
0 0.5984375 0.39861111111111114 0.01328125 0.016666666666666666
2 0.79921875 0.3909722222222222 0.00625 0.03263888888888889
2 0.7859375 0.4013888888888889 0.00703125 0.0375
2 0.81640625 0.39861111111111114 0.0125 0.04583333333333333
