0 0.828515625 0.5166666666666667 0.169921875 0.18611111111111112
2 0.663671875 0.41805555555555557 0.012109375 0.05277777777777778
8 0.584375 0.29583333333333334 0.0140625 0.008333333333333333
8 0.58515625 0.27152777777777776 0.015625 0.007638888888888889
2 0.60703125 0.42569444444444443 0.0125 0.049305555555555554
2 0.05859375 0.4236111111111111 0.01015625 0.03194444444444444
2 0.0703125 0.4263888888888889 0.0046875 0.02638888888888889
2 0.1125 0.41458333333333336 0.00546875 0.025694444444444443
2 0.125 0.41597222222222224 0.00703125 0.02847222222222222
2 0.173046875 0.41597222222222224 0.008203125 0.03125
2 0.213671875 0.4041666666666667 0.005859375 0.016666666666666666
0 0.27109375 0.41180555555555554 0.01171875 0.011805555555555555
0 0.301953125 0.4083333333333333 0.014453125 0.016666666666666666
0 0.3234375 0.4041666666666667 0.0078125 0.0125
0 0.34765625 0.3993055555555556 0.0109375 0.011805555555555555
0 0.365625 0.39791666666666664 0.00703125 0.010416666666666666
0 0.380078125 0.3951388888888889 0.005859375 0.011805555555555555
0 0.39296875 0.39652777777777776 0.009375 0.011805555555555555
0 0.407421875 0.39861111111111114 0.005859375 0.013888888888888888
0 0.421484375 0.40347222222222223 0.011328125 0.01597222222222222
0 0.465234375 0.4222222222222222 0.022265625 0.02638888888888889
8 0.440234375 0.3388888888888889 0.005078125 0.013888888888888888
9 0.39921875 0.35 0.0046875 0.006944444444444444
9 0.415234375 0.37222222222222223 0.002734375 0.008333333333333333
8 0.44140625 0.3638888888888889 0.00390625 0.008333333333333333
0 0.28515625 0.3638888888888889 0.0046875 0.004166666666666667
9 0.29921875 0.37777777777777777 0.00390625 0.009722222222222222
