0 0.161328125 0.44583333333333336 0.033984375 0.029166666666666667
0 0.347265625 0.4222222222222222 0.008984375 0.011111111111111112
0 0.4671875 0.41041666666666665 0.0046875 0.007638888888888889
0 0.46015625 0.41388888888888886 0.0046875 0.008333333333333333
0 0.45078125 0.41805555555555557 0.00234375 0.008333333333333333
0 0.428515625 0.42569444444444443 0.004296875 0.009027777777777777
0 0.42109375 0.42291666666666666 0.00390625 0.011805555555555555
0 0.390625 0.4201388888888889 0.0046875 0.00625
0 0.49609375 0.3875 0.02734375 0.034722222222222224
0 0.471875 0.46319444444444446 0.01328125 0.04652777777777778
8 0.58125 0.2833333333333333 0.01328125 0.022222222222222223
8 0.10546875 0.41388888888888886 0.00625 0.008333333333333333
8 0.231640625 0.38819444444444445 0.005078125 0.009027777777777777
0 0.445703125 0.41944444444444445 0.006640625 0.009722222222222222
0 0.415625 0.4270833333333333 0.00703125 0.010416666666666666
0 0.356640625 0.43680555555555556 0.015234375 0.02013888888888889
0 0.524609375 0.46041666666666664 0.050390625 0.07430555555555556
8 0.569921875 0.34791666666666665 0.007421875 0.010416666666666666
