0 0.466796875 0.40902777777777777 0.005859375 0.010416666666666666
0 0.46015625 0.41597222222222224 0.00703125 0.013194444444444444
0 0.44609375 0.41944444444444445 0.01171875 0.016666666666666666
0 0.434375 0.42083333333333334 0.00625 0.016666666666666666
0 0.427734375 0.4284722222222222 0.006640625 0.02847222222222222
0 0.403515625 0.4284722222222222 0.024609375 0.03958333333333333
0 0.369140625 0.4354166666666667 0.026171875 0.04652777777777778
0 0.351953125 0.45 0.019140625 0.04722222222222222
0 0.338671875 0.4618055555555556 0.024609375 0.05625
0 0.2765625 0.45902777777777776 0.059375 0.10625
0 0.166796875 0.4875 0.116796875 0.14722222222222223
0 0.0515625 0.5965277777777778 0.0515625 0.15347222222222223
0 0.95859375 0.7013888888888888 0.03984375 0.14027777777777778
0 0.4828125 0.4041666666666667 0.00390625 0.005555555555555556
0 0.488671875 0.41597222222222224 0.005078125 0.007638888888888889
0 0.49921875 0.4215277777777778 0.0078125 0.013194444444444444
0 0.50546875 0.42569444444444443 0.00859375 0.01597222222222222
0 0.5203125 0.4305555555555556 0.01484375 0.020833333333333332
0 0.537890625 0.4395833333333333 0.018359375 0.029861111111111113
0 0.546875 0.4465277777777778 0.0109375 0.029861111111111113
0 0.5796875 0.4354166666666667 0.0296875 0.06041666666666667
0 0.62421875 0.45069444444444445 0.04921875 0.07152777777777777
0 0.673828125 0.4875 0.058984375 0.08055555555555556
0 0.837890625 0.5270833333333333 0.160546875 0.15069444444444444
