0 0.5359375 0.3784722222222222 0.00859375 0.011805555555555555
0 0.514453125 0.38055555555555554 0.011328125 0.011111111111111112
0 0.484765625 0.38680555555555557 0.014453125 0.021527777777777778
0 0.45859375 0.39166666666666666 0.01796875 0.020833333333333332
0 0.551171875 0.38055555555555554 0.008984375 0.013888888888888888
0 0.56953125 0.3784722222222222 0.00625 0.009027777777777777
2 0.327734375 0.40555555555555556 0.012890625 0.027777777777777776
3 0.2078125 0.42777777777777776 0.03046875 0.04861111111111111
9 0.119140625 0.27569444444444446 0.008984375 0.024305555555555556
3 0.121484375 0.44375 0.018359375 0.035416666666666666
3 0.157421875 0.4388888888888889 0.019921875 0.044444444444444446
3 0.660546875 0.41805555555555557 0.025390625 0.027777777777777776
8 0.837109375 0.07430555555555556 0.037890625 0.07430555555555556
8 0.348828125 0.00625 0.015234375 0.00625
