8 0.67421875 0.47847222222222224 0.00859375 0.011805555555555555
8 0.5765625 0.5229166666666667 0.00625 0.011805555555555555
0 0.509375 0.5576388888888889 0.0109375 0.01875
0 0.426171875 0.55625 0.007421875 0.010416666666666666
0 0.405859375 0.5826388888888889 0.014453125 0.034027777777777775
0 0.376953125 0.5972222222222222 0.026171875 0.04722222222222222
0 0.316015625 0.6152777777777778 0.044921875 0.07361111111111111
0 0.165234375 0.6548611111111111 0.126953125 0.13541666666666666
0 0.538671875 0.5625 0.010546875 0.016666666666666666
0 0.549609375 0.5666666666666667 0.008984375 0.027777777777777776
0 0.55859375 0.5777777777777777 0.01328125 0.029166666666666667
0 0.582421875 0.5798611111111112 0.026171875 0.04097222222222222
0 0.64296875 0.5694444444444444 0.015625 0.02361111111111111
0 0.8890625 0.5986111111111111 0.08125 0.05277777777777778
0 0.459765625 0.5972222222222222 0.044921875 0.06805555555555555
0 0.60625 0.5986111111111111 0.0359375 0.04583333333333333
0 0.79296875 0.6909722222222222 0.12734375 0.1284722222222222
0 0.02421875 0.7166666666666667 0.02421875 0.19722222222222222
