0 0.37890625 0.6534722222222222 0.034375 0.050694444444444445
0 0.47421875 0.6611111111111111 0.0234375 0.0375
0 0.159765625 0.6763888888888889 0.055078125 0.059722222222222225
0 0.2484375 0.6520833333333333 0.02109375 0.035416666666666666
0 0.576171875 0.6784722222222223 0.031640625 0.034027777777777775
0 0.545703125 0.6638888888888889 0.024609375 0.034722222222222224
0 0.326171875 0.6611111111111111 0.016796875 0.029166666666666667
0 0.4234375 0.6618055555555555 0.01015625 0.021527777777777778
0 0.44140625 0.6506944444444445 0.009375 0.01875
0 0.274609375 0.6618055555555555 0.008984375 0.021527777777777778
9 0.473828125 0.28194444444444444 0.011328125 0.03333333333333333
9 0.50703125 0.2833333333333333 0.009375 0.03888888888888889
9 0.49375 0.28125 0.00859375 0.03680555555555556
8 0.5953125 0.3423611111111111 0.03828125 0.014583333333333334
9 0.33828125 0.5840277777777778 0.0046875 0.010416666666666666
9 0.465625 0.5944444444444444 0.00546875 0.008333333333333333
9 0.70859375 0.5423611111111111 0.01640625 0.01875
