0 0.430078125 0.6256944444444444 0.005859375 0.010416666666666666
0 0.431640625 0.63125 0.005859375 0.009027777777777777
0 0.43671875 0.6381944444444444 0.0078125 0.014583333333333334
0 0.39921875 0.625 0.009375 0.005555555555555556
0 0.40078125 0.64375 0.00859375 0.01597222222222222
0 0.3984375 0.6715277777777777 0.0078125 0.022916666666666665
0 0.35859375 0.6618055555555555 0.0359375 0.050694444444444445
0 0.329296875 0.6826388888888889 0.032421875 0.052083333333333336
0 0.224609375 0.6958333333333333 0.094140625 0.1125
0 0.5 0.6319444444444444 0.00859375 0.013888888888888888
0 0.512109375 0.6402777777777777 0.008203125 0.018055555555555554
0 0.528515625 0.6402777777777777 0.015234375 0.018055555555555554
0 0.555078125 0.6645833333333333 0.020703125 0.04236111111111111
0 0.577734375 0.6791666666666667 0.026953125 0.058333333333333334
0 0.62109375 0.6958333333333333 0.04453125 0.075
0 0.7171875 0.7381944444444445 0.08984375 0.12569444444444444
0 0.8703125 0.7041666666666667 0.128125 0.29305555555555557
0 0.46640625 0.6743055555555556 0.04140625 0.059027777777777776
9 0.442578125 0.5159722222222223 0.004296875 0.014583333333333334
9 0.494140625 0.5430555555555555 0.003515625 0.013888888888888888
9 0.435546875 0.5152777777777777 0.002734375 0.0125
9 0.451171875 0.5180555555555556 0.003515625 0.015277777777777777
9 0.48828125 0.5458333333333333 0.00234375 0.018055555555555554
9 0.5015625 0.5430555555555555 0.003125 0.011111111111111112
9 0.36015625 0.5361111111111111 0.0046875 0.004166666666666667
8 0.390234375 0.5270833333333333 0.019921875 0.007638888888888889
8 0.559765625 0.5847222222222223 0.005078125 0.0125
8 0.586328125 0.5409722222222222 0.011328125 0.02013888888888889
0 0.4203125 0.6277777777777778 0.0046875 0.009722222222222222
8 0.36015625 0.58125 0.01015625 0.01875
