8 0.107421875 0.1527777777777778 0.012109375 0.041666666666666664
8 0.255859375 0.20694444444444443 0.007421875 0.008333333333333333
8 0.11875 0.3298611111111111 0.00546875 0.014583333333333334
8 0.11953125 0.36944444444444446 0.00546875 0.013888888888888888
0 0.338671875 0.34444444444444444 0.013671875 0.011111111111111112
0 0.0828125 0.3333333333333333 0.0265625 0.015277777777777777
1 0.13828125 0.30625 0.01875 0.024305555555555556
0 0.028125 0.3284722222222222 0.02734375 0.022916666666666665
0 0.366015625 0.325 0.009765625 0.016666666666666666
0 0.381640625 0.3333333333333333 0.008203125 0.008333333333333333
0 0.4328125 0.33819444444444446 0.01015625 0.013194444444444444
0 0.490625 0.34097222222222223 0.01640625 0.01597222222222222
0 0.514453125 0.3472222222222222 0.014453125 0.016666666666666666
0 0.21640625 0.42986111111111114 0.1125 0.10902777777777778
0 0.355859375 0.3472222222222222 0.019921875 0.02638888888888889
0 0.408203125 0.34375 0.020703125 0.025694444444444443
0 0.456640625 0.3368055555555556 0.014453125 0.01875
8 0.553515625 0.24722222222222223 0.003515625 0.008333333333333333
0 0.63828125 0.23541666666666666 0.01953125 0.01597222222222222
0 0.65390625 0.2388888888888889 0.01171875 0.013888888888888888
0 0.678515625 0.2375 0.020703125 0.019444444444444445
1 0.5734375 0.3159722222222222 0.05 0.06458333333333334
