9 0.523046875 0.27708333333333335 0.005859375 0.02013888888888889
9 0.32578125 0.4111111111111111 0.0109375 0.015277777777777777
8 0.334375 0.38263888888888886 0.0078125 0.007638888888888889
8 0.04375 0.1111111111111111 0.01640625 0.027777777777777776
8 0.075 0.06944444444444445 0.0125 0.03611111111111111
8 0.033203125 0.1597222222222222 0.025390625 0.015277777777777777
8 0.06484375 0.019444444444444445 0.0390625 0.019444444444444445
1 0.0484375 0.36736111111111114 0.0484375 0.03680555555555556
0 0.109375 0.6097222222222223 0.109375 0.24166666666666667
1 0.846484375 0.41875 0.151953125 0.41875
2 0.31953125 0.5069444444444444 0.01015625 0.05555555555555555
2 0.30546875 0.5229166666666667 0.01015625 0.03680555555555556
2 0.26953125 0.5083333333333333 0.0109375 0.05555555555555555
2 0.246484375 0.5013888888888889 0.012109375 0.05277777777777778
2 0.360546875 0.5111111111111111 0.008984375 0.058333333333333334
2 0.416796875 0.5111111111111111 0.012109375 0.05
0 0.44921875 0.49930555555555556 0.00625 0.02013888888888889
0 0.42265625 0.4965277777777778 0.0265625 0.049305555555555554
0 0.401171875 0.5145833333333333 0.033984375 0.050694444444444445
0 0.59296875 0.5013888888888889 0.0203125 0.06111111111111111
4 0.48203125 0.45208333333333334 0.02421875 0.03680555555555556
1 0.665625 0.4777777777777778 0.05546875 0.08333333333333333
9 0.6546875 0.40208333333333335 0.00546875 0.007638888888888889
0 0.52421875 0.54375 0.0765625 0.13125
9 0.023046875 0.25277777777777777 0.021484375 0.03888888888888889
