0 0.4546875 0.9569444444444445 0.009375 0.022222222222222223
0 0.4703125 0.9590277777777778 0.0125 0.021527777777777778
0 0.4875 0.9590277777777778 0.01953125 0.024305555555555556
0 0.6 0.9576388888888889 0.03125 0.03819444444444445
0 0.678515625 0.9451388888888889 0.071484375 0.050694444444444445
0 0.221484375 0.9666666666666667 0.005859375 0.009722222222222222
0 0.17734375 0.98125 0.02265625 0.017361111111111112
8 0.2453125 0.8590277777777777 0.01953125 0.03263888888888889
8 0.630859375 0.8416666666666667 0.019140625 0.015277777777777777
8 0.50546875 0.8618055555555556 0.00546875 0.010416666666666666
8 0.50625 0.8833333333333333 0.009375 0.011111111111111112
0 0.521875 0.95625 0.02578125 0.04097222222222222
0 0.205859375 0.9361111111111111 0.005859375 0.008333333333333333
9 0.3359375 0.9284722222222223 0.0015625 0.010416666666666666
9 0.32890625 0.9270833333333334 0.003125 0.011805555555555555
