0 0.005859375 0.45 0.005859375 0.009722222222222222
0 0.02109375 0.45069444444444445 0.01640625 0.010416666666666666
0 0.035546875 0.44513888888888886 0.008984375 0.011805555555555555
0 0.05390625 0.44513888888888886 0.0125 0.010416666666666666
0 0.06015625 0.45069444444444445 0.00859375 0.013194444444444444
0 0.105859375 0.45208333333333334 0.015234375 0.014583333333333334
0 0.1265625 0.44375 0.00859375 0.009027777777777777
0 0.167578125 0.44166666666666665 0.008203125 0.008333333333333333
0 0.151171875 0.4409722222222222 0.005859375 0.007638888888888889
0 0.150390625 0.4597222222222222 0.024609375 0.008333333333333333
0 0.184765625 0.45902777777777776 0.018359375 0.009027777777777777
0 0.259765625 0.45625 0.016796875 0.010416666666666666
0 0.22578125 0.4583333333333333 0.01875 0.008333333333333333
0 0.232421875 0.4513888888888889 0.013671875 0.006944444444444444
0 0.333203125 0.4548611111111111 0.012109375 0.009027777777777777
0 0.358984375 0.45625 0.005078125 0.007638888888888889
0 0.41015625 0.4597222222222222 0.0046875 0.008333333333333333
0 0.415625 0.45902777777777776 0.0046875 0.007638888888888889
0 0.4203125 0.4618055555555556 0.00546875 0.00625
0 0.4375 0.46111111111111114 0.00390625 0.005555555555555556
0 0.444921875 0.45555555555555555 0.005078125 0.005555555555555556
0 0.47734375 0.4576388888888889 0.00546875 0.007638888888888889
0 0.469140625 0.4597222222222222 0.005078125 0.006944444444444444
0 0.46171875 0.46041666666666664 0.0046875 0.007638888888888889
0 0.6328125 0.4722222222222222 0.01015625 0.016666666666666666
0 0.5703125 0.46041666666666664 0.0078125 0.014583333333333334
0 0.5515625 0.4625 0.00390625 0.005555555555555556
0 0.525 0.45902777777777776 0.00546875 0.007638888888888889
0 0.496484375 0.4583333333333333 0.004296875 0.009722222222222222
0 0.314453125 0.45208333333333334 0.007421875 0.00625
0 0.379296875 0.4583333333333333 0.004296875 0.006944444444444444
0 0.38671875 0.46041666666666664 0.00625 0.007638888888888889
0 0.36875 0.46111111111111114 0.0078125 0.009722222222222222
0 0.4015625 0.45902777777777776 0.0078125 0.009027777777777777
0 0.455078125 0.4618055555555556 0.006640625 0.009027777777777777
0 0.486328125 0.4583333333333333 0.008984375 0.013888888888888888
0 0.4296875 0.4618055555555556 0.00625 0.010416666666666666
0 0.528515625 0.4597222222222222 0.005078125 0.006944444444444444
0 0.66796875 0.47708333333333336 0.03125 0.04236111111111111
0 0.730078125 0.48194444444444445 0.027734375 0.03194444444444444
0 0.584375 0.4666666666666667 0.01171875 0.015277777777777777
0 0.548828125 0.43680555555555556 0.008203125 0.00625
8 0.60859375 0.3416666666666667 0.0125 0.0125
8 0.5109375 0.4048611111111111 0.00703125 0.004861111111111111
8 0.496875 0.39375 0.003125 0.00625
8 0.451171875 0.3770833333333333 0.004296875 0.007638888888888889
9 0.459765625 0.3770833333333333 0.002734375 0.009027777777777777
9 0.615234375 0.42569444444444443 0.002734375 0.010416666666666666
9 0.596484375 0.4340277777777778 0.004296875 0.009027777777777777
0 0.54453125 0.4625 0.009375 0.011111111111111112
9 0.53359375 0.40208333333333335 0.00234375 0.007638888888888889
9 0.491015625 0.3951388888888889 0.002734375 0.007638888888888889
8 0.89921875 0.32569444444444445 0.0109375 0.02013888888888889
0 0.9140625 0.4479166666666667 0.084375 0.1326388888888889
9 0.4078125 0.38333333333333336 0.00390625 0.009722222222222222
