0 0.529296875 0.4652777777777778 0.008203125 0.013888888888888888
0 0.5765625 0.44583333333333336 0.00546875 0.005555555555555556
0 0.552734375 0.46875 0.008984375 0.011805555555555555
0 0.560546875 0.49444444444444446 0.013671875 0.018055555555555554
0 0.79296875 0.6340277777777777 0.13046875 0.12569444444444444
4 0.451171875 0.47152777777777777 0.026171875 0.03680555555555556
9 0.3296875 0.27847222222222223 0.00703125 0.013194444444444444
9 0.708984375 0.21875 0.008203125 0.014583333333333334
8 0.5296875 0.34375 0.0171875 0.010416666666666666
8 0.5953125 0.34375 0.01875 0.010416666666666666
8 0.490234375 0.4222222222222222 0.008984375 0.009722222222222222
8 0.516796875 0.38263888888888886 0.033984375 0.029861111111111113
8 0.582421875 0.38125 0.035546875 0.03125
0 0.4765625 0.475 0.00625 0.015277777777777777
