2 0.691015625 0.5291666666666667 0.008203125 0.044444444444444446
2 0.71328125 0.5333333333333333 0.0109375 0.05
0 0.877734375 0.5618055555555556 0.120703125 0.28680555555555554
0 0.068359375 0.5652777777777778 0.068359375 0.15138888888888888
4 0.18515625 0.44930555555555557 0.0828125 0.14652777777777778
2 0.27578125 0.5118055555555555 0.0078125 0.07291666666666667
0 0.29921875 0.5034722222222222 0.0296875 0.07152777777777777
9 0.486328125 0.45208333333333334 0.001953125 0.007638888888888889
0 0.409765625 0.5104166666666666 0.023828125 0.03125
0 0.487109375 0.5145833333333333 0.021484375 0.02847222222222222
0 0.629296875 0.5375 0.038671875 0.04722222222222222
0 0.566015625 0.525 0.024609375 0.03194444444444444
0 0.383984375 0.5006944444444444 0.012109375 0.017361111111111112
0 0.464453125 0.5097222222222222 0.005859375 0.018055555555555554
0 0.45234375 0.5006944444444444 0.00859375 0.014583333333333334
4 0.432421875 0.49375 0.013671875 0.027083333333333334
8 0.77578125 0.3402777777777778 0.009375 0.022222222222222223
8 0.77734375 0.39444444444444443 0.01796875 0.03333333333333333
