2 0.09296875 0.4951388888888889 0.02109375 0.09652777777777778
2 0.229296875 0.5055555555555555 0.008984375 0.044444444444444446
2 0.283203125 0.4986111111111111 0.007421875 0.03194444444444444
2 0.291015625 0.49444444444444446 0.005078125 0.02638888888888889
2 0.472265625 0.4986111111111111 0.005859375 0.02361111111111111
2 0.365234375 0.49722222222222223 0.004296875 0.02361111111111111
2 0.346484375 0.49583333333333335 0.004296875 0.025
2 0.328125 0.4951388888888889 0.00390625 0.01875
2 0.319921875 0.4951388888888889 0.004296875 0.01875
2 0.375390625 0.5 0.010546875 0.03888888888888889
2 0.61328125 0.5263888888888889 0.00625 0.034722222222222224
8 0.045703125 0.13125 0.017578125 0.01875
8 0.04609375 0.18819444444444444 0.01796875 0.03819444444444445
8 0.046484375 0.23541666666666666 0.018359375 0.010416666666666666
8 0.740625 0.3284722222222222 0.02265625 0.04097222222222222
8 0.655859375 0.4375 0.009765625 0.005555555555555556
8 0.65546875 0.39791666666666664 0.00703125 0.01597222222222222
8 0.63203125 0.4222222222222222 0.0109375 0.019444444444444445
8 0.57734375 0.39861111111111114 0.00703125 0.006944444444444444
8 0.57890625 0.41180555555555554 0.00625 0.004861111111111111
8 0.577734375 0.4375 0.008203125 0.004166666666666667
8 0.503125 0.45208333333333334 0.0015625 0.007638888888888889
8 0.50859375 0.4597222222222222 0.00390625 0.009722222222222222
8 0.523828125 0.4527777777777778 0.004296875 0.009722222222222222
9 0.360546875 0.3458333333333333 0.002734375 0.0125
9 0.49609375 0.3784722222222222 0.00234375 0.013194444444444444
9 0.355859375 0.3451388888888889 0.001953125 0.010416666666666666
9 0.491796875 0.38055555555555554 0.001953125 0.0125
9 0.371875 0.4361111111111111 0.003125 0.006944444444444444
9 0.392578125 0.44166666666666665 0.003515625 0.005555555555555556
8 0.386328125 0.45625 0.002734375 0.00625
0 0.587109375 0.4979166666666667 0.045703125 0.04097222222222222
0 0.391796875 0.4930555555555556 0.005078125 0.008333333333333333
0 0.80546875 0.5666666666666667 0.1921875 0.2013888888888889
0 0.52265625 0.5305555555555556 0.05859375 0.059722222222222225
0 0.423046875 0.5118055555555555 0.030078125 0.049305555555555554
0 0.23125 0.5027777777777778 0.0375 0.022222222222222223
0 0.915625 0.7215277777777778 0.0828125 0.12430555555555556
8 0.982421875 0.1951388888888889 0.016015625 0.021527777777777778
0 0.0375 0.45902777777777776 0.03671875 0.08125
0 0.168359375 0.5006944444444444 0.055078125 0.04375
