9 0.47578125 0.09583333333333334 0.00859375 0.0375
9 0.441796875 0.4048611111111111 0.004296875 0.010416666666666666
4 0.03203125 0.48819444444444443 0.03203125 0.09375
0 0.369921875 0.4444444444444444 0.005078125 0.008333333333333333
0 0.401171875 0.4263888888888889 0.008984375 0.009722222222222222
0 0.3953125 0.42916666666666664 0.00546875 0.006944444444444444
0 0.39453125 0.44027777777777777 0.00546875 0.009722222222222222
0 0.388671875 0.41458333333333336 0.005078125 0.00625
0 0.383984375 0.4215277777777778 0.005859375 0.009027777777777777
0 0.415625 0.41875 0.00546875 0.009027777777777777
0 0.413671875 0.4222222222222222 0.003515625 0.005555555555555556
0 0.4171875 0.4270833333333333 0.00859375 0.011805555555555555
8 0.4234375 0.42777777777777776 0.00859375 0.009722222222222222
0 0.428515625 0.42986111111111114 0.007421875 0.007638888888888889
0 0.341796875 0.45625 0.005078125 0.009027777777777777
0 0.323828125 0.4847222222222222 0.008203125 0.011111111111111112
0 0.3265625 0.4756944444444444 0.009375 0.007638888888888889
0 0.371875 0.4736111111111111 0.0078125 0.0125
0 0.362890625 0.4465277777777778 0.005078125 0.009027777777777777
0 0.353125 0.46805555555555556 0.0078125 0.009722222222222222
0 0.386328125 0.4888888888888889 0.014453125 0.019444444444444445
0 0.43671875 0.48819444444444443 0.03828125 0.05763888888888889
0 0.397265625 0.46111111111111114 0.012109375 0.008333333333333333
0 0.394140625 0.47152777777777777 0.007421875 0.009027777777777777
4 0.4625 0.45902777777777776 0.021875 0.03680555555555556
9 0.7421875 0.30625 0.01015625 0.022916666666666665
9 0.761328125 0.3034722222222222 0.008984375 0.01875
8 0.603125 0.12986111111111112 0.04453125 0.02013888888888889
8 0.7453125 0.22847222222222222 0.01484375 0.010416666666666666
8 0.7265625 0.25625 0.021875 0.014583333333333334
8 0.72265625 0.3034722222222222 0.009375 0.035416666666666666
8 0.716796875 0.39444444444444443 0.012109375 0.022222222222222223
2 0.73671875 0.46041666666666664 0.01953125 0.07430555555555556
8 0.875390625 0.26319444444444445 0.024609375 0.06458333333333334
8 0.504296875 0.4326388888888889 0.007421875 0.010416666666666666
