0 0.398046875 0.4215277777777778 0.010546875 0.010416666666666666
0 0.371875 0.42430555555555555 0.0125 0.013194444444444444
0 0.351953125 0.43125 0.012890625 0.025694444444444443
0 0.324609375 0.45 0.028515625 0.03888888888888889
0 0.26953125 0.48680555555555555 0.03984375 0.050694444444444445
0 0.42734375 0.4111111111111111 0.01015625 0.015277777777777777
0 0.4421875 0.40694444444444444 0.01015625 0.02361111111111111
0 0.452734375 0.4131944444444444 0.010546875 0.02013888888888889
0 0.485546875 0.42430555555555555 0.025390625 0.035416666666666666
0 0.508984375 0.43125 0.017578125 0.049305555555555554
0 0.565234375 0.4444444444444444 0.059765625 0.08888888888888889
0 0.209375 0.5034722222222222 0.06015625 0.059027777777777776
0 0.69765625 0.4965277777777778 0.12890625 0.13125
0 0.08359375 0.5833333333333334 0.08359375 0.13194444444444445
0 0.957421875 0.7270833333333333 0.041015625 0.12152777777777778
