8 0.245703125 0.27708333333333335 0.009765625 0.02847222222222222
0 0.12578125 0.4826388888888889 0.12578125 0.1909722222222222
0 0.315234375 0.4284722222222222 0.004296875 0.00625
0 0.308203125 0.42986111111111114 0.003515625 0.007638888888888889
0 0.348046875 0.4270833333333333 0.003515625 0.007638888888888889
0 0.422265625 0.41041666666666665 0.004296875 0.0020833333333333333
0 0.3859375 0.42083333333333334 0.00234375 0.005555555555555556
0 0.4078125 0.4111111111111111 0.003125 0.004166666666666667
0 0.41640625 0.43194444444444446 0.0140625 0.022222222222222223
0 0.534765625 0.44722222222222224 0.012109375 0.03194444444444444
0 0.55234375 0.4479166666666667 0.02109375 0.04097222222222222
0 0.731640625 0.4666666666666667 0.105859375 0.14305555555555555
0 0.869921875 0.575 0.129296875 0.2708333333333333
0 0.59140625 0.46111111111111114 0.0375 0.058333333333333334
0 0.478515625 0.46319444444444446 0.055078125 0.08958333333333333
8 0.2625 0.41805555555555557 0.0109375 0.030555555555555555
8 0.367578125 0.41597222222222224 0.010546875 0.025694444444444443
0 0.29609375 0.42777777777777776 0.0078125 0.009722222222222222
0 0.32890625 0.42777777777777776 0.00859375 0.011111111111111112
