8 0.696484375 0.5361111111111111 0.016015625 0.0375
8 0.471484375 0.5368055555555555 0.006640625 0.00625
8 0.479296875 0.5652777777777778 0.005078125 0.005555555555555556
8 0.47421875 0.5902777777777778 0.0078125 0.005555555555555556
8 0.544921875 0.5659722222222222 0.005859375 0.007638888888888889
8 0.425390625 0.6201388888888889 0.003515625 0.007638888888888889
8 0.200390625 0.5409722222222222 0.006640625 0.007638888888888889
8 0.055078125 0.4798611111111111 0.004296875 0.010416666666666666
8 0.055078125 0.5083333333333333 0.007421875 0.008333333333333333
9 0.196875 0.5881944444444445 0.00703125 0.011805555555555555
9 0.526953125 0.5916666666666667 0.007421875 0.011111111111111112
9 0.47734375 0.6041666666666666 0.00625 0.006944444444444444
9 0.4171875 0.5347222222222222 0.0046875 0.013888888888888888
9 0.412109375 0.5354166666666667 0.004296875 0.011805555555555555
9 0.291015625 0.5305555555555556 0.003515625 0.013888888888888888
9 0.298828125 0.5277777777777778 0.004296875 0.015277777777777777
9 0.271484375 0.5993055555555555 0.007421875 0.009027777777777777
0 0.351953125 0.6388888888888888 0.006640625 0.009722222222222222
0 0.34375 0.6458333333333334 0.00625 0.011111111111111112
0 0.336328125 0.6423611111111112 0.005078125 0.014583333333333334
0 0.330859375 0.6423611111111112 0.005078125 0.017361111111111112
0 0.324609375 0.6409722222222223 0.005859375 0.01597222222222222
0 0.310546875 0.64375 0.016015625 0.017361111111111112
0 0.423046875 0.6430555555555556 0.008203125 0.015277777777777777
0 0.444921875 0.6416666666666667 0.014453125 0.019444444444444445
0 0.386328125 0.6555555555555556 0.033984375 0.04722222222222222
0 0.155859375 0.6416666666666667 0.026171875 0.02361111111111111
0 0.0578125 0.6798611111111111 0.0578125 0.05347222222222222
0 0.490234375 0.6506944444444445 0.009765625 0.027083333333333334
0 0.506640625 0.6458333333333334 0.016796875 0.03333333333333333
0 0.537890625 0.6506944444444445 0.028515625 0.03680555555555556
0 0.54765625 0.6590277777777778 0.01875 0.03680555555555556
0 0.55390625 0.6604166666666667 0.01171875 0.03819444444444445
0 0.5640625 0.6583333333333333 0.01640625 0.05
0 0.594140625 0.6597222222222222 0.041015625 0.06111111111111111
0 0.671875 0.6701388888888888 0.06484375 0.08541666666666667
0 0.817578125 0.7034722222222223 0.120703125 0.11319444444444444
