8 0.021484375 0.5256944444444445 0.005859375 0.011805555555555555
8 0.178125 0.5333333333333333 0.0046875 0.008333333333333333
8 0.616796875 0.4708333333333333 0.004296875 0.011111111111111112
8 0.398046875 0.5138888888888888 0.005078125 0.006944444444444444
8 0.406640625 0.4236111111111111 0.007421875 0.013888888888888888
9 0.608203125 0.4895833333333333 0.005078125 0.009027777777777777
9 0.6 0.4847222222222222 0.0046875 0.013888888888888888
9 0.5828125 0.49236111111111114 0.00390625 0.010416666666666666
9 0.507421875 0.44930555555555557 0.004296875 0.010416666666666666
9 0.457421875 0.44722222222222224 0.004296875 0.013888888888888888
9 0.30234375 0.4930555555555556 0.00390625 0.013888888888888888
2 0.758984375 0.5076388888888889 0.006640625 0.03263888888888889
0 0.60234375 0.5354166666666667 0.015625 0.01597222222222222
0 0.63359375 0.5361111111111111 0.00390625 0.015277777777777777
0 0.502734375 0.54375 0.008984375 0.013194444444444444
4 0.51796875 0.5236111111111111 0.00859375 0.0125
0 0.29296875 0.5347222222222222 0.0109375 0.009722222222222222
0 0.255078125 0.5402777777777777 0.008203125 0.011111111111111112
0 0.222265625 0.5625 0.033984375 0.020833333333333332
0 0.444921875 0.5361111111111111 0.006640625 0.009722222222222222
0 0.484765625 0.5451388888888888 0.012109375 0.02013888888888889
0 0.5390625 0.5659722222222222 0.03203125 0.04652777777777778
0 0.4078125 0.5673611111111111 0.040625 0.04791666666666667
