8 0.631640625 0.41805555555555557 0.018359375 0.03333333333333333
0 0.64140625 0.6694444444444444 0.1234375 0.20416666666666666
0 0.138671875 0.6451388888888889 0.138671875 0.18541666666666667
0 0.27890625 0.5826388888888889 0.053125 0.07291666666666667
0 0.3296875 0.55625 0.03359375 0.059027777777777776
0 0.36328125 0.5583333333333333 0.009375 0.04027777777777778
0 0.376171875 0.5416666666666666 0.011328125 0.018055555555555554
0 0.4015625 0.5486111111111112 0.02109375 0.027777777777777776
0 0.4375 0.5555555555555556 0.02578125 0.0375
0 0.474609375 0.5645833333333333 0.026171875 0.05486111111111111
0 0.52109375 0.5798611111111112 0.0359375 0.09930555555555555
