9 0.287109375 0.39861111111111114 0.002734375 0.015277777777777777
9 0.48984375 0.3993055555555556 0.00390625 0.011805555555555555
9 0.460546875 0.45208333333333334 0.002734375 0.009027777777777777
9 0.440625 0.4548611111111111 0.0046875 0.007638888888888889
9 0.152734375 0.3701388888888889 0.005078125 0.01597222222222222
9 0.13125 0.4618055555555556 0.00703125 0.011805555555555555
9 0.292578125 0.39861111111111114 0.002734375 0.011111111111111112
9 0.583984375 0.4625 0.001953125 0.008333333333333333
9 0.64765625 0.4597222222222222 0.00625 0.009722222222222222
8 0.137109375 0.4 0.008203125 0.005555555555555556
8 0.144140625 0.4354166666666667 0.003515625 0.017361111111111112
8 0.233984375 0.3902777777777778 0.008984375 0.011111111111111112
8 0.26015625 0.40347222222222223 0.0140625 0.00625
9 0.482421875 0.45 0.003515625 0.011111111111111112
8 0.5328125 0.40347222222222223 0.015625 0.010416666666666666
0 0.432421875 0.47847222222222224 0.005859375 0.007638888888888889
0 0.42265625 0.4847222222222222 0.00625 0.009722222222222222
9 0.363671875 0.46944444444444444 0.003515625 0.008333333333333333
0 0.3921875 0.49166666666666664 0.0078125 0.011111111111111112
0 0.453515625 0.4798611111111111 0.006640625 0.00625
0 0.46953125 0.5 0.00859375 0.013888888888888888
0 0.48125 0.47847222222222224 0.0078125 0.011805555555555555
0 0.5140625 0.5013888888888889 0.015625 0.015277777777777777
0 0.488671875 0.5118055555555555 0.021484375 0.017361111111111112
0 0.44921875 0.5055555555555555 0.00859375 0.015277777777777777
0 0.41015625 0.5104166666666666 0.0140625 0.02013888888888889
0 0.365625 0.5097222222222222 0.0171875 0.019444444444444445
0 0.3296875 0.5090277777777777 0.0125 0.01597222222222222
0 0.2578125 0.5263888888888889 0.03671875 0.04027777777777778
2 0.641015625 0.5041666666666667 0.008203125 0.0375
3 0.736328125 0.5326388888888889 0.019921875 0.02013888888888889
2 0.9625 0.5527777777777778 0.0203125 0.0875
2 0.928125 0.5 0.01484375 0.05277777777777778
4 0.03125 0.49027777777777776 0.03046875 0.059722222222222225
8 0.586328125 0.42986111111111114 0.006640625 0.004861111111111111
