9 0.314453125 0.2222222222222222 0.005859375 0.034722222222222224
9 0.475 0.2875 0.00703125 0.030555555555555555
9 0.180859375 0.425 0.009765625 0.018055555555555554
9 0.684765625 0.41944444444444445 0.009765625 0.013888888888888888
9 0.337109375 0.2222222222222222 0.010546875 0.0375
9 0.66328125 0.4201388888888889 0.0046875 0.010416666666666666
9 0.018359375 0.06319444444444444 0.014453125 0.049305555555555554
9 0.397265625 0.44375 0.003515625 0.010416666666666666
9 0.4375 0.45555555555555555 0.00234375 0.011111111111111112
9 0.406640625 0.4576388888888889 0.003515625 0.013194444444444444
8 0.18984375 0.3854166666666667 0.0078125 0.013194444444444444
8 0.198046875 0.3527777777777778 0.015234375 0.0125
8 0.185546875 0.3298611111111111 0.012109375 0.011805555555555555
8 0.67734375 0.3888888888888889 0.009375 0.011111111111111112
8 0.669921875 0.33958333333333335 0.015234375 0.011805555555555555
8 0.565625 0.43194444444444446 0.0078125 0.015277777777777777
8 0.49296875 0.42986111111111114 0.00546875 0.010416666666666666
0 0.384765625 0.4951388888888889 0.008203125 0.013194444444444444
0 0.397265625 0.4930555555555556 0.007421875 0.011111111111111112
0 0.354296875 0.5138888888888888 0.008984375 0.022222222222222223
0 0.340625 0.5166666666666667 0.0109375 0.022222222222222223
0 0.31796875 0.5173611111111112 0.0203125 0.035416666666666666
0 0.473046875 0.5013888888888889 0.006640625 0.013888888888888888
0 0.484375 0.5048611111111111 0.00859375 0.014583333333333334
0 0.497265625 0.5069444444444444 0.011328125 0.022222222222222223
0 0.512890625 0.5104166666666666 0.014453125 0.02847222222222222
0 0.530078125 0.5159722222222223 0.019140625 0.034027777777777775
0 0.555859375 0.5291666666666667 0.018359375 0.0375
1 0.358203125 0.4861111111111111 0.023828125 0.041666666666666664
0 0.2890625 0.5326388888888889 0.03203125 0.04097222222222222
0 0.594140625 0.5340277777777778 0.041015625 0.04236111111111111
0 0.423828125 0.49930555555555556 0.005859375 0.009027777777777777
0 0.4390625 0.4965277777777778 0.0078125 0.011805555555555555
8 0.6734375 0.23472222222222222 0.0109375 0.020833333333333332
