8 0.668359375 0.19375 0.101171875 0.0798611111111111
8 0.515234375 0.45555555555555555 0.005078125 0.011111111111111112
0 0.73984375 0.55625 0.07265625 0.07847222222222222
0 0.544140625 0.5083333333333333 0.023046875 0.027777777777777776
0 0.49296875 0.4909722222222222 0.01171875 0.02013888888888889
0 0.423046875 0.48125 0.007421875 0.011805555555555555
0 0.467578125 0.48333333333333334 0.008984375 0.011111111111111112
0 0.4375 0.4791666666666667 0.0046875 0.008333333333333333
0 0.3328125 0.4756944444444444 0.0140625 0.01875
0 0.296484375 0.4673611111111111 0.010546875 0.01597222222222222
4 0.205859375 0.43194444444444446 0.014453125 0.020833333333333332
4 0.6828125 0.4888888888888889 0.0328125 0.029166666666666667
