9 0.372265625 0.39861111111111114 0.003515625 0.0125
9 0.446875 0.3875 0.003125 0.013888888888888888
9 0.5046875 0.4131944444444444 0.00234375 0.010416666666666666
9 0.54296875 0.4173611111111111 0.00234375 0.010416666666666666
9 0.652734375 0.43333333333333335 0.004296875 0.009722222222222222
8 0.31171875 0.4340277777777778 0.01171875 0.00625
8 0.43515625 0.38819444444444445 0.00625 0.010416666666666666
8 0.512890625 0.4152777777777778 0.003515625 0.008333333333333333
8 0.5828125 0.4388888888888889 0.00703125 0.004166666666666667
0 0.41171875 0.5847222222222223 0.09296875 0.13194444444444445
0 0.609375 0.5333333333333333 0.06171875 0.08611111111111111
0 0.76796875 0.5180555555555556 0.0453125 0.04861111111111111
0 0.219921875 0.5361111111111111 0.028515625 0.016666666666666666
0 0.0703125 0.5493055555555556 0.02578125 0.01597222222222222
0 0.105078125 0.5493055555555556 0.006640625 0.011805555555555555
0 0.155859375 0.5402777777777777 0.026953125 0.016666666666666666
0 0.248046875 0.5319444444444444 0.019140625 0.0125
0 0.4953125 0.5097222222222222 0.01171875 0.02638888888888889
0 0.549609375 0.5152777777777777 0.019140625 0.041666666666666664
0 0.5296875 0.5145833333333333 0.0078125 0.027083333333333334
0 0.51796875 0.5180555555555556 0.00390625 0.018055555555555554
0 0.69375 0.5138888888888888 0.02265625 0.03194444444444444
0 0.66875 0.4888888888888889 0.009375 0.015277777777777777
0 0.903125 0.5104166666666666 0.08359375 0.08125
0 0.9234375 0.5840277777777778 0.075 0.13125
0 0.286328125 0.5305555555555556 0.016015625 0.011111111111111112
0 0.496484375 0.4986111111111111 0.005859375 0.008333333333333333
