9 0.66015625 0.2659722222222222 0.009375 0.03819444444444445
9 0.214453125 0.46597222222222223 0.006640625 0.009027777777777777
9 0.26953125 0.4638888888888889 0.00703125 0.009722222222222222
9 0.302734375 0.4638888888888889 0.006640625 0.009722222222222222
9 0.84609375 0.33055555555555555 0.00546875 0.030555555555555555
9 0.8453125 0.41944444444444445 0.009375 0.016666666666666666
8 0.338671875 0.4166666666666667 0.030078125 0.0375
8 0.275390625 0.4166666666666667 0.031640625 0.0375
8 0.806640625 0.34097222222222223 0.037890625 0.08819444444444445
8 0.72734375 0.4395833333333333 0.01328125 0.02013888888888889
8 0.58828125 0.4270833333333333 0.01640625 0.017361111111111112
8 0.5859375 0.35347222222222224 0.0296875 0.05347222222222222
0 0.117578125 0.5472222222222223 0.009765625 0.019444444444444445
0 0.135546875 0.5298611111111111 0.008984375 0.011805555555555555
0 0.0921875 0.5423611111111111 0.01171875 0.017361111111111112
0 0.645703125 0.5625 0.037109375 0.05138888888888889
0 0.773046875 0.5659722222222222 0.101171875 0.08819444444444445
0 0.71328125 0.5069444444444444 0.01328125 0.022222222222222223
0 0.210546875 0.5513888888888889 0.018359375 0.019444444444444445
0 0.16953125 0.5611111111111111 0.0171875 0.022222222222222223
4 0.230078125 0.5770833333333333 0.043359375 0.049305555555555554
0 0.055078125 0.5576388888888889 0.010546875 0.01597222222222222
0 0.4375 0.6722222222222223 0.209375 0.2222222222222222
0 0.928125 0.5222222222222223 0.07109375 0.07222222222222222
0 0.932421875 0.6055555555555555 0.066796875 0.08611111111111111
1 0.66171875 0.4909722222222222 0.03828125 0.06458333333333334
