9 0.38046875 0.1909722222222222 0.01171875 0.01875
9 0.530078125 0.24722222222222223 0.007421875 0.015277777777777777
9 0.515234375 0.32083333333333336 0.005078125 0.009722222222222222
9 0.4328125 0.3111111111111111 0.0046875 0.011111111111111112
9 0.445703125 0.33611111111111114 0.005078125 0.008333333333333333
8 0.344921875 0.3548611111111111 0.005859375 0.010416666666666666
8 0.34296875 0.28958333333333336 0.00703125 0.01597222222222222
8 0.371875 0.3326388888888889 0.00546875 0.009027777777777777
8 0.56875 0.24027777777777778 0.01953125 0.011111111111111112
2 0.68828125 0.38958333333333334 0.00546875 0.027083333333333334
2 0.65625 0.38819444444444445 0.003125 0.01875
2 0.65859375 0.3909722222222222 0.0046875 0.021527777777777778
2 0.719140625 0.3798611111111111 0.005859375 0.027083333333333334
9 0.837109375 0.30069444444444443 0.005859375 0.01597222222222222
9 0.818359375 0.16805555555555557 0.010546875 0.034722222222222224
9 0.070703125 0.32569444444444445 0.005859375 0.013194444444444444
9 0.116796875 0.3472222222222222 0.005078125 0.0125
9 0.05546875 0.3458333333333333 0.00390625 0.015277777777777777
0 0.077734375 0.3770833333333333 0.012890625 0.021527777777777778
0 0.552734375 0.3784722222222222 0.008984375 0.022916666666666665
0 0.230078125 0.38333333333333336 0.027734375 0.025
0 0.48359375 0.49583333333333335 0.10234375 0.1486111111111111
