0 0.021484375 0.6840277777777778 0.021484375 0.06458333333333334
2 0.0671875 0.6590277777777778 0.0078125 0.034027777777777775
0 0.119140625 0.6743055555555556 0.052734375 0.05625
2 0.174609375 0.6777777777777778 0.011328125 0.05138888888888889
2 0.206640625 0.6256944444444444 0.009765625 0.025694444444444443
2 0.356640625 0.6604166666666667 0.003515625 0.01597222222222222
2 0.252734375 0.6583333333333333 0.005078125 0.018055555555555554
0 0.395703125 0.6715277777777777 0.032421875 0.05486111111111111
0 0.556640625 0.6854166666666667 0.022265625 0.03125
0 0.609375 0.7083333333333334 0.034375 0.059722222222222225
0 0.710546875 0.76875 0.091015625 0.10347222222222222
2 0.530078125 0.675 0.005859375 0.029166666666666667
2 0.51796875 0.6673611111111111 0.0046875 0.021527777777777778
2 0.885546875 0.7006944444444444 0.019921875 0.0798611111111111
3 0.04453125 0.6680555555555555 0.0078125 0.018055555555555554
