2 0.899609375 0.6013888888888889 0.057421875 0.2569444444444444
8 0.06171875 0.14166666666666666 0.02265625 0.0375
8 0.959765625 0.23194444444444445 0.027734375 0.08888888888888889
0 0.462109375 0.4465277777777778 0.008203125 0.013194444444444444
0 0.453515625 0.45069444444444445 0.009765625 0.017361111111111112
0 0.443359375 0.45694444444444443 0.012109375 0.02361111111111111
0 0.426171875 0.4583333333333333 0.016796875 0.030555555555555555
0 0.401953125 0.46458333333333335 0.022265625 0.04513888888888889
0 0.363671875 0.47152777777777777 0.042578125 0.06041666666666667
0 0.233203125 0.4888888888888889 0.098046875 0.13472222222222222
0 0.10859375 0.5222222222222223 0.10859375 0.2916666666666667
0 0.6328125 0.5819444444444445 0.17578125 0.2763888888888889
0 0.89609375 0.6291666666666667 0.10234375 0.1875
8 0.0625 0.22847222222222222 0.02109375 0.049305555555555554
