9 0.43515625 0.3298611111111111 0.00390625 0.017361111111111112
9 0.50234375 0.3423611111111111 0.0046875 0.01597222222222222
9 0.458203125 0.3770833333333333 0.003515625 0.009027777777777777
8 0.525 0.3472222222222222 0.01015625 0.006944444444444444
0 0.471484375 0.425 0.008984375 0.011111111111111112
0 0.43671875 0.4215277777777778 0.0109375 0.01597222222222222
0 0.41953125 0.4284722222222222 0.0125 0.013194444444444444
0 0.396484375 0.43472222222222223 0.014453125 0.018055555555555554
0 0.370703125 0.43472222222222223 0.023046875 0.022222222222222223
0 0.32109375 0.44305555555555554 0.0328125 0.03611111111111111
0 0.201953125 0.4666666666666667 0.064453125 0.058333333333333334
0 0.48515625 0.44027777777777777 0.0125 0.015277777777777777
8 0.5078125 0.3819444444444444 0.00625 0.004166666666666667
8 0.54140625 0.36875 0.00390625 0.007638888888888889
4 0.51640625 0.4173611111111111 0.01640625 0.025694444444444443
0 0.51875 0.4409722222222222 0.00625 0.013194444444444444
0 0.544921875 0.4409722222222222 0.020703125 0.022916666666666665
0 0.608203125 0.44305555555555554 0.044921875 0.0763888888888889
0 0.67421875 0.4652777777777778 0.07890625 0.09166666666666666
0 0.87734375 0.6118055555555556 0.12109375 0.24930555555555556
9 0.549609375 0.39652777777777776 0.005078125 0.011805555555555555
