0 0.476953125 0.47847222222222224 0.009765625 0.014583333333333334
0 0.49609375 0.4840277777777778 0.01328125 0.014583333333333334
0 0.526171875 0.4930555555555556 0.012890625 0.027777777777777776
0 0.383984375 0.4708333333333333 0.009765625 0.019444444444444445
0 0.569140625 0.5097222222222222 0.053515625 0.06388888888888888
0 0.426953125 0.5131944444444444 0.055859375 0.07708333333333334
0 0.814453125 0.6118055555555556 0.183203125 0.17708333333333334
4 0.941015625 0.4013888888888889 0.055078125 0.20277777777777778
0 0.25234375 0.4701388888888889 0.02421875 0.03125
0 0.2890625 0.4597222222222222 0.01484375 0.02361111111111111
8 0.10703125 0.11388888888888889 0.0484375 0.1125
0 0.455859375 0.4486111111111111 0.012109375 0.015277777777777777
8 0.68828125 0.3902777777777778 0.0140625 0.04861111111111111
