0 0.0203125 0.6402777777777777 0.0203125 0.08055555555555556
0 0.89296875 0.6333333333333333 0.10625 0.12916666666666668
0 0.947265625 0.4909722222222222 0.051953125 0.04097222222222222
0 0.930078125 0.47430555555555554 0.050390625 0.024305555555555556
0 0.047265625 0.6013888888888889 0.047265625 0.058333333333333334
0 0.2515625 0.5375 0.0203125 0.03611111111111111
0 0.305078125 0.5145833333333333 0.019140625 0.02847222222222222
0 0.345703125 0.49444444444444446 0.009765625 0.0125
0 0.36171875 0.49166666666666664 0.00703125 0.0125
0 0.434375 0.4965277777777778 0.01171875 0.01597222222222222
0 0.398046875 0.4930555555555556 0.016015625 0.011111111111111112
0 0.387890625 0.50625 0.012890625 0.00625
0 0.4765625 0.5236111111111111 0.03203125 0.044444444444444446
0 0.4234375 0.47847222222222224 0.0078125 0.007638888888888889
0 0.403515625 0.5944444444444444 0.056640625 0.08888888888888889
9 0.06953125 0.28055555555555556 0.00625 0.025
9 0.0859375 0.2798611111111111 0.00859375 0.027083333333333334
9 0.433203125 0.3263888888888889 0.005859375 0.022222222222222223
9 0.420703125 0.3298611111111111 0.005859375 0.022916666666666665
9 0.5828125 0.3659722222222222 0.00390625 0.01597222222222222
9 0.883203125 0.39375 0.009765625 0.01597222222222222
9 0.594921875 0.4409722222222222 0.005078125 0.009027777777777777
9 0.461328125 0.43333333333333335 0.001953125 0.009722222222222222
9 0.439453125 0.4486111111111111 0.002734375 0.006944444444444444
8 0.251953125 0.30625 0.011328125 0.01875
8 0.249609375 0.25277777777777777 0.020703125 0.0125
8 0.3234375 0.41458333333333336 0.00859375 0.013194444444444444
8 0.323046875 0.39166666666666666 0.009765625 0.006944444444444444
8 0.580859375 0.4048611111111111 0.011328125 0.00625
8 0.8640625 0.3173611111111111 0.01796875 0.013194444444444444
8 0.862890625 0.34375 0.012109375 0.009027777777777777
2 0.54140625 0.4965277777777778 0.00390625 0.01597222222222222
2 0.547265625 0.49236111111111114 0.002734375 0.01875
2 0.55546875 0.5 0.00625 0.02638888888888889
2 0.607421875 0.5138888888888888 0.007421875 0.0375
2 0.594140625 0.5145833333333333 0.005078125 0.03680555555555556
2 0.565625 0.5006944444444444 0.00390625 0.024305555555555556
2 0.5703125 0.48819444444444443 0.0046875 0.009027777777777777
2 0.57578125 0.5208333333333334 0.0046875 0.03194444444444444
2 0.58515625 0.5111111111111111 0.0046875 0.0375
2 0.626953125 0.5111111111111111 0.007421875 0.04027777777777778
2 0.642578125 0.49583333333333335 0.010546875 0.03333333333333333
2 0.657421875 0.49236111111111114 0.004296875 0.02847222222222222
2 0.67578125 0.49583333333333335 0.00625 0.027777777777777776
2 0.6921875 0.49722222222222223 0.0046875 0.015277777777777777
2 0.702734375 0.49375 0.005859375 0.01875
2 0.7203125 0.4861111111111111 0.01015625 0.02361111111111111
2 0.75390625 0.48194444444444445 0.00859375 0.018055555555555554
2 0.8078125 0.46875 0.00859375 0.014583333333333334
2 0.13828125 0.5145833333333333 0.00546875 0.01597222222222222
2 0.148828125 0.5111111111111111 0.005078125 0.015277777777777777
2 0.2765625 0.5430555555555555 0.015625 0.075
2 0.32734375 0.525 0.0109375 0.04027777777777778
2 0.212890625 0.5083333333333333 0.007421875 0.013888888888888888
2 0.19765625 0.5131944444444444 0.00546875 0.014583333333333334
2 0.18515625 0.5152777777777777 0.0046875 0.013888888888888888
2 0.09609375 0.5347222222222222 0.01171875 0.030555555555555555
2 0.075 0.5340277777777778 0.0078125 0.022916666666666665
