8 0.625390625 0.17291666666666666 0.019140625 0.04375
8 0.07421875 0.27708333333333335 0.01484375 0.011805555555555555
8 0.06953125 0.3104166666666667 0.0078125 0.017361111111111112
8 0.06875 0.38819444444444445 0.0109375 0.007638888888888889
8 0.726171875 0.1673611111111111 0.016796875 0.021527777777777778
8 0.584765625 0.3875 0.012109375 0.008333333333333333
9 0.4171875 0.2534722222222222 0.00546875 0.025694444444444443
9 0.48515625 0.3541666666666667 0.00390625 0.009722222222222222
9 0.48828125 0.40347222222222223 0.00546875 0.011805555555555555
9 0.615234375 0.3576388888888889 0.008984375 0.014583333333333334
9 0.69140625 0.2965277777777778 0.00625 0.024305555555555556
9 0.59375 0.2701388888888889 0.0078125 0.03263888888888889
9 0.7015625 0.3645833333333333 0.00546875 0.011805555555555555
2 0.082421875 0.46458333333333335 0.006640625 0.025694444444444443
0 0.087109375 0.4618055555555556 0.024609375 0.017361111111111112
0 0.429296875 0.47638888888888886 0.011328125 0.0375
0 0.55078125 0.4791666666666667 0.0234375 0.027777777777777776
0 0.48359375 0.5020833333333333 0.05703125 0.0798611111111111
2 0.6859375 0.47847222222222224 0.0140625 0.06319444444444444
0 0.295703125 0.5208333333333334 0.135546875 0.20416666666666666
1 0.173828125 0.43472222222222223 0.013671875 0.05555555555555555
4 0.03203125 0.3486111111111111 0.03203125 0.24305555555555555
0 0.854296875 0.61875 0.145703125 0.21041666666666667
