8 0.817578125 0.3958333333333333 0.006640625 0.016666666666666666
8 0.525 0.4479166666666667 0.00625 0.011805555555555555
8 0.525 0.4666666666666667 0.003125 0.008333333333333333
0 0.76484375 0.46875 0.00703125 0.010416666666666666
0 0.71484375 0.47430555555555554 0.00859375 0.011805555555555555
0 0.739453125 0.47847222222222224 0.008984375 0.013194444444444444
4 0.737109375 0.45555555555555555 0.008984375 0.011111111111111112
0 0.57734375 0.48819444444444443 0.01953125 0.024305555555555556
0 0.4703125 0.4930555555555556 0.03046875 0.03194444444444444
0 0.376953125 0.5041666666666667 0.032421875 0.03194444444444444
0 0.811328125 0.46875 0.019921875 0.014583333333333334
9 0.771875 0.42430555555555555 0.00234375 0.007638888888888889
9 0.751171875 0.425 0.002734375 0.006944444444444444
9 0.7203125 0.42986111111111114 0.00234375 0.009027777777777777
8 0.526953125 0.4305555555555556 0.013671875 0.02638888888888889
8 0.36015625 0.42083333333333334 0.0078125 0.034722222222222224
8 0.088671875 0.39305555555555555 0.048046875 0.034722222222222224
