0 0.92734375 0.6208333333333333 0.07109375 0.12083333333333333
0 0.826953125 0.5694444444444444 0.065234375 0.0763888888888889
0 0.7484375 0.5555555555555556 0.0296875 0.03333333333333333
0 0.620703125 0.5590277777777778 0.020703125 0.027083333333333334
0 0.598046875 0.5340277777777778 0.012890625 0.022916666666666665
0 0.617578125 0.5194444444444445 0.005859375 0.008333333333333333
0 0.566796875 0.5208333333333334 0.004296875 0.008333333333333333
0 0.56015625 0.5284722222222222 0.0046875 0.009027777777777777
0 0.546484375 0.5395833333333333 0.008203125 0.007638888888888889
0 0.52421875 0.5590277777777778 0.00859375 0.013194444444444444
0 0.541015625 0.5680555555555555 0.015234375 0.015277777777777777
0 0.244140625 0.6173611111111111 0.048828125 0.04236111111111111
0 0.10703125 0.6423611111111112 0.084375 0.06597222222222222
3 0.31640625 0.6034722222222222 0.009375 0.027083333333333334
3 0.337890625 0.6 0.007421875 0.02638888888888889
3 0.35390625 0.5993055555555555 0.00390625 0.021527777777777778
3 0.376171875 0.5958333333333333 0.004296875 0.015277777777777777
3 0.388671875 0.5951388888888889 0.004296875 0.014583333333333334
3 0.363671875 0.5625 0.005859375 0.015277777777777777
0 0.65 0.5423611111111111 0.00625 0.014583333333333334
8 0.455078125 0.4027777777777778 0.008203125 0.016666666666666666
8 0.405078125 0.4618055555555556 0.005078125 0.014583333333333334
8 0.389453125 0.5083333333333333 0.008984375 0.008333333333333333
8 0.365234375 0.49236111111111114 0.003515625 0.009027777777777777
8 0.36171875 0.5111111111111111 0.0078125 0.005555555555555556
9 0.46484375 0.5118055555555555 0.003125 0.010416666666666666
9 0.68125 0.5020833333333333 0.0046875 0.010416666666666666
0 0.51015625 0.5513888888888889 0.00703125 0.013888888888888888
3 0.366796875 0.59375 0.005078125 0.022916666666666665
2 0.666015625 0.5618055555555556 0.006640625 0.017361111111111112
