0 0.26171875 0.44166666666666665 0.0703125 0.07777777777777778
0 0.096875 0.45 0.0859375 0.08611111111111111
0 0.2015625 0.42083333333333334 0.01640625 0.020833333333333332
0 0.346875 0.3888888888888889 0.01796875 0.025
0 0.36796875 0.375 0.00859375 0.018055555555555554
2 0.387890625 0.3819444444444444 0.005859375 0.022222222222222223
0 0.387109375 0.3770833333333333 0.011328125 0.013194444444444444
0 0.403515625 0.37222222222222223 0.005859375 0.0125
0 0.409765625 0.3701388888888889 0.004296875 0.010416666666666666
0 0.41796875 0.3680555555555556 0.0046875 0.011111111111111112
0 0.4453125 0.39375 0.0296875 0.04375
0 0.893359375 0.45902777777777776 0.103515625 0.14097222222222222
0 0.619921875 0.3888888888888889 0.058984375 0.07083333333333333
0 0.559375 0.38125 0.02734375 0.05486111111111111
0 0.508203125 0.3770833333333333 0.015234375 0.010416666666666666
0 0.496484375 0.37083333333333335 0.012109375 0.018055555555555554
0 0.476953125 0.37083333333333335 0.005859375 0.011111111111111112
