9 0.401953125 0.41944444444444445 0.004296875 0.013888888888888888
9 0.407421875 0.42083333333333334 0.004296875 0.0125
9 0.478515625 0.4756944444444444 0.004296875 0.007638888888888889
9 0.55546875 0.42083333333333334 0.00390625 0.009722222222222222
9 0.558984375 0.42083333333333334 0.004296875 0.011111111111111112
0 0.494921875 0.5166666666666667 0.005078125 0.011111111111111112
0 0.4796875 0.5173611111111112 0.01328125 0.02013888888888889
4 0.44453125 0.5097222222222222 0.02265625 0.034722222222222224
4 0.159375 0.5138888888888888 0.121875 0.13194444444444445
0 0.4234375 0.5284722222222222 0.0140625 0.02847222222222222
0 0.401953125 0.5333333333333333 0.020703125 0.030555555555555555
0 0.3609375 0.5465277777777777 0.02578125 0.034027777777777775
0 0.31328125 0.5534722222222223 0.0328125 0.04791666666666667
0 0.3328125 0.46111111111111114 0.025 0.04722222222222222
0 0.04921875 0.5833333333333334 0.04921875 0.10972222222222222
8 0.600390625 0.45069444444444445 0.006640625 0.009027777777777777
0 0.619140625 0.5236111111111111 0.022265625 0.058333333333333334
0 0.6453125 0.5354166666666667 0.02890625 0.0798611111111111
0 0.716015625 0.5486111111111112 0.067578125 0.11805555555555555
8 0.794921875 0.3506944444444444 0.014453125 0.01875
0 0.867578125 0.5861111111111111 0.131640625 0.2972222222222222
0 0.535546875 0.53125 0.042578125 0.06319444444444444
