8 0.123828125 0.30625 0.013671875 0.04097222222222222
8 0.22578125 0.3104166666666667 0.015625 0.009027777777777777
8 0.240234375 0.3548611111111111 0.018359375 0.013194444444444444
8 0.283984375 0.3840277777777778 0.012109375 0.009027777777777777
8 0.28359375 0.41041666666666665 0.00859375 0.02013888888888889
8 0.911328125 0.3611111111111111 0.012109375 0.013888888888888888
8 0.733984375 0.43819444444444444 0.011328125 0.007638888888888889
8 0.62578125 0.5 0.009375 0.009722222222222222
8 0.239453125 0.24791666666666667 0.015234375 0.04097222222222222
9 0.429296875 0.35138888888888886 0.003515625 0.018055555555555554
9 0.737109375 0.33125 0.005078125 0.022916666666666665
9 0.7234375 0.33402777777777776 0.00625 0.02013888888888889
9 0.795703125 0.38055555555555554 0.004296875 0.019444444444444445
9 0.50390625 0.4701388888888889 0.003125 0.011805555555555555
9 0.576953125 0.475 0.004296875 0.011111111111111112
8 0.46328125 0.47847222222222224 0.00625 0.010416666666666666
0 0.504296875 0.5326388888888889 0.005859375 0.011805555555555555
0 0.497265625 0.5347222222222222 0.005859375 0.013888888888888888
0 0.490234375 0.5375 0.005859375 0.013888888888888888
0 0.47109375 0.5326388888888889 0.00859375 0.01875
0 0.470703125 0.5326388888888889 0.006640625 0.021527777777777778
0 0.45859375 0.5326388888888889 0.01015625 0.027083333333333334
0 0.43046875 0.5319444444444444 0.021875 0.03194444444444444
0 0.41875 0.5402777777777777 0.025 0.02638888888888889
0 0.830078125 0.5736111111111111 0.064453125 0.04722222222222222
0 0.25390625 0.5458333333333333 0.0640625 0.09166666666666666
4 0.125 0.5680555555555555 0.12421875 0.1486111111111111
0 0.532421875 0.5361111111111111 0.023046875 0.04027777777777778
0 0.569921875 0.5388888888888889 0.012890625 0.020833333333333332
0 0.64921875 0.5868055555555556 0.0625 0.08125
7 0.38046875 0.5298611111111111 0.00703125 0.04375
2 0.33671875 0.5222222222222223 0.0078125 0.03333333333333333
2 0.392578125 0.5347222222222222 0.008984375 0.04583333333333333
2 0.366015625 0.5222222222222223 0.005859375 0.03611111111111111
7 0.3578125 0.5270833333333333 0.00859375 0.03958333333333333
3 0.364453125 0.5430555555555555 0.023828125 0.030555555555555555
0 0.92265625 0.6118055555555556 0.075 0.09791666666666667
4 0.66328125 0.4895833333333333 0.03046875 0.027083333333333334
9 0.218359375 0.41458333333333336 0.016796875 0.022916666666666665
9 0.915234375 0.44027777777777777 0.009765625 0.020833333333333332
9 0.93671875 0.4409722222222222 0.01171875 0.024305555555555556
