9 0.498828125 0.45694444444444443 0.002734375 0.011111111111111112
9 0.434765625 0.4583333333333333 0.002734375 0.009722222222222222
9 0.40859375 0.48194444444444445 0.00234375 0.006944444444444444
9 0.43515625 0.4861111111111111 0.00234375 0.006944444444444444
8 0.45625 0.4618055555555556 0.0078125 0.013194444444444444
8 0.681640625 0.42777777777777776 0.012890625 0.008333333333333333
8 0.85 0.24305555555555555 0.034375 0.019444444444444445
8 0.89609375 0.2763888888888889 0.0234375 0.030555555555555555
8 0.84921875 0.2798611111111111 0.02265625 0.017361111111111112
8 0.848828125 0.3159722222222222 0.021484375 0.01597222222222222
8 0.858203125 0.34652777777777777 0.015234375 0.014583333333333334
0 0.44765625 0.5201388888888889 0.00546875 0.011805555555555555
0 0.409375 0.5236111111111111 0.0109375 0.016666666666666666
0 0.499609375 0.51875 0.006640625 0.011805555555555555
0 0.510546875 0.5194444444444445 0.004296875 0.0125
0 0.560546875 0.5277777777777778 0.005078125 0.019444444444444445
0 0.57109375 0.5284722222222222 0.00703125 0.021527777777777778
0 0.577734375 0.5375 0.005078125 0.02361111111111111
0 0.614453125 0.5402777777777777 0.030859375 0.043055555555555555
0 0.525 0.5166666666666667 0.00859375 0.013888888888888888
0 0.4640625 0.5208333333333334 0.00859375 0.016666666666666666
0 0.4328125 0.5229166666666667 0.0125 0.022916666666666665
0 0.346875 0.5340277777777778 0.03046875 0.03819444444444445
0 0.143359375 0.5881944444444445 0.143359375 0.22013888888888888
0 0.944140625 0.5430555555555555 0.055078125 0.04722222222222222
