9 0.10546875 0.41388888888888886 0.00703125 0.015277777777777777
9 0.090625 0.41458333333333336 0.00703125 0.010416666666666666
9 0.703515625 0.4111111111111111 0.005859375 0.0125
9 0.6921875 0.4111111111111111 0.00703125 0.0125
8 0.077734375 0.33194444444444443 0.009765625 0.008333333333333333
8 0.817578125 0.2972222222222222 0.012890625 0.016666666666666666
0 0.13359375 0.5125 0.0453125 0.06111111111111111
0 0.644140625 0.4666666666666667 0.010546875 0.019444444444444445
2 0.76171875 0.4888888888888889 0.0078125 0.0375
4 0.876953125 0.45 0.049609375 0.013888888888888888
0 0.7015625 0.5048611111111111 0.0625 0.059027777777777776
0 0.85078125 0.5368055555555555 0.11171875 0.07569444444444444
0 0.065625 0.5263888888888889 0.065625 0.07916666666666666
0 0.9171875 0.6506944444444445 0.08125 0.16458333333333333
0 0.406640625 0.5347222222222222 0.248046875 0.33611111111111114
