8 0.433984375 0.3770833333333333 0.005859375 0.007638888888888889
8 0.45 0.3625 0.00625 0.011111111111111112
8 0.63046875 0.3472222222222222 0.00546875 0.006944444444444444
8 0.644140625 0.3402777777777778 0.005859375 0.006944444444444444
8 0.696484375 0.32569444444444445 0.005859375 0.007638888888888889
8 0.6921875 0.37777777777777777 0.00390625 0.005555555555555556
9 0.590234375 0.31666666666666665 0.002734375 0.011111111111111112
9 0.512890625 0.3145833333333333 0.002734375 0.011805555555555555
9 0.518359375 0.3145833333333333 0.002734375 0.011805555555555555
9 0.595703125 0.31666666666666665 0.002734375 0.011111111111111112
8 0.18125 0.27152777777777776 0.01875 0.03819444444444445
0 0.58671875 0.41180555555555554 0.00390625 0.007638888888888889
0 0.5953125 0.41597222222222224 0.0046875 0.007638888888888889
0 0.5734375 0.4111111111111111 0.00625 0.009722222222222222
0 0.5578125 0.41388888888888886 0.00625 0.006944444444444444
0 0.54375 0.41180555555555554 0.0078125 0.014583333333333334
0 0.52578125 0.42291666666666666 0.01640625 0.01875
0 0.61328125 0.4125 0.0140625 0.022222222222222223
0 0.47578125 0.44027777777777777 0.01171875 0.025
0 0.459765625 0.44722222222222224 0.013671875 0.027777777777777776
0 0.430078125 0.45416666666666666 0.027734375 0.03611111111111111
0 0.307421875 0.48194444444444445 0.052734375 0.07777777777777778
0 0.137109375 0.5354166666666667 0.137109375 0.13541666666666666
