9 0.459765625 0.05 0.008203125 0.018055555555555554
9 0.448046875 0.07083333333333333 0.012890625 0.0375
9 0.85859375 0.09513888888888888 0.0359375 0.052083333333333336
9 0.153125 0.2604166666666667 0.01015625 0.01597222222222222
2 0.01484375 0.38333333333333336 0.01328125 0.075
8 0.510546875 0.24861111111111112 0.006640625 0.016666666666666666
8 0.601953125 0.16180555555555556 0.012890625 0.010416666666666666
8 0.80703125 0.01875 0.04375 0.017361111111111112
2 0.718359375 0.32222222222222224 0.008984375 0.015277777777777777
2 0.762109375 0.3784722222222222 0.026171875 0.09791666666666667
2 0.894140625 0.31527777777777777 0.009765625 0.019444444444444445
9 0.603515625 0.2569444444444444 0.012109375 0.019444444444444445
2 0.1890625 0.3333333333333333 0.0078125 0.0375
0 0.36015625 0.3236111111111111 0.00703125 0.011111111111111112
0 0.380078125 0.3229166666666667 0.012890625 0.014583333333333334
0 0.394921875 0.325 0.005859375 0.008333333333333333
0 0.3265625 0.3347222222222222 0.028125 0.027777777777777776
0 0.4828125 0.35555555555555557 0.096875 0.06666666666666667
0 0.753125 0.3701388888888889 0.0875 0.049305555555555554
0 0.917578125 0.375 0.081640625 0.07777777777777778
9 0.134375 0.027083333333333334 0.021875 0.024305555555555556
