9 0.709375 0.2798611111111111 0.00390625 0.014583333333333334
9 0.51875 0.3597222222222222 0.0046875 0.0125
9 0.845703125 0.25069444444444444 0.005859375 0.01597222222222222
9 0.70234375 0.2798611111111111 0.00546875 0.014583333333333334
9 0.502734375 0.31805555555555554 0.004296875 0.013888888888888888
8 0.67421875 0.34930555555555554 0.00703125 0.009027777777777777
8 0.44453125 0.32569444444444445 0.0046875 0.01597222222222222
8 0.86484375 0.25555555555555554 0.0078125 0.006944444444444444
0 0.551953125 0.3951388888888889 0.006640625 0.007638888888888889
0 0.551171875 0.4083333333333333 0.007421875 0.009722222222222222
0 0.528125 0.41041666666666665 0.01171875 0.011805555555555555
0 0.4984375 0.4083333333333333 0.021875 0.013888888888888888
0 0.47578125 0.41875 0.0171875 0.013194444444444444
0 0.4515625 0.40694444444444444 0.01328125 0.008333333333333333
0 0.466796875 0.42430555555555555 0.028515625 0.01597222222222222
0 0.63828125 0.40625 0.0046875 0.011805555555555555
0 0.67265625 0.40555555555555556 0.0125 0.013888888888888888
0 0.6515625 0.4027777777777778 0.0109375 0.016666666666666666
0 0.796484375 0.4083333333333333 0.023046875 0.03611111111111111
0 0.584765625 0.40069444444444446 0.005078125 0.010416666666666666
0 0.56796875 0.41458333333333336 0.01171875 0.01875
1 0.609765625 0.39305555555555555 0.022265625 0.034722222222222224
4 0.219921875 0.31875 0.219921875 0.27152777777777776
