9 0.534375 0.16944444444444445 0.009375 0.0375
9 0.717578125 0.3770833333333333 0.014453125 0.021527777777777778
9 0.0796875 0.29930555555555555 0.00703125 0.029861111111111113
9 0.365625 0.4673611111111111 0.003125 0.007638888888888889
9 0.52109375 0.1763888888888889 0.009375 0.030555555555555555
9 0.198046875 0.4930555555555556 0.001953125 0.008333333333333333
8 0.084375 0.3506944444444444 0.01796875 0.011805555555555555
8 0.083984375 0.3902777777777778 0.023828125 0.027777777777777776
8 0.707421875 0.2298611111111111 0.012109375 0.009027777777777777
8 0.692578125 0.19236111111111112 0.018359375 0.013194444444444444
8 0.684375 0.17083333333333334 0.0078125 0.009722222222222222
8 0.602734375 0.3659722222222222 0.005859375 0.017361111111111112
8 0.4921875 0.43472222222222223 0.00546875 0.015277777777777777
0 0.4015625 0.4965277777777778 0.00390625 0.007638888888888889
0 0.3953125 0.5027777777777778 0.009375 0.0125
0 0.351171875 0.5111111111111111 0.003515625 0.005555555555555556
0 0.322265625 0.5243055555555556 0.026171875 0.035416666666666666
0 0.240234375 0.5409722222222222 0.011328125 0.00625
0 0.226953125 0.5430555555555555 0.008203125 0.008333333333333333
0 0.216796875 0.5444444444444444 0.006640625 0.008333333333333333
0 0.062890625 0.5645833333333333 0.044140625 0.025694444444444443
0 0.28671875 0.5465277777777777 0.028125 0.03263888888888889
0 0.375390625 0.5291666666666667 0.026953125 0.0375
0 0.61015625 0.6305555555555555 0.1203125 0.18472222222222223
2 0.46796875 0.6215277777777778 0.06484375 0.28125
2 0.773828125 0.6090277777777777 0.072265625 0.2548611111111111
2 0.653125 0.4618055555555556 0.0109375 0.024305555555555556
0 0.984765625 0.48333333333333334 0.014453125 0.059722222222222225
4 0.12890625 0.5326388888888889 0.03125 0.03819444444444445
