0 0.083203125 0.5270833333333333 0.018359375 0.02847222222222222
0 0.045703125 0.525 0.023046875 0.029166666666666667
0 0.40390625 0.5118055555555555 0.01015625 0.009027777777777777
0 0.4234375 0.5104166666666666 0.009375 0.013194444444444444
0 0.378125 0.5138888888888888 0.009375 0.0125
0 0.358984375 0.5152777777777777 0.010546875 0.013888888888888888
0 0.33046875 0.5159722222222223 0.01875 0.01875
0 0.28984375 0.5215277777777778 0.02109375 0.01597222222222222
0 0.52265625 0.5236111111111111 0.0203125 0.03194444444444444
0 0.539453125 0.49930555555555556 0.008203125 0.010416666666666666
0 0.01328125 0.5229166666666667 0.01328125 0.03819444444444445
0 0.6078125 0.5284722222222222 0.02421875 0.027083333333333334
0 0.5609375 0.5104166666666666 0.01484375 0.01597222222222222
0 0.465625 0.5375 0.040625 0.06666666666666667
9 0.590625 0.4701388888888889 0.00390625 0.010416666666666666
9 0.688671875 0.48055555555555557 0.004296875 0.008333333333333333
8 0.715234375 0.3840277777777778 0.007421875 0.010416666666666666
