0 0.51953125 0.5076388888888889 0.0109375 0.010416666666666666
0 0.494140625 0.5097222222222222 0.012109375 0.009722222222222222
0 0.440234375 0.5152777777777777 0.013671875 0.009722222222222222
0 0.871875 0.5076388888888889 0.0140625 0.011805555555555555
0 0.787109375 0.5145833333333333 0.011328125 0.014583333333333334
0 0.8109375 0.5215277777777778 0.0125 0.013194444444444444
0 0.01328125 0.5263888888888889 0.01328125 0.0125
0 0.115234375 0.5652777777777778 0.103515625 0.07222222222222222
7 0.993359375 0.49722222222222223 0.005859375 0.029166666666666667
0 0.006640625 0.5756944444444444 0.006640625 0.04791666666666667
0 0.407421875 0.5159722222222223 0.012109375 0.010416666666666666
0 0.47734375 0.5118055555555555 0.00703125 0.009027777777777777
0 0.562109375 0.5125 0.005859375 0.005555555555555556
0 0.548046875 0.5118055555555555 0.005859375 0.00625
0 0.837890625 0.5166666666666667 0.011328125 0.009722222222222222
