8 0.53203125 0.3111111111111111 0.00859375 0.008333333333333333
8 0.554296875 0.31319444444444444 0.007421875 0.010416666666666666
8 0.5890625 0.32083333333333336 0.009375 0.019444444444444445
0 0.509375 0.33541666666666664 0.0046875 0.007638888888888889
0 0.535546875 0.3368055555555556 0.008984375 0.010416666666666666
0 0.517578125 0.3333333333333333 0.005859375 0.006944444444444444
0 0.501171875 0.3416666666666667 0.010546875 0.011111111111111112
0 0.13046875 0.3854166666666667 0.01171875 0.009027777777777777
0 0.06484375 0.3902777777777778 0.01171875 0.0125
0 0.60546875 0.39791666666666664 0.01171875 0.01597222222222222
8 0.689453125 0.3736111111111111 0.005859375 0.0125
4 0.623046875 0.3284722222222222 0.015234375 0.010416666666666666
1 0.734375 0.32708333333333334 0.0234375 0.007638888888888889
4 0.776953125 0.41041666666666665 0.082421875 0.050694444444444445
4 0.946875 0.4215277777777778 0.0375 0.03958333333333333
0 0.91015625 0.40069444444444446 0.021875 0.03125
0 0.8953125 0.40555555555555556 0.00703125 0.020833333333333332
0 0.88125 0.4041666666666667 0.00703125 0.013888888888888888
0 0.83671875 0.40694444444444444 0.0140625 0.0125
0 0.81328125 0.40208333333333335 0.00703125 0.009027777777777777
0 0.988671875 0.42777777777777776 0.009765625 0.025
0 0.981640625 0.33055555555555555 0.006640625 0.0125
0 0.96328125 0.32916666666666666 0.009375 0.013888888888888888
8 0.63984375 0.3736111111111111 0.00546875 0.0125
1 0.66640625 0.3798611111111111 0.0140625 0.014583333333333334
9 0.30625 0.3645833333333333 0.00546875 0.011805555555555555
