2 0.1015625 0.44027777777777777 0.01171875 0.05555555555555555
2 0.134765625 0.4263888888888889 0.008984375 0.04861111111111111
0 0.142578125 0.4 0.055859375 0.0625
0 0.23359375 0.42986111111111114 0.06484375 0.08541666666666667
9 0.29609375 0.32708333333333334 0.00546875 0.010416666666666666
9 0.355078125 0.3076388888888889 0.004296875 0.013194444444444444
9 0.491015625 0.3173611111111111 0.005078125 0.010416666666666666
9 0.815234375 0.12222222222222222 0.008203125 0.03611111111111111
9 0.819921875 0.29791666666666666 0.012890625 0.02013888888888889
9 0.787890625 0.29791666666666666 0.009765625 0.01875
8 0.779296875 0.42569444444444443 0.022265625 0.06041666666666667
8 0.892578125 0.41944444444444445 0.018359375 0.043055555555555555
0 0.33359375 0.3972222222222222 0.01640625 0.016666666666666666
0 0.36796875 0.3972222222222222 0.01015625 0.019444444444444445
0 0.3515625 0.39444444444444443 0.00625 0.019444444444444445
0 0.39140625 0.39791666666666664 0.01015625 0.014583333333333334
4 0.449609375 0.38680555555555557 0.009765625 0.013194444444444444
8 0.461328125 0.35 0.012890625 0.009722222222222222
8 0.81953125 0.24791666666666667 0.0109375 0.013194444444444444
0 0.426953125 0.3923611111111111 0.007421875 0.014583333333333334
2 0.009375 0.4222222222222222 0.009375 0.04861111111111111
0 0.2640625 0.3888888888888889 0.01875 0.025
0 0.466015625 0.3861111111111111 0.006640625 0.0125
