5 0.912890625 0.5451388888888888 0.061328125 0.06875
2 0.88828125 0.5270833333333333 0.03046875 0.10486111111111111
8 0.52734375 0.3541666666666667 0.0078125 0.016666666666666666
8 0.24765625 0.42083333333333334 0.00703125 0.018055555555555554
5 0.18828125 0.5013888888888889 0.0109375 0.020833333333333332
9 0.31796875 0.40208333333333335 0.003125 0.013194444444444444
9 0.410546875 0.3840277777777778 0.003515625 0.013194444444444444
0 0.397265625 0.48680555555555555 0.009765625 0.013194444444444444
0 0.408203125 0.49444444444444446 0.002734375 0.013888888888888888
1 0.442578125 0.47152777777777777 0.035546875 0.06041666666666667
0 0.361328125 0.4861111111111111 0.009765625 0.013888888888888888
0 0.3484375 0.4847222222222222 0.0046875 0.0125
0 0.329296875 0.4875 0.010546875 0.013888888888888888
4 0.325 0.4701388888888889 0.01171875 0.024305555555555556
0 0.30546875 0.4875 0.00390625 0.011111111111111112
7 0.29296875 0.48680555555555555 0.0046875 0.013194444444444444
5 0.29140625 0.5006944444444444 0.00625 0.010416666666666666
0 0.2390625 0.48333333333333334 0.0078125 0.018055555555555554
