0 0.265234375 0.4979166666666667 0.011328125 0.013194444444444444
0 0.241796875 0.5 0.013671875 0.015277777777777777
0 0.2171875 0.4965277777777778 0.01953125 0.014583333333333334
0 0.196875 0.49930555555555556 0.01015625 0.011805555555555555
4 0.2484375 0.4756944444444444 0.00703125 0.011805555555555555
4 0.232421875 0.47291666666666665 0.007421875 0.009027777777777777
4 0.212890625 0.4756944444444444 0.013671875 0.014583333333333334
4 0.16328125 0.48819444444444443 0.02890625 0.027083333333333334
4 0.154296875 0.4722222222222222 0.027734375 0.03611111111111111
4 0.040625 0.4576388888888889 0.040625 0.05486111111111111
0 0.06953125 0.4909722222222222 0.04609375 0.027083333333333334
0 0.308984375 0.4861111111111111 0.005859375 0.008333333333333333
0 0.324609375 0.49166666666666664 0.007421875 0.009722222222222222
8 0.42421875 0.45555555555555555 0.00390625 0.0125
0 0.436328125 0.48125 0.010546875 0.010416666666666666
4 0.380078125 0.46944444444444444 0.042578125 0.10694444444444444
