8 0.038671875 0.05138888888888889 0.006640625 0.019444444444444445
8 0.23671875 0.25416666666666665 0.00703125 0.005555555555555556
8 0.25234375 0.2569444444444444 0.00625 0.008333333333333333
8 0.2625 0.25555555555555554 0.00390625 0.009722222222222222
8 0.0671875 0.041666666666666664 0.021875 0.041666666666666664
8 0.114453125 0.2881944444444444 0.005859375 0.013194444444444444
9 0.169921875 0.25277777777777777 0.004296875 0.0125
9 0.228515625 0.26944444444444443 0.002734375 0.009722222222222222
0 0.270703125 0.3111111111111111 0.008203125 0.006944444444444444
0 0.2796875 0.3173611111111111 0.0046875 0.010416666666666666
0 0.287109375 0.3194444444444444 0.008203125 0.011111111111111112
0 0.29296875 0.32569444444444445 0.0109375 0.011805555555555555
0 0.301953125 0.33541666666666664 0.008203125 0.011805555555555555
0 0.337109375 0.3472222222222222 0.012890625 0.029166666666666667
0 0.357421875 0.32569444444444445 0.014453125 0.021527777777777778
0 0.378125 0.3638888888888889 0.03046875 0.0375
0 0.412109375 0.34097222222222223 0.012890625 0.022916666666666665
0 0.477734375 0.36736111111111114 0.052734375 0.04375
0 0.54765625 0.3909722222222222 0.02109375 0.04097222222222222
0 0.59140625 0.3993055555555556 0.0484375 0.04513888888888889
0 0.18125 0.30416666666666664 0.00625 0.009722222222222222
0 0.165625 0.3013888888888889 0.00546875 0.0125
0 0.087109375 0.29791666666666666 0.005859375 0.009027777777777777
0 0.035546875 0.29444444444444445 0.008984375 0.009722222222222222
0 0.008203125 0.2923611111111111 0.007421875 0.014583333333333334
0 0.31796875 0.35625 0.02265625 0.03263888888888889
0 0.435546875 0.42777777777777776 0.094921875 0.06527777777777778
0 0.711328125 0.49166666666666664 0.141015625 0.13472222222222222
0 0.92109375 0.6666666666666666 0.0765625 0.13472222222222222
0 0.256640625 0.3104166666666667 0.005859375 0.00625
0 0.24609375 0.3111111111111111 0.00546875 0.006944444444444444
