9 0.40546875 0.10069444444444445 0.00546875 0.02847222222222222
9 0.39296875 0.09930555555555555 0.00703125 0.034027777777777775
9 0.380078125 0.09791666666666667 0.005859375 0.03125
9 0.786328125 0.011805555555555555 0.012890625 0.011805555555555555
8 0.1859375 0.13194444444444445 0.01875 0.075
9 0.3109375 0.27291666666666664 0.00546875 0.017361111111111112
9 0.2890625 0.2722222222222222 0.00859375 0.019444444444444445
9 0.81953125 0.26875 0.00859375 0.01875
9 0.7984375 0.27152777777777776 0.00546875 0.01875
9 0.498828125 0.2923611111111111 0.005078125 0.01597222222222222
9 0.54453125 0.29930555555555555 0.0046875 0.01597222222222222
0 0.508984375 0.33125 0.007421875 0.013194444444444444
0 0.521875 0.3368055555555556 0.00546875 0.013194444444444444
0 0.544921875 0.34305555555555556 0.015234375 0.020833333333333332
0 0.571875 0.35138888888888886 0.00859375 0.022222222222222223
0 0.59296875 0.3597222222222222 0.021875 0.029166666666666667
0 0.46875 0.34930555555555554 0.0296875 0.03958333333333333
0 0.390625 0.3784722222222222 0.04921875 0.03958333333333333
9 0.0078125 0.175 0.0078125 0.022222222222222223
8 0.05390625 0.11388888888888889 0.025 0.022222222222222223
