0 0.919921875 0.61875 0.076171875 0.21180555555555555
0 0.783984375 0.50625 0.121484375 0.12013888888888889
0 0.3515625 0.3958333333333333 0.0203125 0.025
0 0.54609375 0.4027777777777778 0.01328125 0.022222222222222223
0 0.383203125 0.39652777777777776 0.011328125 0.014583333333333334
0 0.403515625 0.3951388888888889 0.008203125 0.01597222222222222
0 0.527734375 0.3951388888888889 0.007421875 0.01597222222222222
0 0.5171875 0.38333333333333336 0.0078125 0.0125
0 0.46640625 0.3840277777777778 0.0125 0.010416666666666666
8 0.537109375 0.3347222222222222 0.004296875 0.008333333333333333
8 0.68203125 0.275 0.00859375 0.008333333333333333
8 0.645703125 0.35138888888888886 0.003515625 0.008333333333333333
