9 0.57734375 0.5076388888888889 0.00546875 0.017361111111111112
9 0.547265625 0.5069444444444444 0.005859375 0.015277777777777777
9 0.476953125 0.4840277777777778 0.005078125 0.02013888888888889
9 0.367578125 0.5458333333333333 0.006640625 0.011111111111111112
9 0.739453125 0.53125 0.005078125 0.011805555555555555
9 0.628515625 0.5388888888888889 0.006640625 0.011111111111111112
8 0.9046875 0.4638888888888889 0.0125 0.02638888888888889
8 0.65703125 0.54375 0.0046875 0.009027777777777777
8 0.459765625 0.49166666666666664 0.008984375 0.009722222222222222
8 0.361328125 0.5680555555555555 0.006640625 0.008333333333333333
2 0.371484375 0.5986111111111111 0.008203125 0.03611111111111111
0 0.18359375 0.6375 0.05078125 0.06111111111111111
0 0.6171875 0.5868055555555556 0.00859375 0.027083333333333334
0 0.63828125 0.5888888888888889 0.021875 0.029166666666666667
0 0.81015625 0.65625 0.0625 0.08680555555555555
0 0.482421875 0.5881944444444445 0.008984375 0.011805555555555555
0 0.453125 0.5951388888888889 0.015625 0.01875
0 0.58046875 0.5861111111111111 0.0125 0.016666666666666666
0 0.680859375 0.6027777777777777 0.030859375 0.029166666666666667
0 0.553515625 0.5881944444444445 0.012890625 0.01597222222222222
0 0.0796875 0.6638888888888889 0.0796875 0.0763888888888889
0 0.911328125 0.6833333333333333 0.087890625 0.13472222222222222
0 0.51328125 0.5881944444444445 0.0140625 0.01875
