0 0.457421875 0.45694444444444443 0.008203125 0.008333333333333333
0 0.444140625 0.4583333333333333 0.005859375 0.006944444444444444
0 0.4328125 0.45902777777777776 0.0046875 0.009027777777777777
0 0.41640625 0.4583333333333333 0.01328125 0.016666666666666666
0 0.35234375 0.4597222222222222 0.00859375 0.011111111111111112
0 0.3296875 0.46805555555555556 0.02109375 0.02638888888888889
0 0.37890625 0.4666666666666667 0.02734375 0.02361111111111111
0 0.257421875 0.40902777777777777 0.054296875 0.034027777777777775
0 0.234375 0.47847222222222224 0.078125 0.06736111111111111
0 0.15703125 0.49027777777777776 0.03203125 0.04027777777777778
0 0.0453125 0.4895833333333333 0.0453125 0.08541666666666667
0 0.483203125 0.4666666666666667 0.003515625 0.006944444444444444
0 0.491015625 0.4652777777777778 0.004296875 0.006944444444444444
0 0.506640625 0.4666666666666667 0.006640625 0.005555555555555556
0 0.557421875 0.4798611111111111 0.029296875 0.03958333333333333
0 0.63046875 0.4895833333333333 0.0265625 0.034027777777777775
0 0.970703125 0.6125 0.028515625 0.08333333333333333
8 0.530859375 0.3416666666666667 0.033203125 0.025
8 0.423046875 0.3125 0.008203125 0.03888888888888889
8 0.053515625 0.33819444444444446 0.023046875 0.02847222222222222
8 0.730078125 0.3458333333333333 0.008984375 0.03888888888888889
8 0.228515625 0.12013888888888889 0.069921875 0.11736111111111111
8 0.119140625 0.3625 0.012109375 0.025
