0 0.063671875 0.44166666666666665 0.062890625 0.18611111111111112
0 0.88203125 0.3763888888888889 0.11640625 0.17083333333333334
2 0.561328125 0.34375 0.033203125 0.15486111111111112
0 0.70625 0.40069444444444446 0.1109375 0.12430555555555556
0 0.503125 0.36875 0.04453125 0.0798611111111111
0 0.45 0.3611111111111111 0.02734375 0.059722222222222225
0 0.41640625 0.3506944444444444 0.01796875 0.04652777777777778
0 0.396484375 0.34930555555555554 0.010546875 0.03819444444444445
0 0.144921875 0.4013888888888889 0.044921875 0.10416666666666667
0 0.1859375 0.3701388888888889 0.0546875 0.08958333333333333
0 0.24375 0.3736111111111111 0.01796875 0.058333333333333334
0 0.2609375 0.36666666666666664 0.01953125 0.044444444444444446
9 0.28046875 0.27152777777777776 0.0046875 0.011805555555555555
9 0.378515625 0.24166666666666667 0.004296875 0.015277777777777777
9 0.385546875 0.2465277777777778 0.002734375 0.014583333333333334
9 0.372265625 0.24305555555555555 0.004296875 0.016666666666666666
8 0.545703125 0.14930555555555555 0.009765625 0.01597222222222222
