0 0.055859375 0.5375 0.054296875 0.10138888888888889
0 0.881640625 0.5715277777777777 0.116796875 0.15902777777777777
0 0.53671875 0.6013888888888889 0.1328125 0.19444444444444445
0 0.2625 0.525 0.0625 0.07222222222222222
0 0.3953125 0.47430555555555554 0.0125 0.01875
0 0.13828125 0.5381944444444444 0.03828125 0.05347222222222222
0 0.13125 0.49166666666666664 0.03203125 0.030555555555555555
0 0.205078125 0.5118055555555555 0.033203125 0.04375
0 0.1765625 0.47291666666666665 0.02109375 0.00625
0 0.137890625 0.4701388888888889 0.008984375 0.007638888888888889
0 0.314453125 0.4798611111111111 0.007421875 0.013194444444444444
0 0.3296875 0.4847222222222222 0.0109375 0.02638888888888889
0 0.409765625 0.4638888888888889 0.004296875 0.0125
0 0.416796875 0.46597222222222223 0.003515625 0.009027777777777777
0 0.4359375 0.46319444444444446 0.00546875 0.01597222222222222
8 0.324609375 0.4048611111111111 0.006640625 0.004861111111111111
8 0.253515625 0.38125 0.008203125 0.01597222222222222
8 0.51328125 0.32916666666666666 0.02578125 0.030555555555555555
9 0.315234375 0.43819444444444444 0.005078125 0.009027777777777777
9 0.3515625 0.4375 0.00390625 0.008333333333333333
9 0.358203125 0.43819444444444444 0.001953125 0.009027777777777777
9 0.409375 0.38472222222222224 0.00234375 0.008333333333333333
9 0.4140625 0.38263888888888886 0.003125 0.00625
8 0.358203125 0.41041666666666665 0.005859375 0.007638888888888889
0 0.53046875 0.4027777777777778 0.06015625 0.020833333333333332
8 0.424609375 0.4013888888888889 0.012109375 0.009722222222222222
4 0.241015625 0.44305555555555554 0.047265625 0.02361111111111111
