8 0.371484375 0.5138888888888888 0.008203125 0.005555555555555556
8 0.38125 0.5465277777777777 0.00625 0.01875
8 0.487890625 0.5118055555555555 0.012890625 0.007638888888888889
8 0.73125 0.5152777777777777 0.00703125 0.006944444444444444
8 0.701171875 0.5638888888888889 0.003515625 0.005555555555555556
8 0.72109375 0.5458333333333333 0.00546875 0.0125
8 0.682421875 0.5652777777777778 0.004296875 0.005555555555555556
8 0.66875 0.5722222222222222 0.00703125 0.005555555555555556
9 0.453125 0.5645833333333333 0.00546875 0.013194444444444444
9 0.561328125 0.49027777777777776 0.003515625 0.016666666666666666
9 0.68359375 0.5159722222222223 0.00546875 0.014583333333333334
0 0.684375 0.6222222222222222 0.01953125 0.03611111111111111
0 0.71796875 0.6451388888888889 0.02578125 0.052083333333333336
0 0.43671875 0.6513888888888889 0.05703125 0.06527777777777778
2 0.340625 0.6375 0.00546875 0.034722222222222224
2 0.33046875 0.6388888888888888 0.0046875 0.03611111111111111
2 0.32265625 0.6395833333333333 0.00546875 0.035416666666666666
2 0.31015625 0.6347222222222222 0.0078125 0.04027777777777778
2 0.291015625 0.64375 0.006640625 0.03680555555555556
1 0.61875 0.5791666666666667 0.04609375 0.09583333333333334
0 0.16171875 0.6770833333333334 0.12421875 0.09097222222222222
0 0.568359375 0.6555555555555556 0.080078125 0.13194444444444445
0 0.85703125 0.5993055555555555 0.12109375 0.19236111111111112
0 0.078125 0.8368055555555556 0.07734375 0.15902777777777777
