0 0.076171875 0.6576388888888889 0.076171875 0.08541666666666667
0 0.916796875 0.6840277777777778 0.080859375 0.09236111111111112
0 0.159375 0.65 0.04140625 0.05555555555555555
0 0.23125 0.6270833333333333 0.034375 0.04513888888888889
0 0.487109375 0.6215277777777778 0.007421875 0.009027777777777777
0 0.474609375 0.6277777777777778 0.010546875 0.019444444444444445
0 0.4390625 0.6152777777777778 0.02421875 0.02361111111111111
0 0.5328125 0.6208333333333333 0.00546875 0.018055555555555554
0 0.28125 0.63125 0.03359375 0.04791666666666667
0 0.7921875 0.6590277777777778 0.05546875 0.07152777777777777
0 0.36328125 0.64375 0.06484375 0.08819444444444445
0 0.5125 0.6326388888888889 0.02109375 0.03125
0 0.653515625 0.6958333333333333 0.098046875 0.14166666666666666
8 0.378515625 0.5125 0.018359375 0.006944444444444444
8 0.613671875 0.5118055555555555 0.007421875 0.009027777777777777
8 0.6453125 0.5069444444444444 0.00703125 0.009722222222222222
8 0.308203125 0.5222222222222223 0.007421875 0.005555555555555556
8 0.215625 0.5722222222222222 0.0046875 0.005555555555555556
8 0.697265625 0.4652777777777778 0.009765625 0.005555555555555556
8 0.7109375 0.5013888888888889 0.01015625 0.005555555555555556
9 0.209375 0.5458333333333333 0.0046875 0.0125
9 0.30625 0.5638888888888889 0.0046875 0.011111111111111112
9 0.41953125 0.5166666666666667 0.0046875 0.011111111111111112
9 0.58203125 0.5076388888888889 0.0046875 0.014583333333333334
9 0.4609375 0.5701388888888889 0.003125 0.007638888888888889
9 0.5359375 0.5708333333333333 0.00234375 0.005555555555555556
9 0.694921875 0.5354166666666667 0.003515625 0.014583333333333334
