8 0.244921875 0.3729166666666667 0.033984375 0.052083333333333336
8 0.246875 0.20902777777777778 0.0359375 0.021527777777777778
8 0.700390625 0.46041666666666664 0.020703125 0.022916666666666665
8 0.6984375 0.5201388888888889 0.0203125 0.034027777777777775
8 0.2921875 0.5194444444444445 0.01015625 0.011111111111111112
9 0.24140625 0.10555555555555556 0.01796875 0.06388888888888888
9 0.4734375 0.4777777777777778 0.00625 0.0125
9 0.4640625 0.48194444444444445 0.00703125 0.013888888888888888
9 0.26875 0.47430555555555554 0.009375 0.01597222222222222
9 0.318359375 0.4840277777777778 0.004296875 0.011805555555555555
0 0.0921875 0.6305555555555555 0.08515625 0.07083333333333333
0 0.280859375 0.5986111111111111 0.026953125 0.03194444444444444
0 0.3109375 0.5826388888888889 0.01875 0.02847222222222222
0 0.33671875 0.5694444444444444 0.00859375 0.018055555555555554
0 0.35390625 0.5805555555555556 0.0203125 0.030555555555555555
0 0.80078125 0.6291666666666667 0.121875 0.09305555555555556
0 0.832421875 0.7458333333333333 0.160546875 0.17083333333333334
0 0.619140625 0.6666666666666666 0.076171875 0.10416666666666667
4 0.54453125 0.5861111111111111 0.04453125 0.09583333333333334
4 0.441796875 0.6444444444444445 0.099609375 0.15416666666666667
2 0.843359375 0.6069444444444444 0.015234375 0.034722222222222224
2 0.945703125 0.5895833333333333 0.014453125 0.025694444444444443
9 0.312890625 0.4861111111111111 0.002734375 0.011111111111111112
