4 0.06015625 0.4895833333333333 0.06015625 0.11736111111111111
4 0.255078125 0.41458333333333336 0.047265625 0.07430555555555556
4 0.4671875 0.37083333333333335 0.0265625 0.044444444444444446
0 0.402734375 0.46041666666666664 0.052734375 0.08819444444444445
0 0.1359375 0.44930555555555557 0.021875 0.04375
0 0.165625 0.45416666666666666 0.01484375 0.03194444444444444
0 0.308984375 0.4305555555555556 0.013671875 0.019444444444444445
0 0.33125 0.4263888888888889 0.0109375 0.015277777777777777
0 0.34375 0.42569444444444443 0.0046875 0.014583333333333334
0 0.3546875 0.4263888888888889 0.00625 0.015277777777777777
0 0.539453125 0.4409722222222222 0.052734375 0.06875
0 0.4859375 0.44375 0.0140625 0.04513888888888889
0 0.47578125 0.4444444444444444 0.009375 0.03888888888888889
0 0.4640625 0.44166666666666665 0.00859375 0.029166666666666667
0 0.463671875 0.42291666666666666 0.019140625 0.03125
8 0.421484375 0.35208333333333336 0.013671875 0.007638888888888889
9 0.303515625 0.34375 0.002734375 0.010416666666666666
3 0.669921875 0.4618055555555556 0.019140625 0.050694444444444445
3 0.913671875 0.5111111111111111 0.047265625 0.08611111111111111
3 0.95 0.5006944444444444 0.04921875 0.08958333333333333
2 0.89140625 0.43125 0.04453125 0.16180555555555556
2 0.9390625 0.4513888888888889 0.03828125 0.13472222222222222
9 0.4 0.34305555555555556 0.00078125 0.009722222222222222
