9 0.6015625 0.39652777777777776 0.0046875 0.009027777777777777
9 0.669921875 0.3993055555555556 0.005078125 0.011805555555555555
0 0.5859375 0.4173611111111111 0.00859375 0.01597222222222222
0 0.56796875 0.4201388888888889 0.009375 0.014583333333333334
0 0.49453125 0.41805555555555557 0.009375 0.0125
0 0.45078125 0.42430555555555555 0.0125 0.01875
0 0.419921875 0.42916666666666664 0.019921875 0.018055555555555554
0 0.38125 0.4340277777777778 0.02578125 0.022916666666666665
0 0.228515625 0.42916666666666664 0.037109375 0.03194444444444444
0 0.139453125 0.4263888888888889 0.058984375 0.04722222222222222
0 0.03125 0.45625 0.03125 0.050694444444444445
0 0.629296875 0.4041666666666667 0.006640625 0.009722222222222222
0 0.65625 0.41805555555555557 0.00546875 0.008333333333333333
0 0.666796875 0.4263888888888889 0.005078125 0.008333333333333333
0 0.68046875 0.4270833333333333 0.00703125 0.011805555555555555
0 0.69609375 0.4305555555555556 0.009375 0.015277777777777777
0 0.727734375 0.43819444444444444 0.008984375 0.01597222222222222
0 0.741796875 0.43819444444444444 0.008203125 0.02013888888888889
0 0.764453125 0.4423611111111111 0.019140625 0.03125
0 0.839453125 0.4638888888888889 0.055859375 0.05416666666666667
0 0.934765625 0.4756944444444444 0.055078125 0.05763888888888889
