9 0.482421875 0.34305555555555556 0.005078125 0.015277777777777777
9 0.38984375 0.35 0.00390625 0.018055555555555554
9 0.44140625 0.38263888888888886 0.00390625 0.013194444444444444
9 0.48828125 0.3875 0.0046875 0.0125
9 0.32578125 0.36319444444444443 0.0046875 0.011805555555555555
9 0.237890625 0.32569444444444445 0.005859375 0.014583333333333334
9 0.43984375 0.4076388888888889 0.00390625 0.011805555555555555
9 0.45703125 0.4048611111111111 0.00390625 0.011805555555555555
9 0.397265625 0.3458333333333333 0.004296875 0.022222222222222223
8 0.228515625 0.38055555555555554 0.011328125 0.019444444444444445
9 0.169921875 0.33055555555555555 0.006640625 0.016666666666666666
8 0.32734375 0.3909722222222222 0.00703125 0.011805555555555555
8 0.519921875 0.4041666666666667 0.004296875 0.011111111111111112
8 0.89453125 0.18472222222222223 0.0203125 0.04027777777777778
8 0.89375 0.11666666666666667 0.02890625 0.027777777777777776
0 0.1546875 0.4465277777777778 0.02578125 0.027083333333333334
0 0.275 0.4534722222222222 0.03359375 0.03819444444444445
0 0.311328125 0.4388888888888889 0.011328125 0.015277777777777777
0 0.340234375 0.43819444444444444 0.010546875 0.014583333333333334
0 0.39765625 0.43472222222222223 0.01328125 0.018055555555555554
0 0.445703125 0.44166666666666665 0.010546875 0.0125
0 0.45625 0.43194444444444446 0.00859375 0.008333333333333333
0 0.4671875 0.4263888888888889 0.00625 0.009722222222222222
0 0.491015625 0.4263888888888889 0.007421875 0.009722222222222222
0 0.478125 0.43819444444444444 0.009375 0.014583333333333334
0 0.42421875 0.45069444444444445 0.0171875 0.024305555555555556
0 0.375390625 0.4638888888888889 0.027734375 0.0375
0 0.209375 0.4618055555555556 0.0421875 0.049305555555555554
0 0.069921875 0.54375 0.069921875 0.15486111111111112
