0 0.3765625 0.48680555555555555 0.0078125 0.011805555555555555
0 0.369140625 0.5006944444444444 0.006640625 0.010416666666666666
0 0.36015625 0.5125 0.00859375 0.009722222222222222
0 0.355078125 0.5215277777777778 0.006640625 0.014583333333333334
0 0.3421875 0.5180555555555556 0.0046875 0.018055555555555554
3 0.33359375 0.5305555555555556 0.00546875 0.011111111111111112
7 0.330859375 0.5069444444444444 0.005078125 0.016666666666666666
0 0.321875 0.525 0.015625 0.016666666666666666
0 0.262109375 0.5326388888888889 0.025390625 0.029861111111111113
5 0.2234375 0.5395833333333333 0.01328125 0.02847222222222222
0 0.15625 0.5291666666666667 0.05390625 0.04583333333333333
8 0.300390625 0.41875 0.005859375 0.011805555555555555
0 0.475390625 0.5263888888888889 0.008203125 0.015277777777777777
0 0.495703125 0.5388888888888889 0.009765625 0.019444444444444445
0 0.51328125 0.54375 0.0140625 0.02013888888888889
0 0.545703125 0.5465277777777777 0.019921875 0.03958333333333333
0 0.589453125 0.5631944444444444 0.034765625 0.059027777777777776
0 0.711328125 0.6048611111111111 0.083203125 0.08958333333333333
0 0.96640625 0.7291666666666666 0.03359375 0.13333333333333333
0 0.872265625 0.6604166666666667 0.127734375 0.15347222222222223
0 0.421484375 0.5409722222222222 0.048046875 0.07708333333333334
