3 0.17578125 0.5 0.07109375 0.0875
7 0.17734375 0.45069444444444445 0.034375 0.13125
7 0.145703125 0.46597222222222223 0.037109375 0.1076388888888889
0 0.075 0.48680555555555555 0.075 0.09513888888888888
0 0.702734375 0.43125 0.011328125 0.010416666666666666
0 0.680859375 0.4305555555555556 0.007421875 0.0125
0 0.635546875 0.4326388888888889 0.012890625 0.014583333333333334
0 0.526953125 0.4479166666666667 0.026953125 0.04513888888888889
3 0.661328125 0.4395833333333333 0.005859375 0.014583333333333334
7 0.66171875 0.4263888888888889 0.0078125 0.020833333333333332
0 0.73984375 0.42083333333333334 0.021875 0.03888888888888889
0 0.809375 0.45625 0.0734375 0.07569444444444444
8 0.52109375 0.3729166666666667 0.00859375 0.01597222222222222
8 0.567578125 0.3861111111111111 0.005078125 0.013888888888888888
8 0.893359375 0.35 0.024609375 0.041666666666666664
8 0.448828125 0.24583333333333332 0.005078125 0.008333333333333333
9 0.239453125 0.21597222222222223 0.005078125 0.02013888888888889
8 0.212890625 0.3034722222222222 0.021484375 0.034027777777777775
8 0.2140625 0.37430555555555556 0.021875 0.03263888888888889
8 0.2109375 0.17916666666666667 0.01171875 0.011111111111111112
8 0.210546875 0.11666666666666667 0.010546875 0.011111111111111112
8 0.934765625 0.3576388888888889 0.010546875 0.014583333333333334
