9 0.38828125 0.43125 0.0046875 0.009027777777777777
9 0.417578125 0.42986111111111114 0.005078125 0.010416666666666666
7 0.108984375 0.5215277777777778 0.016796875 0.05486111111111111
7 0.050390625 0.5395833333333333 0.021484375 0.07152777777777777
7 0.2265625 0.4965277777777778 0.0078125 0.029861111111111113
0 0.3453125 0.49444444444444446 0.015625 0.020833333333333332
0 0.300390625 0.5076388888888889 0.029296875 0.034027777777777775
4 0.40390625 0.5277777777777778 0.053125 0.08333333333333333
4 0.134375 0.39166666666666666 0.084375 0.15
7 0.069140625 0.5916666666666667 0.000390625 0.008333333333333333
3 0.051171875 0.5659722222222222 0.023828125 0.052083333333333336
3 0.108984375 0.5520833333333334 0.016796875 0.04375
3 0.2265625 0.5201388888888889 0.0109375 0.02847222222222222
