8 0.146484375 0.28194444444444444 0.010546875 0.022222222222222223
8 0.4671875 0.34305555555555556 0.00703125 0.011111111111111112
8 0.47109375 0.3090277777777778 0.0046875 0.009027777777777777
0 0.379296875 0.38263888888888886 0.005078125 0.010416666666666666
0 0.387109375 0.3840277777777778 0.006640625 0.009027777777777777
0 0.3984375 0.3840277777777778 0.00703125 0.009027777777777777
0 0.412890625 0.3854166666666667 0.009765625 0.013194444444444444
0 0.485546875 0.4166666666666667 0.019140625 0.027777777777777776
0 0.512109375 0.41944444444444445 0.023046875 0.030555555555555555
0 0.54765625 0.41944444444444445 0.0296875 0.0375
0 0.596875 0.44375 0.0515625 0.04791666666666667
0 0.1171875 0.38125 0.01328125 0.01875
0 0.094921875 0.3902777777777778 0.018359375 0.025
0 0.176171875 0.3854166666666667 0.014453125 0.017361111111111112
0 0.437890625 0.39444444444444443 0.019140625 0.025
0 0.95703125 0.39375 0.0421875 0.035416666666666666
0 0.809375 0.5666666666666667 0.18984375 0.225
0 0.244140625 0.37916666666666665 0.005859375 0.009722222222222222
0 0.229296875 0.38055555555555554 0.010546875 0.011111111111111112
0 0.212109375 0.38055555555555554 0.012890625 0.018055555555555554
0 0.2859375 0.3770833333333333 0.009375 0.009027777777777777
