0 0.49375 0.49166666666666664 0.0046875 0.013888888888888888
0 0.55234375 0.4791666666666667 0.0046875 0.008333333333333333
0 0.617578125 0.49375 0.012890625 0.014583333333333334
0 0.576953125 0.5354166666666667 0.037890625 0.06458333333333334
1 0.523046875 0.4840277777777778 0.024609375 0.04513888888888889
0 0.348046875 0.5506944444444445 0.055859375 0.06319444444444444
9 0.4609375 0.4395833333333333 0.00390625 0.010416666666666666
9 0.558984375 0.4027777777777778 0.001953125 0.008333333333333333
9 0.62890625 0.4236111111111111 0.003125 0.006944444444444444
9 0.6296875 0.45208333333333334 0.00390625 0.00625
8 0.621484375 0.41597222222222224 0.005859375 0.013194444444444444
8 0.5875 0.39375 0.0125 0.007638888888888889
8 0.56796875 0.38680555555555557 0.00390625 0.009027777777777777
8 0.619921875 0.275 0.017578125 0.015277777777777777
2 0.82265625 0.4888888888888889 0.0078125 0.05416666666666667
2 0.841015625 0.5006944444444444 0.013671875 0.06597222222222222
2 0.93828125 0.51875 0.03046875 0.1076388888888889
8 0.30078125 0.4444444444444444 0.00859375 0.008333333333333333
