0 0.127734375 0.6229166666666667 0.008203125 0.013194444444444444
0 0.11640625 0.6229166666666667 0.0140625 0.013194444444444444
0 0.08125 0.6319444444444444 0.01640625 0.020833333333333332
8 0.1953125 0.6118055555555556 0.00390625 0.010416666666666666
0 0.230859375 0.6256944444444444 0.034765625 0.04791666666666667
0 0.013671875 0.6208333333333333 0.013671875 0.022222222222222223
0 0.6375 0.5944444444444444 0.06484375 0.05694444444444444
0 0.33359375 0.6701388888888888 0.11640625 0.14097222222222222
8 0.21640625 0.5006944444444444 0.00625 0.011805555555555555
8 0.171484375 0.49166666666666664 0.005859375 0.0125
8 0.3609375 0.3590277777777778 0.0046875 0.009027777777777777
8 0.253515625 0.4513888888888889 0.004296875 0.008333333333333333
8 0.3953125 0.4027777777777778 0.00625 0.009722222222222222
9 0.360546875 0.3909722222222222 0.008203125 0.027083333333333334
9 0.25546875 0.47430555555555554 0.0046875 0.01875
9 0.414453125 0.49375 0.005859375 0.022916666666666665
9 0.45 0.5291666666666667 0.0046875 0.016666666666666666
9 0.1734375 0.5236111111111111 0.009375 0.02638888888888889
8 0.2125 0.5319444444444444 0.0046875 0.011111111111111112
9 0.2140625 0.5534722222222223 0.00625 0.01875
