8 0.498828125 0.4513888888888889 0.003515625 0.006944444444444444
0 0.805859375 0.5201388888888889 0.044140625 0.04097222222222222
0 0.866015625 0.5076388888888889 0.036328125 0.04513888888888889
0 0.48125 0.4777777777777778 0.0046875 0.011111111111111112
0 0.49453125 0.4826388888888889 0.01484375 0.025694444444444443
0 0.423046875 0.48333333333333334 0.009765625 0.016666666666666666
0 0.421484375 0.4909722222222222 0.009765625 0.01597222222222222
0 0.41328125 0.49166666666666664 0.0078125 0.019444444444444445
0 0.394140625 0.49375 0.015234375 0.03263888888888889
0 0.362109375 0.49583333333333335 0.040234375 0.05277777777777778
0 0.307421875 0.5333333333333333 0.056640625 0.07222222222222222
0 0.2 0.5756944444444444 0.109375 0.12013888888888889
0 0.11015625 0.6326388888888889 0.11015625 0.16180555555555556
