2 0.06875 0.5409722222222222 0.01875 0.05486111111111111
2 0.02421875 0.5395833333333333 0.01875 0.08402777777777778
9 0.290234375 0.12291666666666666 0.010546875 0.03819444444444445
9 0.3109375 0.12638888888888888 0.01015625 0.041666666666666664
8 0.165625 0.22916666666666666 0.01328125 0.027777777777777776
8 0.1140625 0.3923611111111111 0.0078125 0.024305555555555556
8 0.889453125 0.45 0.013671875 0.018055555555555554
0 0.39140625 0.5277777777777778 0.00859375 0.03611111111111111
0 0.407421875 0.5284722222222222 0.007421875 0.02013888888888889
0 0.434765625 0.5236111111111111 0.019921875 0.03333333333333333
0 0.469921875 0.5222222222222223 0.013671875 0.019444444444444445
0 0.504296875 0.5277777777777778 0.013671875 0.019444444444444445
0 0.533984375 0.5326388888888889 0.013671875 0.01875
4 0.569921875 0.5201388888888889 0.019140625 0.03680555555555556
4 0.349609375 0.49583333333333335 0.039453125 0.07083333333333333
0 0.887890625 0.6534722222222222 0.108203125 0.34375
9 0.103515625 0.34444444444444444 0.005078125 0.02638888888888889
9 0.083203125 0.40555555555555556 0.012109375 0.016666666666666666
8 0.093359375 0.2604166666666667 0.012109375 0.00625
8 0.10859375 0.44722222222222224 0.01171875 0.016666666666666666
9 0.939453125 0.41875 0.004296875 0.024305555555555556
