8 0.864453125 0.4326388888888889 0.015234375 0.02847222222222222
8 0.05625 0.4576388888888889 0.015625 0.027083333333333334
8 0.709375 0.40555555555555556 0.009375 0.019444444444444445
9 0.17890625 0.3659722222222222 0.0109375 0.017361111111111112
0 0.38828125 0.46944444444444444 0.0078125 0.011111111111111112
0 0.376171875 0.47152777777777777 0.008984375 0.011805555555555555
0 0.32734375 0.48333333333333334 0.0421875 0.06388888888888888
0 0.2515625 0.47291666666666665 0.01640625 0.02013888888888889
0 0.209375 0.46041666666666664 0.025 0.03125
0 0.555859375 0.5173611111111112 0.055859375 0.07291666666666667
9 0.37265625 0.03263888888888889 0.01328125 0.021527777777777778
