8 0.434765625 0.41180555555555554 0.007421875 0.009027777777777777
8 0.510546875 0.4222222222222222 0.008984375 0.019444444444444445
8 0.594921875 0.36666666666666664 0.025390625 0.022222222222222223
0 0.458203125 0.43819444444444444 0.010546875 0.014583333333333334
0 0.474609375 0.4388888888888889 0.008203125 0.013888888888888888
0 0.43984375 0.4340277777777778 0.0078125 0.009027777777777777
0 0.498828125 0.4534722222222222 0.021484375 0.022916666666666665
0 0.416796875 0.4444444444444444 0.018359375 0.029166666666666667
8 0.594921875 0.4083333333333333 0.025390625 0.022222222222222223
8 0.47890625 0.4166666666666667 0.00546875 0.013888888888888888
