9 0.25546875 0.08472222222222223 0.009375 0.03333333333333333
9 0.441015625 0.06597222222222222 0.009765625 0.03680555555555556
9 0.440625 0.28680555555555554 0.003125 0.009027777777777777
9 0.4 0.28680555555555554 0.0046875 0.010416666666666666
9 0.418359375 0.3104166666666667 0.001953125 0.004861111111111111
9 0.875390625 0.16111111111111112 0.012890625 0.03194444444444444
9 0.240625 0.08333333333333333 0.00703125 0.025
8 0.17109375 0.14722222222222223 0.0109375 0.0125
8 0.52734375 0.25277777777777777 0.00703125 0.015277777777777777
8 0.465625 0.28888888888888886 0.0046875 0.008333333333333333
8 0.482421875 0.325 0.002734375 0.006944444444444444
8 0.5296875 0.2902777777777778 0.0046875 0.009722222222222222
0 0.435546875 0.35347222222222224 0.015234375 0.024305555555555556
0 0.4859375 0.35 0.015625 0.019444444444444445
0 0.457421875 0.3368055555555556 0.005078125 0.00625
0 0.45 0.31805555555555554 0.003125 0.004166666666666667
0 0.25390625 0.36319444444444443 0.04375 0.05347222222222222
0 0.3015625 0.38055555555555554 0.040625 0.04861111111111111
0 0.385546875 0.4131944444444444 0.062890625 0.08541666666666667
0 0.47265625 0.36666666666666664 0.02265625 0.029166666666666667
8 0.123046875 0.23055555555555557 0.012890625 0.005555555555555556
9 0.115234375 0.28125 0.010546875 0.017361111111111112
