9 0.2046875 0.5888888888888889 0.003125 0.011111111111111112
9 0.491796875 0.6243055555555556 0.002734375 0.010416666666666666
9 0.49765625 0.625 0.003125 0.013888888888888888
9 0.4890625 0.5798611111111112 0.003125 0.010416666666666666
9 0.507421875 0.6277777777777778 0.004296875 0.013888888888888888
9 0.430078125 0.5944444444444444 0.003515625 0.011111111111111112
9 0.394921875 0.5888888888888889 0.002734375 0.009722222222222222
9 0.46484375 0.6333333333333333 0.00234375 0.008333333333333333
8 0.27109375 0.6034722222222222 0.0109375 0.00625
8 0.445703125 0.6145833333333334 0.007421875 0.003472222222222222
8 0.34140625 0.5659722222222222 0.0046875 0.009027777777777777
8 0.430078125 0.6125 0.005859375 0.005555555555555556
8 0.402734375 0.5902777777777778 0.003515625 0.008333333333333333
9 0.526953125 0.63125 0.003515625 0.011805555555555555
8 0.026953125 0.6263888888888889 0.005859375 0.011111111111111112
2 0.193359375 0.6763888888888889 0.005078125 0.013888888888888888
8 0.694921875 0.6208333333333333 0.004296875 0.009722222222222222
9 0.308984375 0.5694444444444444 0.004296875 0.013888888888888888
9 0.355078125 0.5673611111111111 0.003515625 0.01597222222222222
0 0.626171875 0.6763888888888889 0.015234375 0.009722222222222222
0 0.537109375 0.6715277777777777 0.011328125 0.00625
0 0.561328125 0.6666666666666666 0.021484375 0.004166666666666667
0 0.563671875 0.6743055555555556 0.022265625 0.009027777777777777
0 0.5171875 0.6756944444444445 0.00703125 0.00625
0 0.481640625 0.6743055555555556 0.007421875 0.004861111111111111
0 0.4703125 0.6715277777777777 0.00546875 0.00625
0 0.496484375 0.6763888888888889 0.007421875 0.006944444444444444
0 0.45703125 0.6701388888888888 0.00625 0.004861111111111111
0 0.405078125 0.6722222222222223 0.005078125 0.005555555555555556
0 0.3609375 0.6722222222222223 0.0109375 0.013888888888888888
0 0.3421875 0.6743055555555556 0.00625 0.009027777777777777
0 0.328125 0.6736111111111112 0.01015625 0.0125
0 0.30703125 0.6763888888888889 0.01171875 0.013888888888888888
0 0.39296875 0.6722222222222223 0.00625 0.006944444444444444
0 0.4140625 0.6722222222222223 0.00546875 0.009722222222222222
