0 0.40859375 0.6784722222222223 0.0109375 0.01875
0 0.423046875 0.6881944444444444 0.011328125 0.017361111111111112
0 0.452734375 0.6902777777777778 0.023046875 0.03611111111111111
0 0.31015625 0.6819444444444445 0.009375 0.009722222222222222
0 0.363671875 0.6895833333333333 0.034765625 0.05625
8 0.255859375 0.6583333333333333 0.005859375 0.009722222222222222
8 0.21640625 0.6305555555555555 0.00703125 0.011111111111111112
8 0.46484375 0.6548611111111111 0.00390625 0.004861111111111111
8 0.43828125 0.6541666666666667 0.00625 0.008333333333333333
8 0.4234375 0.6576388888888889 0.003125 0.009027777777777777
9 0.281640625 0.6215277777777778 0.002734375 0.007638888888888889
9 0.30859375 0.6180555555555556 0.003125 0.009722222222222222
2 0.28671875 0.6763888888888889 0.003125 0.011111111111111112
