0 0.32890625 0.46041666666666664 0.015625 0.034027777777777775
0 0.31015625 0.4597222222222222 0.00859375 0.06111111111111111
0 0.28984375 0.4576388888888889 0.01484375 0.07569444444444444
4 0.192578125 0.4263888888888889 0.092578125 0.15138888888888888
0 0.076171875 0.5166666666666667 0.076171875 0.125
0 0.36484375 0.4666666666666667 0.0109375 0.020833333333333332
9 0.364453125 0.4375 0.004296875 0.008333333333333333
9 0.383984375 0.4305555555555556 0.004296875 0.008333333333333333
0 0.4078125 0.48333333333333334 0.009375 0.0125
0 0.423828125 0.4840277777777778 0.012109375 0.01875
0 0.448828125 0.4861111111111111 0.019921875 0.027777777777777776
0 0.4859375 0.5006944444444444 0.0265625 0.035416666666666666
0 0.51328125 0.5097222222222222 0.03203125 0.03611111111111111
0 0.810546875 0.5847222222222223 0.187109375 0.1763888888888889
0 0.879296875 0.6888888888888889 0.119140625 0.13333333333333333
