8 0.173046875 0.36041666666666666 0.009765625 0.017361111111111112
8 0.051953125 0.41944444444444445 0.008203125 0.016666666666666666
8 0.298046875 0.39861111111111114 0.005078125 0.0125
9 0.265234375 0.4041666666666667 0.005078125 0.009722222222222222
9 0.315234375 0.39791666666666664 0.003515625 0.011805555555555555
9 0.653515625 0.3909722222222222 0.012109375 0.017361111111111112
8 0.655078125 0.32569444444444445 0.012109375 0.010416666666666666
8 0.587109375 0.41875 0.007421875 0.009027777777777777
9 0.255859375 0.19236111111111112 0.005859375 0.024305555555555556
9 0.50390625 0.1486111111111111 0.00390625 0.029166666666666667
9 0.49375 0.1451388888888889 0.00703125 0.03263888888888889
2 0.621484375 0.47430555555555554 0.007421875 0.03680555555555556
2 0.569140625 0.46597222222222223 0.005078125 0.025694444444444443
0 0.430859375 0.4576388888888889 0.007421875 0.010416666666666666
0 0.43671875 0.4618055555555556 0.00703125 0.011805555555555555
0 0.44296875 0.4625 0.0078125 0.015277777777777777
0 0.4515625 0.46319444444444446 0.00625 0.02013888888888889
0 0.41796875 0.4618055555555556 0.00546875 0.009027777777777777
0 0.33125 0.4625 0.0125 0.015277777777777777
0 0.30859375 0.46041666666666664 0.009375 0.010416666666666666
0 0.2875 0.46458333333333335 0.00546875 0.009027777777777777
0 0.274609375 0.45902777777777776 0.009765625 0.014583333333333334
0 0.258203125 0.46111111111111114 0.012109375 0.016666666666666666
0 0.2109375 0.4652777777777778 0.009375 0.009722222222222222
0 0.179296875 0.4638888888888889 0.010546875 0.016666666666666666
0 0.15703125 0.46944444444444444 0.01015625 0.013888888888888888
0 0.651953125 0.48680555555555555 0.020703125 0.027083333333333334
0 0.966796875 0.4722222222222222 0.030859375 0.06111111111111111
1 0.021484375 0.4583333333333333 0.021484375 0.04722222222222222
1 0.491015625 0.4527777777777778 0.035546875 0.059722222222222225
0 0.13359375 0.4722222222222222 0.01640625 0.016666666666666666
0 0.233203125 0.46319444444444446 0.016015625 0.02013888888888889
0 0.342578125 0.4756944444444444 0.020703125 0.025694444444444443
0 0.38359375 0.4576388888888889 0.01015625 0.010416666666666666
0 0.404296875 0.46041666666666664 0.012109375 0.025694444444444443
0 0.816796875 0.5840277777777778 0.181640625 0.24930555555555556
8 0.3484375 0.43125 0.00390625 0.011805555555555555
