0 0.8421875 0.6555555555555556 0.02421875 0.06805555555555555
0 0.83984375 0.5881944444444445 0.01328125 0.022916666666666665
0 0.85625 0.6097222222222223 0.03203125 0.05277777777777778
0 0.89296875 0.5993055555555555 0.01875 0.04652777777777778
0 0.915234375 0.5993055555555555 0.012890625 0.03263888888888889
0 0.93515625 0.5826388888888889 0.01171875 0.017361111111111112
0 0.9515625 0.5833333333333334 0.0046875 0.0125
0 0.99453125 0.6131944444444445 0.00390625 0.03125
8 0.540234375 0.34444444444444444 0.016796875 0.020833333333333332
8 0.796484375 0.5027777777777778 0.011328125 0.0125
8 0.885546875 0.5263888888888889 0.005078125 0.011111111111111112
8 0.926953125 0.5409722222222222 0.005859375 0.007638888888888889
8 0.906640625 0.5388888888888889 0.007421875 0.006944444444444444
0 0.976953125 0.5854166666666667 0.008984375 0.009027777777777777
