8 0.0734375 0.2590277777777778 0.0234375 0.07569444444444444
9 0.621875 0.5256944444444445 0.003125 0.007638888888888889
9 0.587109375 0.5284722222222222 0.009765625 0.004861111111111111
0 0.608203125 0.5875 0.007421875 0.016666666666666666
0 0.584375 0.6041666666666666 0.02421875 0.03611111111111111
0 0.54609375 0.61875 0.034375 0.050694444444444445
0 0.3640625 0.7611111111111111 0.203125 0.23333333333333334
0 0.669140625 0.6694444444444444 0.070703125 0.10833333333333334
2 0.7484375 0.59375 0.003125 0.014583333333333334
2 0.765234375 0.5972222222222222 0.006640625 0.013888888888888888
2 0.799609375 0.59375 0.005859375 0.01597222222222222
2 0.778125 0.5965277777777778 0.00390625 0.013194444444444444
2 0.84375 0.6020833333333333 0.00546875 0.017361111111111112
7 0.9390625 0.6048611111111111 0.009375 0.02847222222222222
3 0.94296875 0.6527777777777778 0.0078125 0.03194444444444444
2 0.963671875 0.6152777777777778 0.016796875 0.03888888888888889
2 0.991796875 0.6201388888888889 0.007421875 0.03125
3 0.145703125 0.6923611111111111 0.022265625 0.07013888888888889
