8 0.76015625 0.4895833333333333 0.0125 0.02847222222222222
8 0.580859375 0.4354166666666667 0.005859375 0.009027777777777777
8 0.571484375 0.4652777777777778 0.019921875 0.019444444444444445
8 0.6578125 0.5451388888888888 0.00859375 0.00625
9 0.5203125 0.5381944444444444 0.00390625 0.00625
9 0.499609375 0.5201388888888889 0.002734375 0.00625
9 0.499609375 0.5354166666666667 0.004296875 0.009027777777777777
0 0.5203125 0.5652777777777778 0.0078125 0.0125
0 0.471875 0.5583333333333333 0.0140625 0.013888888888888888
8 0.42578125 0.5395833333333333 0.00703125 0.007638888888888889
0 0.440625 0.5652777777777778 0.01328125 0.018055555555555554
0 0.405078125 0.5875 0.038671875 0.041666666666666664
0 0.498046875 0.5770833333333333 0.019140625 0.025694444444444443
0 0.541796875 0.5604166666666667 0.005859375 0.00625
0 0.562109375 0.5659722222222222 0.006640625 0.010416666666666666
0 0.58046875 0.5701388888888889 0.00859375 0.014583333333333334
0 0.222265625 0.6013888888888889 0.030078125 0.02361111111111111
0 0.125 0.59375 0.0328125 0.02013888888888889
