0 0.48203125 0.5006944444444444 0.003125 0.010416666666666666
0 0.489453125 0.4979166666666667 0.004296875 0.01597222222222222
0 0.498828125 0.5006944444444444 0.008203125 0.01875
0 0.51328125 0.5055555555555555 0.01328125 0.02361111111111111
0 0.53046875 0.5222222222222223 0.0203125 0.03194444444444444
0 0.573046875 0.5222222222222223 0.037109375 0.05277777777777778
0 0.59140625 0.5458333333333333 0.03046875 0.058333333333333334
0 0.443359375 0.5034722222222222 0.005859375 0.010416666666666666
0 0.424609375 0.50625 0.008203125 0.01875
0 0.40234375 0.5125 0.01875 0.025
0 0.363671875 0.5166666666666667 0.021484375 0.044444444444444446
0 0.348828125 0.5298611111111111 0.018359375 0.04791666666666667
0 0.294921875 0.5479166666666667 0.057421875 0.07152777777777777
0 0.466796875 0.5048611111111111 0.007421875 0.014583333333333334
0 0.662109375 0.5694444444444444 0.066796875 0.08472222222222223
2 0.733984375 0.5583333333333333 0.022265625 0.10833333333333334
8 0.69375 0.3659722222222222 0.01015625 0.014583333333333334
8 0.783203125 0.3541666666666667 0.023828125 0.05277777777777778
8 0.610546875 0.4027777777777778 0.012109375 0.025
8 0.280078125 0.3951388888888889 0.008203125 0.011805555555555555
