8 0.29375 0.45069444444444445 0.01328125 0.004861111111111111
8 0.981640625 0.30625 0.016796875 0.029861111111111113
8 0.983203125 0.4465277777777778 0.015234375 0.009027777777777777
8 0.992578125 0.38819444444444445 0.004296875 0.014583333333333334
8 0.991796875 0.4222222222222222 0.005078125 0.008333333333333333
8 0.54375 0.4951388888888889 0.00390625 0.010416666666666666
8 0.68828125 0.5152777777777777 0.00546875 0.013888888888888888
8 0.6953125 0.48819444444444443 0.0078125 0.004861111111111111
8 0.808203125 0.4840277777777778 0.007421875 0.00625
8 0.80625 0.49930555555555556 0.0046875 0.013194444444444444
8 0.97421875 0.5048611111111111 0.00625 0.017361111111111112
8 0.52890625 0.5194444444444445 0.00390625 0.006944444444444444
9 0.440234375 0.36666666666666664 0.005859375 0.02361111111111111
9 0.750390625 0.35694444444444445 0.006640625 0.025
9 0.690625 0.4583333333333333 0.003125 0.0125
9 0.2890625 0.5111111111111111 0.00703125 0.013888888888888888
9 0.495703125 0.49722222222222223 0.002734375 0.009722222222222222
9 0.441015625 0.5006944444444444 0.001953125 0.007638888888888889
9 0.35546875 0.45694444444444443 0.003125 0.013888888888888888
9 0.423828125 0.36527777777777776 0.005078125 0.025
9 0.31796875 0.4097222222222222 0.0046875 0.019444444444444445
9 0.312890625 0.5138888888888888 0.006640625 0.008333333333333333
9 0.6953125 0.5291666666666667 0.00390625 0.006944444444444444
9 0.9953125 0.4986111111111111 0.003125 0.019444444444444445
2 0.31328125 0.6020833333333333 0.0125 0.04513888888888889
2 0.25859375 0.6090277777777777 0.0109375 0.04513888888888889
2 0.23203125 0.6013888888888889 0.0125 0.058333333333333334
2 0.2140625 0.6263888888888889 0.009375 0.05555555555555555
2 0.238671875 0.6 0.005859375 0.04722222222222222
2 0.193359375 0.5986111111111111 0.008203125 0.043055555555555555
2 0.919140625 0.5902777777777778 0.009765625 0.04861111111111111
2 0.6546875 0.5583333333333333 0.00390625 0.015277777777777777
2 0.640625 0.5555555555555556 0.00234375 0.015277777777777777
2 0.633984375 0.5590277777777778 0.003515625 0.01597222222222222
2 0.6109375 0.55625 0.003125 0.014583333333333334
2 0.575 0.5527777777777778 0.00390625 0.011111111111111112
7 0.18515625 0.6166666666666667 0.0234375 0.06388888888888888
3 0.182421875 0.6534722222222222 0.032421875 0.04791666666666667
0 0.60078125 0.7909722222222222 0.1734375 0.2048611111111111
2 0.396484375 0.5951388888888889 0.006640625 0.03819444444444445
0 0.557421875 0.5590277777777778 0.013671875 0.01597222222222222
0 0.50703125 0.5583333333333333 0.0125 0.016666666666666666
0 0.45703125 0.5722222222222222 0.021875 0.0375
0 0.376171875 0.5881944444444445 0.019140625 0.035416666666666666
0 0.404296875 0.58125 0.010546875 0.025694444444444443
0 0.421484375 0.5666666666666667 0.011328125 0.02361111111111111
0 0.47734375 0.55625 0.0078125 0.013194444444444444
0 0.491796875 0.5548611111111111 0.005078125 0.013194444444444444
0 0.341015625 0.5597222222222222 0.007421875 0.011111111111111112
0 0.976953125 0.58125 0.022265625 0.034027777777777775
4 0.434765625 0.5298611111111111 0.013671875 0.017361111111111112
0 0.52421875 0.5548611111111111 0.0046875 0.01597222222222222
