8 0.628515625 0.010416666666666666 0.070703125 0.010416666666666666
8 0.767578125 0.1951388888888889 0.019921875 0.017361111111111112
8 0.742578125 0.21736111111111112 0.026171875 0.021527777777777778
8 0.73125 0.25277777777777777 0.01171875 0.016666666666666666
9 0.76953125 0.3638888888888889 0.0140625 0.025
9 0.72578125 0.3659722222222222 0.0046875 0.022916666666666665
9 0.37578125 0.3972222222222222 0.00234375 0.009722222222222222
9 0.32265625 0.3854166666666667 0.003125 0.011805555555555555
9 0.24140625 0.40902777777777777 0.003125 0.009027777777777777
9 0.19765625 0.39791666666666664 0.003125 0.010416666666666666
9 0.259375 0.38333333333333336 0.00390625 0.013888888888888888
9 0.287109375 0.3902777777777778 0.001953125 0.016666666666666666
9 0.428515625 0.4076388888888889 0.003515625 0.011805555555555555
9 0.405078125 0.375 0.002734375 0.016666666666666666
8 0.475 0.3923611111111111 0.0046875 0.007638888888888889
0 0.340234375 0.4215277777777778 0.005078125 0.009027777777777777
0 0.3265625 0.42569444444444443 0.0046875 0.00625
0 0.3578125 0.43680555555555556 0.00703125 0.00625
0 0.37421875 0.4270833333333333 0.00625 0.004861111111111111
0 0.3859375 0.44930555555555557 0.009375 0.01875
0 0.299609375 0.45208333333333334 0.009765625 0.017361111111111112
0 0.245703125 0.4444444444444444 0.041796875 0.029166666666666667
0 0.197265625 0.45208333333333334 0.012890625 0.021527777777777778
0 0.325390625 0.4618055555555556 0.018359375 0.03125
0 0.35703125 0.4701388888888889 0.03046875 0.04236111111111111
0 0.416015625 0.46597222222222223 0.016796875 0.027083333333333334
0 0.49140625 0.45694444444444443 0.01640625 0.019444444444444445
0 0.559375 0.5326388888888889 0.05390625 0.09097222222222222
0 0.45859375 0.5326388888888889 0.0734375 0.10902777777777778
0 0.14296875 0.4666666666666667 0.02421875 0.03611111111111111
0 0.090234375 0.46805555555555556 0.037890625 0.05
0 0.039453125 0.47291666666666665 0.039453125 0.06458333333333334
0 0.24765625 0.5951388888888889 0.10703125 0.13402777777777777
0 0.017578125 0.7229166666666667 0.017578125 0.06180555555555556
2 0.708203125 0.4777777777777778 0.015234375 0.034722222222222224
2 0.677734375 0.4708333333333333 0.008984375 0.029166666666666667
