2 0.21796875 0.45902777777777776 0.0078125 0.01875
2 0.17734375 0.4701388888888889 0.009375 0.027083333333333334
2 0.766796875 0.4409722222222222 0.012109375 0.021527777777777778
2 0.80078125 0.44375 0.015625 0.03263888888888889
2 0.8015625 0.4548611111111111 0.01015625 0.024305555555555556
2 0.93515625 0.48819444444444443 0.01171875 0.07013888888888889
2 0.898828125 0.5215277777777778 0.030078125 0.13819444444444445
2 0.00859375 0.46041666666666664 0.0046875 0.01597222222222222
2 0.01328125 0.5138888888888888 0.0125 0.0625
2 0.02734375 0.5173611111111112 0.01015625 0.06180555555555556
2 0.3546875 0.6243055555555556 0.05 0.2423611111111111
2 0.873828125 0.6555555555555556 0.077734375 0.24027777777777778
2 0.498828125 0.4979166666666667 0.018359375 0.06597222222222222
9 0.028125 0.1361111111111111 0.01015625 0.043055555555555555
9 0.046875 0.13680555555555557 0.01015625 0.04236111111111111
9 0.473046875 0.1986111111111111 0.005859375 0.030555555555555555
9 0.7265625 0.3736111111111111 0.01015625 0.019444444444444445
4 0.24609375 0.4326388888888889 0.0265625 0.03819444444444445
4 0.140234375 0.43680555555555556 0.084765625 0.10208333333333333
4 0.4921875 0.44375 0.01171875 0.034027777777777775
4 0.51015625 0.43194444444444446 0.0125 0.05138888888888889
4 0.56875 0.43819444444444444 0.053125 0.08819444444444445
0 0.471484375 0.4597222222222222 0.012109375 0.020833333333333332
0 0.294921875 0.5215277777777778 0.188671875 0.14791666666666667
0 0.716796875 0.525 0.118359375 0.07222222222222222
3 0.815234375 0.5479166666666667 0.021484375 0.05347222222222222
8 0.709375 0.2847222222222222 0.0171875 0.0125
8 0.630078125 0.23680555555555555 0.018359375 0.027083333333333334
9 0.46640625 0.39791666666666664 0.00390625 0.010416666666666666
