0 0.21875 0.46111111111111114 0.00859375 0.013888888888888888
0 0.23359375 0.46111111111111114 0.0125 0.0125
0 0.25390625 0.4618055555555556 0.009375 0.013194444444444444
0 0.270703125 0.4652777777777778 0.008984375 0.009722222222222222
0 0.331640625 0.46944444444444444 0.011328125 0.008333333333333333
0 0.345703125 0.46805555555555556 0.008984375 0.011111111111111112
0 0.412109375 0.475 0.009765625 0.015277777777777777
0 0.51796875 0.48055555555555557 0.01640625 0.016666666666666666
0 0.53359375 0.4875 0.02421875 0.016666666666666666
0 0.546484375 0.4951388888888889 0.027734375 0.022916666666666665
0 0.578125 0.4979166666666667 0.02890625 0.02847222222222222
0 0.60390625 0.5048611111111111 0.040625 0.027083333333333334
0 0.64609375 0.51875 0.06328125 0.04097222222222222
0 0.724609375 0.525 0.085546875 0.04722222222222222
0 0.8515625 0.5527777777777778 0.09296875 0.08472222222222223
0 0.93828125 0.5798611111111112 0.0609375 0.13125
8 0.279296875 0.41180555555555554 0.008203125 0.022916666666666665
8 0.319140625 0.4131944444444444 0.009765625 0.014583333333333334
8 0.4703125 0.475 0.00859375 0.018055555555555554
9 0.4625 0.4222222222222222 0.003125 0.009722222222222222
9 0.497265625 0.45208333333333334 0.003515625 0.009027777777777777
0 0.43515625 0.5048611111111111 0.021875 0.03263888888888889
