0 0.528125 0.5118055555555555 0.00625 0.011805555555555555
0 0.51640625 0.5125 0.00546875 0.0125
0 0.504296875 0.5097222222222222 0.006640625 0.0125
0 0.492578125 0.5104166666666666 0.005078125 0.014583333333333334
0 0.47734375 0.5090277777777777 0.009375 0.017361111111111112
0 0.45703125 0.5013888888888889 0.0125 0.025
0 0.41796875 0.4986111111111111 0.0265625 0.03611111111111111
0 0.32421875 0.4736111111111111 0.028125 0.019444444444444445
0 0.30859375 0.5048611111111111 0.02109375 0.025694444444444443
0 0.56328125 0.5166666666666667 0.00546875 0.008333333333333333
0 0.570703125 0.51875 0.004296875 0.011805555555555555
0 0.578125 0.5159722222222223 0.0046875 0.01597222222222222
0 0.5875 0.5104166666666666 0.00703125 0.021527777777777778
0 0.603125 0.5138888888888888 0.00859375 0.020833333333333332
0 0.635546875 0.5076388888888889 0.026953125 0.04513888888888889
0 0.647265625 0.53125 0.023828125 0.04513888888888889
0 0.71328125 0.5333333333333333 0.0421875 0.07222222222222222
0 0.79453125 0.5666666666666667 0.08125 0.09722222222222222
0 0.19921875 0.5104166666666666 0.08984375 0.09097222222222222
0 0.362109375 0.5055555555555555 0.031640625 0.04027777777777778
0 0.540625 0.5159722222222223 0.00546875 0.007638888888888889
0 0.553125 0.5152777777777777 0.0046875 0.006944444444444444
0 0.90546875 0.6076388888888888 0.09375 0.21875
9 0.557421875 0.4965277777777778 0.002734375 0.009027777777777777
9 0.540234375 0.4965277777777778 0.003515625 0.009027777777777777
