0 0.383984375 0.4583333333333333 0.010546875 0.016666666666666666
0 0.365625 0.4395833333333333 0.00546875 0.00625
0 0.36015625 0.45625 0.00859375 0.014583333333333334
0 0.35 0.46041666666666664 0.0078125 0.013194444444444444
0 0.328515625 0.45625 0.011328125 0.017361111111111112
0 0.263671875 0.4625 0.037890625 0.04722222222222222
8 0.566796875 0.38125 0.009765625 0.02847222222222222
8 0.41640625 0.42291666666666666 0.0046875 0.009027777777777777
8 0.405859375 0.4201388888888889 0.006640625 0.010416666666666666
8 0.356640625 0.40555555555555556 0.008203125 0.0125
8 0.334375 0.43125 0.0078125 0.013194444444444444
