8 0.528515625 0.14444444444444443 0.010546875 0.03194444444444444
8 0.4921875 0.2722222222222222 0.00546875 0.008333333333333333
8 0.030078125 0.29930555555555555 0.009765625 0.022916666666666665
9 0.36640625 0.15347222222222223 0.00390625 0.01875
9 0.540625 0.2701388888888889 0.00859375 0.013194444444444444
9 0.35859375 0.15347222222222223 0.00390625 0.017361111111111112
8 0.752734375 0.0125 0.020703125 0.0125
2 0.616015625 0.35347222222222224 0.009765625 0.06875
2 0.675390625 0.3645833333333333 0.012109375 0.06319444444444444
2 0.558203125 0.34305555555555556 0.006640625 0.027777777777777776
0 0.838671875 0.36666666666666664 0.159765625 0.3638888888888889
0 0.242578125 0.3763888888888889 0.068359375 0.08888888888888889
0 0.464453125 0.36875 0.073046875 0.14652777777777778
0 0.027734375 0.37916666666666665 0.027734375 0.06666666666666667
0 0.004296875 0.40069444444444446 0.004296875 0.035416666666666666
0 0.10546875 0.3840277777777778 0.0109375 0.03263888888888889
4 0.178125 0.30416666666666664 0.06328125 0.12777777777777777
0 0.396875 0.3590277777777778 0.01015625 0.04097222222222222
0 0.375390625 0.3576388888888889 0.011328125 0.02013888888888889
4 0.389453125 0.32569444444444445 0.013671875 0.017361111111111112
0 0.29453125 0.3416666666666667 0.00859375 0.016666666666666666
4 0.332421875 0.3229166666666667 0.030859375 0.06736111111111111
