8 0.08359375 0.2569444444444444 0.015625 0.044444444444444446
8 0.08359375 0.33402777777777776 0.02578125 0.025694444444444443
8 0.298828125 0.3298611111111111 0.006640625 0.013194444444444444
8 0.296875 0.3888888888888889 0.00703125 0.011111111111111112
8 0.352734375 0.4097222222222222 0.011328125 0.005555555555555556
8 0.79921875 0.2590277777777778 0.0140625 0.017361111111111112
8 0.534375 0.37569444444444444 0.0046875 0.010416666666666666
8 0.536328125 0.4027777777777778 0.008203125 0.015277777777777777
8 0.330859375 0.42083333333333334 0.005859375 0.009722222222222222
9 0.29609375 0.41597222222222224 0.0046875 0.011805555555555555
9 0.390234375 0.39305555555555555 0.003515625 0.011111111111111112
9 0.471484375 0.3972222222222222 0.002734375 0.0125
9 0.323046875 0.4152777777777778 0.002734375 0.015277777777777777
9 0.508984375 0.3875 0.003515625 0.009722222222222222
8 0.256640625 0.4284722222222222 0.007421875 0.00625
0 0.130078125 0.5270833333333333 0.130078125 0.15486111111111112
0 0.274609375 0.5027777777777778 0.044140625 0.059722222222222225
0 0.449609375 0.6368055555555555 0.173046875 0.22569444444444445
0 0.591796875 0.5180555555555556 0.048046875 0.0875
0 0.324609375 0.47291666666666665 0.015234375 0.02847222222222222
0 0.64453125 0.4840277777777778 0.00703125 0.017361111111111112
