0 0.255859375 0.8826388888888889 0.083984375 0.06875
0 0.48125 0.8902777777777777 0.0515625 0.04861111111111111
0 0.602734375 0.9125 0.074609375 0.06111111111111111
0 0.700390625 0.8534722222222222 0.061328125 0.050694444444444445
0 0.80703125 0.8826388888888889 0.07109375 0.04791666666666667
0 0.888671875 0.8326388888888889 0.058203125 0.04375
0 0.555859375 0.7347222222222223 0.032421875 0.02361111111111111
4 0.701953125 0.7201388888888889 0.058984375 0.04375
0 0.990625 0.7965277777777777 0.0078125 0.03125
0 0.951953125 0.8583333333333333 0.046484375 0.04583333333333333
8 0.355078125 0.7423611111111111 0.012890625 0.021527777777777778
