9 0.448046875 0.33402777777777776 0.004296875 0.017361111111111112
9 0.37890625 0.32916666666666666 0.00703125 0.015277777777777777
9 0.658203125 0.5215277777777778 0.003515625 0.010416666666666666
9 0.624609375 0.5229166666666667 0.003515625 0.009027777777777777
9 0.60234375 0.5201388888888889 0.00234375 0.009027777777777777
9 0.583203125 0.5145833333333333 0.003515625 0.009027777777777777
9 0.55 0.5125 0.0046875 0.006944444444444444
9 0.451171875 0.5041666666666667 0.004296875 0.006944444444444444
9 0.523046875 0.5041666666666667 0.002734375 0.006944444444444444
9 0.49921875 0.5027777777777778 0.003125 0.006944444444444444
9 0.480859375 0.5013888888888889 0.003515625 0.006944444444444444
8 0.4515625 0.29583333333333334 0.0109375 0.020833333333333332
8 0.4171875 0.3 0.01953125 0.0125
8 0.381640625 0.29097222222222224 0.009765625 0.01875
8 0.901953125 0.2763888888888889 0.039453125 0.06666666666666667
0 0.3828125 0.5534722222222223 0.0234375 0.03263888888888889
0 0.443359375 0.5423611111111111 0.005078125 0.010416666666666666
0 0.500390625 0.55 0.016015625 0.022222222222222223
0 0.520703125 0.5451388888888888 0.007421875 0.01597222222222222
0 0.46484375 0.5506944444444445 0.0203125 0.034027777777777775
0 0.5625 0.5666666666666667 0.0390625 0.05
0 0.63828125 0.5590277777777778 0.0125 0.013194444444444444
0 0.66640625 0.5604166666666667 0.01171875 0.013194444444444444
0 0.615625 0.55625 0.0109375 0.010416666666666666
0 0.7125 0.5736111111111111 0.02890625 0.0375
0 0.851953125 0.575 0.083984375 0.075
0 0.98125 0.6055555555555555 0.01796875 0.041666666666666664
8 0.301953125 0.30277777777777776 0.023046875 0.03194444444444444
8 0.2546875 0.29791666666666666 0.0234375 0.03958333333333333
4 0.169921875 0.49236111111111114 0.169921875 0.4465277777777778
0 0.7578125 0.5756944444444444 0.015625 0.017361111111111112
9 0.794140625 0.03888888888888889 0.016796875 0.03888888888888889
