8 0.305859375 0.2986111111111111 0.027734375 0.019444444444444445
8 0.11640625 0.3347222222222222 0.01640625 0.009722222222222222
8 0.571484375 0.38055555555555554 0.017578125 0.009722222222222222
8 0.290234375 0.4548611111111111 0.009765625 0.017361111111111112
9 0.123828125 0.29305555555555557 0.008984375 0.034722222222222224
9 0.283203125 0.38125 0.006640625 0.021527777777777778
9 0.40546875 0.4326388888888889 0.0046875 0.007638888888888889
9 0.454296875 0.4354166666666667 0.003515625 0.00625
9 0.10859375 0.4722222222222222 0.0140625 0.013888888888888888
9 0.123828125 0.41944444444444445 0.008984375 0.029166666666666667
9 0.338671875 0.2638888888888889 0.006640625 0.013888888888888888
9 0.5703125 0.3416666666666667 0.0078125 0.02638888888888889
9 0.326171875 0.46597222222222223 0.005078125 0.007638888888888889
9 0.353515625 0.24305555555555555 0.008203125 0.025
9 0.58125 0.4027777777777778 0.00703125 0.015277777777777777
0 0.483203125 0.48541666666666666 0.024609375 0.050694444444444445
0 0.3984375 0.6013888888888889 0.10546875 0.16805555555555557
2 0.526171875 0.5208333333333334 0.009765625 0.04583333333333333
0 0.935546875 0.4895833333333333 0.051953125 0.08819444444444445
2 0.87578125 0.5381944444444444 0.02578125 0.09375
2 0.867578125 0.46041666666666664 0.017578125 0.01875
2 0.830078125 0.5409722222222222 0.030078125 0.10347222222222222
2 0.788671875 0.5194444444444445 0.016015625 0.08055555555555556
2 0.719921875 0.5215277777777778 0.012109375 0.07847222222222222
2 0.7609375 0.5055555555555555 0.01171875 0.07361111111111111
2 0.74140625 0.5423611111111111 0.0265625 0.12013888888888889
2 0.687109375 0.5354166666666667 0.016796875 0.09930555555555555
2 0.68671875 0.5041666666666667 0.02109375 0.08055555555555556
2 0.6609375 0.5208333333333334 0.01484375 0.06666666666666667
2 0.639453125 0.4979166666666667 0.010546875 0.05763888888888889
2 0.627734375 0.4791666666666667 0.009765625 0.03611111111111111
2 0.615625 0.46875 0.00625 0.027083333333333334
2 0.61484375 0.46597222222222223 0.00546875 0.024305555555555556
2 0.6078125 0.45902777777777776 0.00703125 0.017361111111111112
2 0.61015625 0.5069444444444444 0.01328125 0.04722222222222222
2 0.592578125 0.48055555555555557 0.008984375 0.025
2 0.51640625 0.49236111111111114 0.00625 0.021527777777777778
2 0.25703125 0.5361111111111111 0.00859375 0.03611111111111111
2 0.23359375 0.5361111111111111 0.0078125 0.027777777777777776
2 0.226953125 0.5298611111111111 0.005859375 0.025694444444444443
2 0.215625 0.5319444444444444 0.00625 0.027777777777777776
2 0.20859375 0.5354166666666667 0.00625 0.027083333333333334
2 0.19609375 0.5416666666666666 0.00625 0.03333333333333333
2 0.019140625 0.5854166666666667 0.007421875 0.03958333333333333
2 0.00859375 0.5993055555555555 0.00546875 0.03263888888888889
2 0.005078125 0.5868055555555556 0.005078125 0.049305555555555554
2 0.19375 0.5451388888888888 0.00703125 0.029861111111111113
