0 0.4921875 0.5263888888888889 0.015625 0.030555555555555555
0 0.519921875 0.5201388888888889 0.012109375 0.024305555555555556
0 0.532421875 0.5215277777777778 0.011328125 0.02847222222222222
0 0.548828125 0.5291666666666667 0.012109375 0.03611111111111111
0 0.563671875 0.5298611111111111 0.016015625 0.03958333333333333
0 0.346484375 0.5291666666666667 0.013671875 0.03333333333333333
0 0.316015625 0.5548611111111111 0.037109375 0.050694444444444445
0 0.2578125 0.5770833333333333 0.0609375 0.06597222222222222
0 0.20703125 0.6069444444444444 0.06171875 0.08055555555555556
0 0.09921875 0.6493055555555556 0.09921875 0.14791666666666667
0 0.599609375 0.5388888888888889 0.035546875 0.04861111111111111
0 0.796484375 0.6465277777777778 0.201171875 0.21180555555555555
0 0.426953125 0.5972222222222222 0.080859375 0.12361111111111112
9 0.418359375 0.4375 0.006640625 0.015277777777777777
9 0.47734375 0.44027777777777777 0.0078125 0.015277777777777777
8 0.5328125 0.4618055555555556 0.0078125 0.011805555555555555
