0 0.240625 0.5819444444444445 0.053125 0.043055555555555555
0 0.533203125 0.5534722222222223 0.005859375 0.007638888888888889
0 0.488671875 0.5520833333333334 0.005859375 0.00625
8 0.520703125 0.5020833333333333 0.006640625 0.011805555555555555
8 0.5359375 0.5020833333333333 0.0078125 0.011805555555555555
8 0.775 0.4986111111111111 0.0125 0.027777777777777776
9 0.49296875 0.5277777777777778 0.00390625 0.008333333333333333
9 0.5109375 0.5305555555555556 0.00390625 0.009722222222222222
9 0.531640625 0.5305555555555556 0.003515625 0.009722222222222222
9 0.52109375 0.525 0.00234375 0.009722222222222222
9 0.480859375 0.49375 0.005078125 0.00625
0 0.959765625 0.7208333333333333 0.037109375 0.10833333333333334
