8 0.058984375 0.3138888888888889 0.053515625 0.05138888888888889
0 0.023046875 0.4861111111111111 0.008984375 0.011111111111111112
0 0.0484375 0.48819444444444443 0.0125 0.014583333333333334
0 0.082421875 0.4861111111111111 0.005859375 0.011111111111111112
0 0.18203125 0.4027777777777778 0.0234375 0.008333333333333333
8 0.32734375 0.39791666666666664 0.01171875 0.009027777777777777
0 0.375390625 0.4131944444444444 0.009765625 0.007638888888888889
0 0.425390625 0.4076388888888889 0.007421875 0.009027777777777777
0 0.3984375 0.4125 0.00546875 0.009722222222222222
8 0.831640625 0.25972222222222224 0.042578125 0.07777777777777778
8 0.539453125 0.3638888888888889 0.011328125 0.0375
8 0.5140625 0.35625 0.01171875 0.013194444444444444
8 0.518359375 0.38333333333333336 0.008984375 0.009722222222222222
0 0.106640625 0.4798611111111111 0.006640625 0.009027777777777777
