8 0.726953125 0.3326388888888889 0.025390625 0.022916666666666665
8 0.72578125 0.38263888888888886 0.015625 0.029861111111111113
0 0.361328125 0.4340277777777778 0.011328125 0.010416666666666666
0 0.376953125 0.4395833333333333 0.004296875 0.007638888888888889
0 0.407421875 0.4423611111111111 0.006640625 0.009027777777777777
0 0.421875 0.4444444444444444 0.0078125 0.0125
0 0.389453125 0.44166666666666665 0.009765625 0.0125
0 0.343359375 0.5055555555555555 0.051953125 0.07222222222222222
8 0.4828125 0.40208333333333335 0.00859375 0.007638888888888889
8 0.48046875 0.42083333333333334 0.00546875 0.011111111111111112
8 0.486328125 0.43472222222222223 0.003515625 0.009722222222222222
