0 0.483984375 0.48333333333333334 0.009765625 0.011111111111111112
0 0.47421875 0.49166666666666664 0.00625 0.013888888888888888
0 0.46640625 0.49236111111111114 0.01015625 0.02013888888888889
0 0.457421875 0.49375 0.011328125 0.01875
0 0.4375 0.5013888888888889 0.02109375 0.027777777777777776
0 0.532421875 0.4888888888888889 0.008984375 0.016666666666666666
0 0.552734375 0.49930555555555556 0.018359375 0.024305555555555556
0 0.587890625 0.5027777777777778 0.027734375 0.04027777777777778
0 0.602734375 0.5270833333333333 0.018359375 0.04236111111111111
0 0.66953125 0.5347222222222222 0.0625 0.07916666666666666
0 0.379296875 0.5083333333333333 0.038671875 0.04861111111111111
0 0.315625 0.4847222222222222 0.0359375 0.03333333333333333
0 0.266796875 0.4638888888888889 0.019140625 0.013888888888888888
0 0.209765625 0.45555555555555555 0.042578125 0.018055555555555554
0 0.165625 0.4618055555555556 0.053125 0.029861111111111113
0 0.156640625 0.49722222222222223 0.049609375 0.04861111111111111
0 0.892578125 0.6263888888888889 0.105859375 0.2569444444444444
