2 0.9296875 0.3958333333333333 0.0125 0.06805555555555555
2 0.91796875 0.425 0.0140625 0.07361111111111111
2 0.907421875 0.36527777777777776 0.005859375 0.013888888888888888
2 0.896875 0.3819444444444444 0.00859375 0.030555555555555555
2 0.886328125 0.3923611111111111 0.007421875 0.050694444444444445
2 0.86328125 0.39791666666666664 0.009375 0.05625
2 0.8515625 0.42083333333333334 0.01171875 0.06944444444444445
2 0.812890625 0.4152777777777778 0.014453125 0.05277777777777778
2 0.790234375 0.4222222222222222 0.017578125 0.08194444444444444
2 0.978515625 0.42291666666666666 0.017578125 0.09513888888888888
2 0.751953125 0.41041666666666665 0.011328125 0.049305555555555554
2 0.703515625 0.39305555555555555 0.010546875 0.0375
2 0.769140625 0.4013888888888889 0.007421875 0.043055555555555555
2 0.680859375 0.4173611111111111 0.008984375 0.06180555555555556
2 0.6875 0.3784722222222222 0.0046875 0.013194444444444444
2 0.66953125 0.3902777777777778 0.0078125 0.022222222222222223
2 0.634765625 0.3840277777777778 0.005859375 0.014583333333333334
2 0.62109375 0.3861111111111111 0.0046875 0.016666666666666666
3 0.612109375 0.41875 0.023046875 0.025694444444444443
3 0.622265625 0.4215277777777778 0.018359375 0.025694444444444443
3 0.640234375 0.42777777777777776 0.018359375 0.029166666666666667
0 0.248046875 0.44166666666666665 0.044921875 0.1
0 0.420703125 0.44027777777777777 0.141796875 0.22916666666666666
9 0.874609375 0.02361111111111111 0.011328125 0.02361111111111111
9 0.9 0.2520833333333333 0.01171875 0.02013888888888889
9 0.8625 0.2611111111111111 0.00859375 0.018055555555555554
8 0.87890625 0.18611111111111112 0.025 0.05
8 0.90078125 0.1076388888888889 0.01796875 0.01597222222222222
8 0.8796875 0.075 0.02421875 0.016666666666666666
0 0.09453125 0.3715277777777778 0.01484375 0.013194444444444444
