8 0.590625 0.49375 0.009375 0.010416666666666666
8 0.58828125 0.5222222222222223 0.00546875 0.006944444444444444
0 0.56015625 0.5611111111111111 0.00703125 0.009722222222222222
0 0.554296875 0.5347222222222222 0.005859375 0.006944444444444444
0 0.585546875 0.5694444444444444 0.016015625 0.022222222222222223
0 0.66171875 0.5222222222222223 0.053125 0.06805555555555555
0 0.493359375 0.5215277777777778 0.055859375 0.07152777777777777
0 0.36796875 0.5631944444444444 0.03125 0.03263888888888889
0 0.40703125 0.56875 0.0125 0.027083333333333334
0 0.42421875 0.5756944444444444 0.0109375 0.021527777777777778
2 0.02265625 0.5368055555555555 0.021875 0.08263888888888889
9 0.925 0.3125 0.0140625 0.025
9 0.8921875 0.3104166666666667 0.01328125 0.02847222222222222
9 0.871875 0.19722222222222222 0.01171875 0.044444444444444446
