8 0.392578125 0.43680555555555556 0.008203125 0.00625
8 0.386328125 0.4576388888888889 0.003515625 0.013194444444444444
8 0.37734375 0.46111111111111114 0.00703125 0.0125
8 0.391015625 0.47638888888888886 0.003515625 0.009722222222222222
9 0.105859375 0.40069444444444446 0.003515625 0.01875
9 0.251171875 0.4409722222222222 0.003515625 0.009027777777777777
9 0.113671875 0.40625 0.003515625 0.02013888888888889
9 0.1 0.4013888888888889 0.00234375 0.016666666666666666
9 0.009375 0.39375 0.00390625 0.024305555555555556
9 0.255078125 0.4409722222222222 0.002734375 0.009027777777777777
9 0.36171875 0.44513888888888886 0.0046875 0.009027777777777777
9 0.416015625 0.49444444444444446 0.003515625 0.008333333333333333
8 0.41953125 0.47847222222222224 0.0046875 0.007638888888888889
9 0.423828125 0.4909722222222222 0.003515625 0.011805555555555555
9 0.369921875 0.4861111111111111 0.003515625 0.008333333333333333
0 0.4 0.5006944444444444 0.00546875 0.00625
0 0.393359375 0.5034722222222222 0.005859375 0.003472222222222222
0 0.39296875 0.5152777777777777 0.00625 0.008333333333333333
0 0.36640625 0.5347222222222222 0.0140625 0.02638888888888889
0 0.33828125 0.5152777777777777 0.01171875 0.008333333333333333
0 0.34609375 0.5513888888888889 0.0203125 0.030555555555555555
0 0.251953125 0.5638888888888889 0.051171875 0.06944444444444445
0 0.208984375 0.5027777777777778 0.033984375 0.025
0 0.16328125 0.6173611111111111 0.0890625 0.09791666666666667
0 0.00390625 0.5368055555555555 0.00390625 0.01597222222222222
2 0.42734375 0.5180555555555556 0.00234375 0.013888888888888888
2 0.419140625 0.5194444444444445 0.003515625 0.0125
2 0.412890625 0.5173611111111112 0.002734375 0.014583333333333334
0 0.43671875 0.5111111111111111 0.00703125 0.0125
2 0.502734375 0.5881944444444445 0.016796875 0.04791666666666667
