9 0.636328125 0.16527777777777777 0.008203125 0.025
9 0.8171875 0.20555555555555555 0.0078125 0.019444444444444445
8 0.720703125 0.17222222222222222 0.031640625 0.015277777777777777
8 0.8140625 0.2548611111111111 0.01640625 0.011805555555555555
0 0.54375 0.36944444444444446 0.009375 0.009722222222222222
0 0.555859375 0.3840277777777778 0.013671875 0.01875
0 0.503515625 0.3770833333333333 0.005859375 0.010416666666666666
0 0.490234375 0.37569444444444444 0.010546875 0.013194444444444444
0 0.464453125 0.3784722222222222 0.012109375 0.011805555555555555
0 0.434765625 0.37916666666666665 0.010546875 0.013888888888888888
0 0.410546875 0.38472222222222224 0.019140625 0.03333333333333333
0 0.387890625 0.38680555555555557 0.016015625 0.03819444444444445
0 0.360546875 0.3923611111111111 0.034765625 0.05486111111111111
0 0.577734375 0.38263888888888886 0.012890625 0.02013888888888889
0 0.612109375 0.38472222222222224 0.016796875 0.02638888888888889
0 0.6390625 0.38819444444444445 0.0109375 0.022916666666666665
0 0.6703125 0.38055555555555554 0.02890625 0.0375
0 0.726171875 0.4326388888888889 0.066015625 0.08125
0 0.52734375 0.3888888888888889 0.02109375 0.030555555555555555
0 0.182421875 0.3145833333333333 0.181640625 0.3145833333333333
9 0.8296875 0.30833333333333335 0.01015625 0.015277777777777777
