9 0.368359375 0.43125 0.002734375 0.01875
9 0.417578125 0.4576388888888889 0.003515625 0.010416666666666666
9 0.160546875 0.4131944444444444 0.003515625 0.02013888888888889
9 0.320703125 0.39166666666666666 0.002734375 0.011111111111111112
9 0.4640625 0.41805555555555557 0.0046875 0.0125
9 0.57734375 0.4395833333333333 0.003125 0.01597222222222222
9 0.626953125 0.44930555555555557 0.004296875 0.013194444444444444
8 0.778125 0.2972222222222222 0.01796875 0.03333333333333333
8 0.803515625 0.4861111111111111 0.009765625 0.013888888888888888
8 0.7609375 0.46319444444444446 0.00703125 0.007638888888888889
9 0.719921875 0.41458333333333336 0.003515625 0.013194444444444444
0 0.22734375 0.5159722222222223 0.00703125 0.009027777777777777
0 0.20859375 0.5097222222222222 0.0125 0.015277777777777777
0 0.171875 0.5111111111111111 0.009375 0.011111111111111112
0 0.14921875 0.5125 0.01484375 0.0125
0 0.017578125 0.5104166666666666 0.017578125 0.02013888888888889
0 0.507421875 0.5159722222222223 0.008984375 0.01597222222222222
0 0.53203125 0.5215277777777778 0.0109375 0.01875
0 0.560546875 0.5236111111111111 0.016015625 0.020833333333333332
0 0.58515625 0.5222222222222223 0.00703125 0.009722222222222222
0 0.596875 0.5201388888888889 0.00625 0.014583333333333334
0 0.6078125 0.525 0.00625 0.0125
0 0.61875 0.5263888888888889 0.00703125 0.013888888888888888
2 0.653515625 0.5215277777777778 0.005859375 0.03125
0 0.73515625 0.5298611111111111 0.02578125 0.027083333333333334
0 0.85625 0.5319444444444444 0.03203125 0.022222222222222223
8 0.44296875 0.4215277777777778 0.01328125 0.009027777777777777
0 0.91953125 0.5895833333333333 0.0796875 0.09513888888888888
0 0.399609375 0.6701388888888888 0.162890625 0.2076388888888889
2 0.814453125 0.5375 0.005078125 0.025
2 0.714453125 0.5145833333333333 0.005078125 0.013194444444444444
2 0.805859375 0.5388888888888889 0.005859375 0.027777777777777776
2 0.70703125 0.5284722222222222 0.003125 0.02013888888888889
2 0.07890625 0.5041666666666667 0.00390625 0.013888888888888888
2 0.058984375 0.5097222222222222 0.005078125 0.018055555555555554
2 0.12109375 0.5097222222222222 0.00390625 0.0125
