9 0.401953125 0.4861111111111111 0.004296875 0.016666666666666666
9 0.466796875 0.5048611111111111 0.003515625 0.014583333333333334
9 0.45859375 0.5090277777777777 0.003125 0.013194444444444444
9 0.340625 0.5777777777777777 0.00546875 0.008333333333333333
8 0.5265625 0.5847222222222223 0.00546875 0.008333333333333333
8 0.5515625 0.5416666666666666 0.00859375 0.008333333333333333
8 0.3125 0.5048611111111111 0.01015625 0.009027777777777777
9 0.303515625 0.5597222222222222 0.006640625 0.011111111111111112
9 0.55859375 0.5736111111111111 0.00625 0.006944444444444444
3 0.698046875 0.6861111111111111 0.035546875 0.04027777777777778
0 0.397265625 0.6208333333333333 0.007421875 0.015277777777777777
0 0.374609375 0.625 0.013671875 0.019444444444444445
0 0.3390625 0.6340277777777777 0.021875 0.03125
0 0.316015625 0.6451388888888889 0.020703125 0.03958333333333333
0 0.272265625 0.6527777777777778 0.041015625 0.059722222222222225
0 0.184765625 0.6763888888888889 0.075390625 0.07361111111111111
0 0.4546875 0.6534722222222222 0.05546875 0.09236111111111112
0 0.537109375 0.6368055555555555 0.009765625 0.021527777777777778
0 0.55546875 0.6555555555555556 0.028125 0.03888888888888889
0 0.608984375 0.6701388888888888 0.051171875 0.05347222222222222
0 0.89375 0.7506944444444444 0.10234375 0.21319444444444444
