0 0.067578125 0.7375 0.067578125 0.15555555555555556
0 0.85625 0.74375 0.14296875 0.2520833333333333
0 0.22109375 0.5388888888888889 0.16328125 0.2
0 0.709765625 0.6173611111111111 0.101171875 0.12291666666666666
0 0.598828125 0.5465277777777777 0.041796875 0.05486111111111111
0 0.5515625 0.5423611111111111 0.0203125 0.03263888888888889
0 0.43203125 0.5298611111111111 0.02890625 0.04236111111111111
0 0.462109375 0.5333333333333333 0.010546875 0.02638888888888889
0 0.471484375 0.5263888888888889 0.010546875 0.015277777777777777
0 0.48125 0.5194444444444445 0.00546875 0.0125
0 0.526953125 0.5277777777777778 0.011328125 0.015277777777777777
0 0.51796875 0.5215277777777778 0.00859375 0.011805555555555555
0 0.428125 0.54375 0.028125 0.03819444444444445
0 0.390234375 0.5784722222222223 0.019140625 0.05347222222222222
