2 0.451953125 0.5270833333333333 0.008984375 0.022916666666666665
2 0.43046875 0.5194444444444445 0.00859375 0.0375
0 0.185546875 0.5430555555555555 0.008984375 0.013888888888888888
0 0.1671875 0.54375 0.009375 0.01597222222222222
0 0.151171875 0.5472222222222223 0.014453125 0.019444444444444445
0 0.128515625 0.5479166666666667 0.013671875 0.01875
0 0.105078125 0.5527777777777778 0.019921875 0.02361111111111111
0 0.035546875 0.58125 0.035546875 0.0798611111111111
0 0.315625 0.5263888888888889 0.0203125 0.015277777777777777
8 0.26953125 0.4875 0.00703125 0.009722222222222222
