9 0.3734375 0.6 0.0046875 0.013888888888888888
8 0.729296875 0.46597222222222223 0.011328125 0.021527777777777778
0 0.364453125 0.6402777777777777 0.007421875 0.015277777777777777
0 0.410546875 0.6465277777777778 0.007421875 0.01875
0 0.425 0.6479166666666667 0.0140625 0.02013888888888889
0 0.44921875 0.6638888888888889 0.02265625 0.03611111111111111
3 0.50546875 0.6979166666666666 0.028125 0.03958333333333333
3 0.599609375 0.7583333333333333 0.051171875 0.06944444444444445
3 0.805078125 0.8625 0.098828125 0.1361111111111111
4 0.3328125 0.6236111111111111 0.02578125 0.044444444444444446
0 0.384375 0.6451388888888889 0.00859375 0.010416666666666666
0 0.293359375 0.6479166666666667 0.032421875 0.04375
0 0.098828125 0.6020833333333333 0.098828125 0.2326388888888889
