0 0.139453125 0.5861111111111111 0.008984375 0.030555555555555555
0 0.263671875 0.5465277777777777 0.026171875 0.04513888888888889
0 0.467578125 0.5527777777777778 0.037109375 0.03888888888888889
0 0.432421875 0.5472222222222223 0.009765625 0.029166666666666667
0 0.421875 0.5520833333333334 0.00859375 0.017361111111111112
0 0.410546875 0.5451388888888888 0.008984375 0.01875
0 0.40546875 0.5381944444444444 0.0171875 0.025694444444444443
0 0.930859375 0.5368055555555555 0.067578125 0.09791666666666667
4 0.377734375 0.5375 0.009765625 0.018055555555555554
0 0.35390625 0.5430555555555555 0.00546875 0.006944444444444444
0 0.3265625 0.5472222222222223 0.00234375 0.008333333333333333
0 0.3171875 0.5465277777777777 0.00390625 0.007638888888888889
9 0.319140625 0.47708333333333336 0.001953125 0.010416666666666666
8 0.56796875 0.3763888888888889 0.0109375 0.019444444444444445
8 0.563671875 0.40625 0.013671875 0.01597222222222222
2 0.2328125 0.5493055555555556 0.00390625 0.014583333333333334
