8 0.700390625 0.44166666666666665 0.010546875 0.018055555555555554
0 0.23125 0.6111111111111112 0.159375 0.13055555555555556
0 0.41015625 0.5625 0.05703125 0.07777777777777778
0 0.526171875 0.5131944444444444 0.025390625 0.035416666666666666
0 0.887890625 0.5965277777777778 0.111328125 0.10625
0 0.551953125 0.5131944444444444 0.007421875 0.01875
0 0.562109375 0.5069444444444444 0.005859375 0.019444444444444445
0 0.56953125 0.5027777777777778 0.00546875 0.015277777777777777
0 0.579296875 0.49930555555555556 0.008203125 0.011805555555555555
0 0.592578125 0.5034722222222222 0.004296875 0.009027777777777777
0 0.753515625 0.53125 0.055859375 0.06875
0 0.691015625 0.5173611111111112 0.023046875 0.04513888888888889
0 0.665234375 0.5173611111111112 0.010546875 0.029861111111111113
0 0.65234375 0.5159722222222223 0.00625 0.017361111111111112
0 0.65 0.5048611111111111 0.01171875 0.017361111111111112
0 0.637890625 0.5145833333333333 0.004296875 0.010416666666666666
0 0.634375 0.5048611111111111 0.0078125 0.013194444444444444
0 0.626171875 0.5027777777777778 0.005859375 0.008333333333333333
0 0.61875 0.49930555555555556 0.00390625 0.007638888888888889
