0 0.62421875 0.4284722222222222 0.0171875 0.01875
0 0.683203125 0.4236111111111111 0.032421875 0.034722222222222224
0 0.69140625 0.4263888888888889 0.02734375 0.03194444444444444
0 0.407421875 0.4326388888888889 0.012890625 0.02013888888888889
0 0.325 0.42916666666666664 0.0109375 0.015277777777777777
0 0.305859375 0.4284722222222222 0.014453125 0.024305555555555556
0 0.21796875 0.4354166666666667 0.01796875 0.022916666666666665
0 0.176171875 0.41041666666666665 0.029296875 0.01875
0 0.116796875 0.44027777777777777 0.037109375 0.027777777777777776
0 0.171875 0.4409722222222222 0.03203125 0.021527777777777778
0 0.3421875 0.4284722222222222 0.009375 0.01597222222222222
0 0.3734375 0.4361111111111111 0.02734375 0.0375
0 0.42734375 0.4465277777777778 0.02578125 0.03680555555555556
8 0.44375 0.3625 0.00859375 0.034722222222222224
8 0.33359375 0.36736111111111114 0.009375 0.014583333333333334
8 0.264453125 0.38125 0.031640625 0.02847222222222222
8 0.72734375 0.2743055555555556 0.01015625 0.013194444444444444
0 0.263671875 0.4465277777777778 0.039453125 0.04236111111111111
1 0.52890625 0.3659722222222222 0.08671875 0.18819444444444444
9 0.70546875 0.26666666666666666 0.00546875 0.018055555555555554
9 0.393359375 0.34444444444444444 0.004296875 0.013888888888888888
0 0.051171875 0.43125 0.051171875 0.2048611111111111
