0 0.3671875 0.4076388888888889 0.025 0.03680555555555556
0 0.4625 0.44375 0.0109375 0.014583333333333334
0 0.417578125 0.4340277777777778 0.033984375 0.050694444444444445
0 0.4953125 0.42986111111111114 0.02890625 0.03819444444444445
0 0.7703125 0.5416666666666666 0.178125 0.19583333333333333
0 0.172265625 0.4027777777777778 0.013671875 0.02361111111111111
0 0.203125 0.39861111111111114 0.01171875 0.020833333333333332
0 0.22421875 0.3993055555555556 0.01171875 0.013194444444444444
9 0.30234375 0.36041666666666666 0.00234375 0.007638888888888889
9 0.36015625 0.3416666666666667 0.0046875 0.008333333333333333
9 0.45703125 0.3263888888888889 0.00546875 0.009722222222222222
8 0.495703125 0.3277777777777778 0.016015625 0.008333333333333333
8 0.358984375 0.36041666666666666 0.005859375 0.009027777777777777
