8 0.26640625 0.06736111111111111 0.06484375 0.06458333333333334
8 0.505078125 0.07083333333333333 0.067578125 0.06944444444444445
8 0.601171875 0.23402777777777778 0.021484375 0.052083333333333336
8 0.2828125 0.4375 0.009375 0.006944444444444444
0 0.058203125 0.5006944444444444 0.058203125 0.05763888888888889
0 0.26875 0.4861111111111111 0.03203125 0.04027777777777778
0 0.195703125 0.4756944444444444 0.017578125 0.025694444444444443
0 0.369921875 0.4798611111111111 0.015234375 0.024305555555555556
0 0.673046875 0.47638888888888886 0.037890625 0.034722222222222224
0 0.330859375 0.47152777777777777 0.011328125 0.013194444444444444
0 0.415625 0.4736111111111111 0.00703125 0.011111111111111112
0 0.4359375 0.4736111111111111 0.009375 0.011111111111111112
0 0.562890625 0.47152777777777777 0.019921875 0.025694444444444443
0 0.522265625 0.475 0.008203125 0.0125
0 0.3484375 0.47152777777777777 0.0046875 0.011805555555555555
0 0.303515625 0.4708333333333333 0.008203125 0.0125
0 0.132421875 0.4701388888888889 0.023046875 0.021527777777777778
0 0.16328125 0.4722222222222222 0.00703125 0.013888888888888888
0 0.481640625 0.4708333333333333 0.007421875 0.006944444444444444
0 0.60859375 0.48055555555555557 0.0171875 0.020833333333333332
0 0.773046875 0.4986111111111111 0.038671875 0.029166666666666667
0 0.914453125 0.49375 0.084765625 0.07708333333333334
