8 0.290625 0.31875 0.01171875 0.011805555555555555
8 0.4609375 0.3590277777777778 0.0203125 0.03819444444444445
8 0.30078125 0.3597222222222222 0.021875 0.03888888888888889
8 0.619921875 0.3736111111111111 0.018359375 0.029166666666666667
8 0.896875 0.38680555555555557 0.01875 0.03263888888888889
8 0.526953125 0.4222222222222222 0.007421875 0.0125
8 0.3515625 0.41388888888888886 0.01015625 0.011111111111111112
8 0.32265625 0.41458333333333336 0.009375 0.010416666666666666
8 0.307421875 0.41458333333333336 0.008984375 0.010416666666666666
8 0.28203125 0.41458333333333336 0.01015625 0.007638888888888889
8 0.264453125 0.41597222222222224 0.005859375 0.009027777777777777
8 0.24140625 0.4076388888888889 0.01328125 0.02013888888888889
8 0.480078125 0.41944444444444445 0.006640625 0.016666666666666666
8 0.704296875 0.4444444444444444 0.004296875 0.011111111111111112
0 0.579296875 0.41944444444444445 0.007421875 0.011111111111111112
0 0.45234375 0.42916666666666664 0.009375 0.011111111111111112
0 0.439453125 0.44305555555555554 0.009765625 0.0125
0 0.317578125 0.45208333333333334 0.010546875 0.013194444444444444
9 0.65859375 0.4270833333333333 0.0046875 0.009027777777777777
9 0.726953125 0.42916666666666664 0.005859375 0.006944444444444444
9 0.900390625 0.33611111111111114 0.005859375 0.011111111111111112
9 0.7421875 0.4270833333333333 0.00625 0.009027777777777777
8 0.962890625 0.3458333333333333 0.013671875 0.018055555555555554
8 0.56796875 0.3909722222222222 0.015625 0.013194444444444444
8 0.54765625 0.3888888888888889 0.00703125 0.019444444444444445
8 0.36015625 0.36041666666666666 0.0328125 0.03958333333333333
0 0.27890625 0.44930555555555557 0.01796875 0.01597222222222222
0 0.238671875 0.4479166666666667 0.012890625 0.014583333333333334
0 0.343359375 0.4423611111111111 0.016015625 0.014583333333333334
0 0.028515625 0.41875 0.012109375 0.011805555555555555
0 0.123828125 0.43194444444444446 0.023828125 0.013888888888888888
0 0.187109375 0.43819444444444444 0.023828125 0.01597222222222222
0 0.06015625 0.4284722222222222 0.0171875 0.017361111111111112
