0 0.123828125 0.6222222222222222 0.123046875 0.15555555555555556
0 0.9078125 0.6902777777777778 0.0890625 0.22361111111111112
0 0.25703125 0.5354166666666667 0.0625 0.10347222222222222
0 0.334765625 0.49375 0.042578125 0.07013888888888889
0 0.393359375 0.4798611111111111 0.019921875 0.03958333333333333
0 0.419921875 0.4861111111111111 0.008203125 0.019444444444444445
0 0.431640625 0.46875 0.012890625 0.027083333333333334
0 0.455078125 0.46111111111111114 0.010546875 0.019444444444444445
0 0.587109375 0.49027777777777776 0.038671875 0.059722222222222225
0 0.54921875 0.4826388888888889 0.015625 0.035416666666666666
0 0.528515625 0.4847222222222222 0.012109375 0.022222222222222223
0 0.512109375 0.4777777777777778 0.007421875 0.015277777777777777
0 0.505078125 0.4701388888888889 0.009765625 0.02013888888888889
0 0.482421875 0.4666666666666667 0.017578125 0.02361111111111111
0 0.676953125 0.5423611111111111 0.076953125 0.09930555555555555
