0 0.283984375 0.45208333333333334 0.009765625 0.025694444444444443
0 0.258984375 0.45069444444444445 0.016015625 0.027083333333333334
0 0.22734375 0.4548611111111111 0.0171875 0.027083333333333334
0 0.194921875 0.475 0.023828125 0.030555555555555555
0 0.147265625 0.47638888888888886 0.029296875 0.03194444444444444
0 0.080859375 0.49027777777777776 0.054296875 0.04583333333333333
0 0.5265625 0.4305555555555556 0.01015625 0.022222222222222223
0 0.5421875 0.44305555555555554 0.00859375 0.02638888888888889
0 0.55859375 0.4479166666666667 0.01171875 0.029861111111111113
0 0.5875 0.4486111111111111 0.02421875 0.03611111111111111
0 0.6421875 0.45625 0.04453125 0.052083333333333336
0 0.747265625 0.4909722222222222 0.088671875 0.08958333333333333
1 0.412890625 0.41597222222222224 0.033203125 0.06736111111111111
0 0.022265625 0.5465277777777777 0.022265625 0.07708333333333334
0 0.487109375 0.48541666666666666 0.044140625 0.06319444444444444
9 0.503515625 0.3854166666666667 0.004296875 0.010416666666666666
9 0.35546875 0.36944444444444446 0.00625 0.018055555555555554
0 0.303125 0.44027777777777777 0.01640625 0.011111111111111112
0 0.451953125 0.43333333333333335 0.008984375 0.015277777777777777
9 0.455078125 0.41041666666666665 0.003515625 0.009027777777777777
8 0.941015625 0.15833333333333333 0.015234375 0.029166666666666667
8 0.629296875 0.3416666666666667 0.004296875 0.018055555555555554
8 0.925390625 0.20416666666666666 0.014453125 0.016666666666666666
8 0.9609375 0.21319444444444444 0.01875 0.034027777777777775
