9 0.623828125 0.2326388888888889 0.011328125 0.04375
9 0.49765625 0.46875 0.00390625 0.014583333333333334
9 0.802734375 0.32569444444444445 0.010546875 0.03125
9 0.798046875 0.5555555555555556 0.005078125 0.009722222222222222
9 0.344140625 0.46597222222222223 0.006640625 0.022916666666666665
9 0.125390625 0.5972222222222222 0.006640625 0.011111111111111112
8 0.066015625 0.4486111111111111 0.010546875 0.006944444444444444
8 0.060546875 0.47638888888888886 0.016796875 0.008333333333333333
8 0.044140625 0.5930555555555556 0.004296875 0.013888888888888888
9 0.057421875 0.5548611111111111 0.011328125 0.017361111111111112
8 0.105078125 0.5888888888888889 0.005859375 0.013888888888888888
8 0.80546875 0.5159722222222223 0.0078125 0.02013888888888889
0 0.703125 0.6145833333333334 0.05234375 0.04791666666666667
0 0.24921875 0.6506944444444445 0.0078125 0.017361111111111112
0 0.1875 0.6388888888888888 0.04140625 0.02638888888888889
2 0.05625 0.63125 0.0078125 0.03263888888888889
2 0.03828125 0.6375 0.00625 0.02361111111111111
2 0.00859375 0.6569444444444444 0.00859375 0.05416666666666667
0 0.33828125 0.6444444444444445 0.08203125 0.059722222222222225
1 0.487890625 0.575 0.189453125 0.10138888888888889
