9 0.3015625 0.4861111111111111 0.0046875 0.016666666666666666
9 0.36875 0.48819444444444443 0.00390625 0.014583333333333334
9 0.295703125 0.4861111111111111 0.003515625 0.016666666666666666
9 0.362890625 0.48819444444444443 0.003515625 0.014583333333333334
9 0.186328125 0.5493055555555556 0.007421875 0.009027777777777777
9 0.198046875 0.5479166666666667 0.006640625 0.010416666666666666
8 0.212890625 0.5263888888888889 0.012109375 0.013888888888888888
8 0.239453125 0.5326388888888889 0.006640625 0.007638888888888889
8 0.234375 0.5513888888888889 0.00703125 0.002777777777777778
8 0.435546875 0.5104166666666666 0.008984375 0.007638888888888889
8 0.428515625 0.48125 0.009765625 0.007638888888888889
9 0.23203125 0.5777777777777777 0.00703125 0.011111111111111112
8 0.49453125 0.5013888888888889 0.00859375 0.016666666666666666
0 0.320703125 0.6430555555555556 0.012109375 0.013888888888888888
0 0.293359375 0.6423611111111112 0.008984375 0.01597222222222222
0 0.269921875 0.6354166666666666 0.017578125 0.029861111111111113
0 0.34140625 0.6402777777777777 0.0078125 0.013888888888888888
0 0.35234375 0.6423611111111112 0.00546875 0.010416666666666666
0 0.235546875 0.6534722222222222 0.019140625 0.052083333333333336
0 0.194921875 0.6493055555555556 0.034765625 0.08680555555555555
0 0.112109375 0.6569444444444444 0.079296875 0.12361111111111112
0 0.054296875 0.6756944444444445 0.054296875 0.17708333333333334
4 0.391796875 0.6145833333333334 0.040234375 0.07013888888888889
0 0.447265625 0.675 0.042578125 0.08055555555555556
0 0.53515625 0.6888888888888889 0.0953125 0.15138888888888888
0 0.76796875 0.7083333333333334 0.23046875 0.2875
