9 0.78359375 0.44513888888888886 0.009375 0.017361111111111112
9 0.7609375 0.45 0.00703125 0.018055555555555554
9 0.2328125 0.45694444444444443 0.00859375 0.016666666666666666
9 0.5828125 0.36736111111111114 0.00546875 0.017361111111111112
9 0.436328125 0.3402777777777778 0.006640625 0.019444444444444445
9 0.446875 0.3368055555555556 0.00625 0.021527777777777778
9 0.592578125 0.36875 0.004296875 0.01875
9 0.6859375 0.49027777777777776 0.00859375 0.0125
8 0.244140625 0.3763888888888889 0.008203125 0.011111111111111112
8 0.255078125 0.40069444444444446 0.015234375 0.010416666666666666
8 0.234765625 0.375 0.010546875 0.009722222222222222
8 0.374609375 0.4736111111111111 0.010546875 0.006944444444444444
9 0.363671875 0.5055555555555555 0.008984375 0.011111111111111112
8 0.61640625 0.5236111111111111 0.0046875 0.008333333333333333
8 0.86171875 0.36666666666666664 0.01171875 0.016666666666666666
0 0.18125 0.5694444444444444 0.028125 0.0375
0 0.44609375 0.5513888888888889 0.0046875 0.006944444444444444
0 0.458984375 0.5701388888888889 0.017578125 0.03680555555555556
0 0.420703125 0.575 0.022265625 0.03194444444444444
0 0.61796875 0.5715277777777777 0.01640625 0.027083333333333334
0 0.684765625 0.5756944444444444 0.051953125 0.0798611111111111
0 0.539453125 0.5722222222222222 0.069140625 0.11527777777777778
0 0.241015625 0.5916666666666667 0.072265625 0.08194444444444444
0 0.081640625 0.6215277777777778 0.081640625 0.13958333333333334
0 0.87734375 0.5951388888888889 0.121875 0.17291666666666666
0 0.963671875 0.7270833333333333 0.034765625 0.15347222222222223
8 0.6734375 0.4618055555555556 0.0109375 0.007638888888888889
