0 0.376953125 0.36875 0.012109375 0.02013888888888889
0 0.34609375 0.3736111111111111 0.0203125 0.03333333333333333
0 0.321484375 0.3923611111111111 0.025390625 0.05763888888888889
0 0.2640625 0.40069444444444446 0.06015625 0.08680555555555555
0 0.421875 0.3770833333333333 0.0078125 0.011805555555555555
0 0.4328125 0.3763888888888889 0.00859375 0.015277777777777777
0 0.44765625 0.375 0.00859375 0.013888888888888888
0 0.459765625 0.3770833333333333 0.008984375 0.021527777777777778
0 0.469921875 0.3784722222222222 0.011328125 0.02013888888888889
0 0.498046875 0.36736111111111114 0.026171875 0.04236111111111111
0 0.515234375 0.3861111111111111 0.022265625 0.0375
0 0.546875 0.3972222222222222 0.02890625 0.043055555555555555
0 0.5625 0.40902777777777777 0.025 0.04791666666666667
0 0.626953125 0.41944444444444445 0.065234375 0.075
0 0.1234375 0.4340277777777778 0.1234375 0.1798611111111111
0 0.885546875 0.55625 0.113671875 0.18819444444444444
8 0.228515625 0.2513888888888889 0.009765625 0.043055555555555555
