9 0.366015625 0.22083333333333333 0.011328125 0.02638888888888889
9 0.76640625 0.021527777777777778 0.0140625 0.021527777777777778
9 0.5359375 0.3347222222222222 0.0046875 0.008333333333333333
8 0.830078125 0.035416666666666666 0.039453125 0.01597222222222222
8 0.162109375 0.23333333333333334 0.023828125 0.015277777777777777
0 0.89375 0.3951388888888889 0.03046875 0.025694444444444443
8 0.95859375 0.45208333333333334 0.0046875 0.014583333333333334
0 0.77734375 0.41041666666666665 0.03359375 0.035416666666666666
0 0.741015625 0.40347222222222223 0.016796875 0.025694444444444443
0 0.711328125 0.3972222222222222 0.016796875 0.03194444444444444
0 0.463671875 0.42083333333333334 0.030859375 0.04583333333333333
0 0.491796875 0.3958333333333333 0.026953125 0.034722222222222224
0 0.5171875 0.3819444444444444 0.01484375 0.02361111111111111
0 0.5375 0.36875 0.00546875 0.01597222222222222
0 0.566015625 0.3597222222222222 0.008984375 0.009722222222222222
0 0.61640625 0.3701388888888889 0.0078125 0.009027777777777777
0 0.632421875 0.3770833333333333 0.012109375 0.011805555555555555
9 0.618359375 0.34375 0.004296875 0.009027777777777777
8 0.645703125 0.3125 0.008203125 0.005555555555555556
8 0.439453125 0.28402777777777777 0.004296875 0.013194444444444444
