9 0.471484375 0.33958333333333335 0.006640625 0.013194444444444444
9 0.434765625 0.375 0.004296875 0.011111111111111112
9 0.4390625 0.3909722222222222 0.00546875 0.007638888888888889
9 0.4015625 0.3763888888888889 0.0046875 0.009722222222222222
9 0.3625 0.35347222222222224 0.00546875 0.013194444444444444
8 0.548046875 0.3541666666666667 0.013671875 0.009722222222222222
8 0.68984375 0.2590277777777778 0.01640625 0.029861111111111113
8 0.298046875 0.35555555555555557 0.008203125 0.008333333333333333
0 0.429296875 0.41180555555555554 0.006640625 0.009027777777777777
0 0.446875 0.40555555555555556 0.00625 0.006944444444444444
0 0.45234375 0.4097222222222222 0.0078125 0.009722222222222222
0 0.474609375 0.41458333333333336 0.008203125 0.014583333333333334
0 0.482421875 0.4201388888888889 0.008984375 0.014583333333333334
0 0.49296875 0.42083333333333334 0.0109375 0.018055555555555554
0 0.50625 0.4222222222222222 0.009375 0.016666666666666666
0 0.5609375 0.42986111111111114 0.01328125 0.027083333333333334
0 0.611328125 0.43194444444444446 0.044921875 0.041666666666666664
0 0.61875 0.4513888888888889 0.03203125 0.029166666666666667
0 0.646875 0.4534722222222222 0.0421875 0.04375
0 0.7578125 0.45416666666666666 0.10234375 0.08055555555555556
0 0.794140625 0.4722222222222222 0.085546875 0.0763888888888889
0 0.847265625 0.48194444444444445 0.093359375 0.08194444444444444
0 0.92734375 0.48194444444444445 0.07109375 0.09305555555555556
0 0.38984375 0.4166666666666667 0.00546875 0.011111111111111112
0 0.40078125 0.41597222222222224 0.00546875 0.007638888888888889
0 0.411328125 0.41944444444444445 0.007421875 0.011111111111111112
0 0.3765625 0.41944444444444445 0.0125 0.015277777777777777
0 0.362890625 0.42430555555555555 0.019140625 0.01875
0 0.3203125 0.4340277777777778 0.01640625 0.01597222222222222
0 0.30546875 0.44027777777777777 0.021875 0.016666666666666666
0 0.29453125 0.4388888888888889 0.02578125 0.015277777777777777
0 0.2796875 0.44166666666666665 0.021875 0.020833333333333332
0 0.25546875 0.4395833333333333 0.0390625 0.024305555555555556
0 0.23515625 0.44375 0.04140625 0.02847222222222222
0 0.202734375 0.4583333333333333 0.051171875 0.030555555555555555
0 0.120703125 0.46041666666666664 0.078515625 0.04236111111111111
0 0.092578125 0.4777777777777778 0.072265625 0.044444444444444446
0 0.065234375 0.49236111111111114 0.065234375 0.06180555555555556
0 0.02578125 0.5055555555555555 0.02578125 0.058333333333333334
0 0.5328125 0.45625 0.03671875 0.04513888888888889
9 0.1703125 0.3736111111111111 0.00546875 0.008333333333333333
9 0.343359375 0.37222222222222223 0.005078125 0.009722222222222222
