8 0.175390625 0.29375 0.041015625 0.04375
8 0.18046875 0.3659722222222222 0.028125 0.022916666666666665
8 0.17890625 0.4263888888888889 0.040625 0.03611111111111111
8 0.39375 0.4263888888888889 0.021875 0.008333333333333333
8 0.65078125 0.46944444444444444 0.02109375 0.009722222222222222
8 0.341015625 0.49027777777777776 0.011328125 0.018055555555555554
8 0.3328125 0.4513888888888889 0.0078125 0.005555555555555556
9 0.09609375 0.4305555555555556 0.01484375 0.029166666666666667
8 0.140625 0.3701388888888889 0.00546875 0.013194444444444444
9 0.1265625 0.425 0.009375 0.03194444444444444
9 0.466796875 0.4048611111111111 0.003515625 0.02013888888888889
9 0.858984375 0.4875 0.004296875 0.018055555555555554
9 0.870703125 0.5166666666666667 0.004296875 0.009722222222222222
9 0.4578125 0.4076388888888889 0.00390625 0.02013888888888889
9 0.47578125 0.4083333333333333 0.003125 0.022222222222222223
9 0.991015625 0.3104166666666667 0.006640625 0.025694444444444443
9 0.325390625 0.5215277777777778 0.005859375 0.013194444444444444
8 0.387890625 0.5055555555555555 0.004296875 0.005555555555555556
9 0.546484375 0.49583333333333335 0.002734375 0.008333333333333333
9 0.559765625 0.5055555555555555 0.003515625 0.006944444444444444
9 0.856640625 0.51875 0.005078125 0.010416666666666666
0 0.106640625 0.6284722222222222 0.096484375 0.07430555555555556
0 0.552734375 0.6458333333333334 0.091015625 0.09861111111111111
0 0.387109375 0.5930555555555556 0.022265625 0.03194444444444444
0 0.773828125 0.5923611111111111 0.105859375 0.1284722222222222
0 0.934375 0.5916666666666667 0.0640625 0.0763888888888889
0 0.67109375 0.6048611111111111 0.01640625 0.04375
0 0.65078125 0.5784722222222223 0.0171875 0.021527777777777778
0 0.440234375 0.5444444444444444 0.005859375 0.009722222222222222
0 0.453515625 0.5361111111111111 0.004296875 0.006944444444444444
0 0.43125 0.5340277777777778 0.00390625 0.00625
8 0.528515625 0.5222222222222223 0.003515625 0.006944444444444444
0 0.63046875 0.5638888888888889 0.01484375 0.020833333333333332
0 0.419921875 0.5326388888888889 0.004296875 0.009027777777777777
