8 0.66640625 0.10694444444444444 0.0265625 0.034722222222222224
8 0.687109375 0.18819444444444444 0.007421875 0.017361111111111112
8 0.541796875 0.10486111111111111 0.048828125 0.04652777777777778
8 0.39140625 0.18680555555555556 0.00390625 0.007638888888888889
0 0.030078125 0.15 0.019140625 0.008333333333333333
0 0.1265625 0.16944444444444445 0.0078125 0.006944444444444444
0 0.24140625 0.19722222222222222 0.01171875 0.006944444444444444
0 0.187890625 0.18541666666666667 0.005078125 0.00625
0 0.416015625 0.21666666666666667 0.006640625 0.005555555555555556
0 0.43203125 0.22013888888888888 0.00546875 0.00625
0 0.4390625 0.22916666666666666 0.00390625 0.009722222222222222
0 0.4453125 0.23333333333333334 0.00234375 0.008333333333333333
0 0.455078125 0.2361111111111111 0.004296875 0.011111111111111112
0 0.46640625 0.2388888888888889 0.003125 0.011111111111111112
0 0.477734375 0.2388888888888889 0.004296875 0.013888888888888888
4 0.496875 0.22708333333333333 0.01484375 0.02013888888888889
0 0.520703125 0.24166666666666667 0.008203125 0.006944444444444444
0 0.54375 0.2375 0.0125 0.009722222222222222
8 0.446875 0.29583333333333334 0.00703125 0.015277777777777777
8 0.3875 0.24305555555555555 0.00859375 0.009722222222222222
8 0.359375 0.24097222222222223 0.00859375 0.011805555555555555
0 0.220703125 0.27569444444444446 0.006640625 0.011805555555555555
0 0.127734375 0.30833333333333335 0.014453125 0.013888888888888888
0 0.1765625 0.30833333333333335 0.01015625 0.006944444444444444
0 0.221875 0.31527777777777777 0.0125 0.013888888888888888
8 0.398828125 0.275 0.004296875 0.008333333333333333
0 0.410546875 0.30277777777777776 0.005078125 0.008333333333333333
0 0.389453125 0.2881944444444444 0.005859375 0.007638888888888889
0 0.367578125 0.2861111111111111 0.003515625 0.008333333333333333
0 0.376171875 0.3 0.004296875 0.008333333333333333
0 0.32109375 0.275 0.00390625 0.005555555555555556
0 0.31328125 0.2791666666666667 0.00390625 0.005555555555555556
0 0.316796875 0.2923611111111111 0.005859375 0.009027777777777777
0 0.280859375 0.3194444444444444 0.012890625 0.016666666666666666
0 0.3765625 0.32569444444444445 0.0140625 0.021527777777777778
0 0.410546875 0.3263888888888889 0.011328125 0.016666666666666666
4 0.32890625 0.3472222222222222 0.03515625 0.04861111111111111
4 0.37578125 0.27847222222222223 0.00546875 0.010416666666666666
0 0.338671875 0.27291666666666664 0.001953125 0.009027777777777777
0 0.34765625 0.2763888888888889 0.00390625 0.006944444444444444
