0 0.5890625 0.6055555555555555 0.0046875 0.011111111111111112
0 0.58203125 0.6090277777777777 0.00546875 0.013194444444444444
0 0.576171875 0.6159722222222223 0.005859375 0.01597222222222222
0 0.568359375 0.6229166666666667 0.007421875 0.022916666666666665
4 0.540234375 0.6236111111111111 0.025390625 0.04027777777777778
0 0.4953125 0.6666666666666666 0.0328125 0.07916666666666666
0 0.40703125 0.6951388888888889 0.0921875 0.1423611111111111
0 0.19296875 0.8 0.19296875 0.19722222222222222
0 0.61953125 0.6020833333333333 0.00625 0.010416666666666666
0 0.628125 0.6097222222222223 0.0078125 0.0125
0 0.641796875 0.6173611111111111 0.012109375 0.017361111111111112
0 0.658203125 0.625 0.012109375 0.020833333333333332
0 0.683984375 0.6375 0.017578125 0.025
0 0.71171875 0.6493055555555556 0.02578125 0.034027777777777775
0 0.790234375 0.6798611111111111 0.055859375 0.08125
0 0.871484375 0.7347222222222223 0.094140625 0.09305555555555556
0 0.9390625 0.8298611111111112 0.059375 0.13541666666666666
