8 0.564453125 0.5645833333333333 0.007421875 0.011805555555555555
8 0.6421875 0.5791666666666667 0.0046875 0.004166666666666667
8 0.655859375 0.5798611111111112 0.004296875 0.00625
0 0.58828125 0.6097222222222223 0.0078125 0.018055555555555554
0 0.575390625 0.6145833333333334 0.009765625 0.022916666666666665
0 0.614453125 0.6138888888888889 0.019921875 0.03194444444444444
0 0.692578125 0.6166666666666667 0.020703125 0.034722222222222224
0 0.648046875 0.5972222222222222 0.018359375 0.013888888888888888
0 0.35 0.5763888888888888 0.01484375 0.008333333333333333
0 0.1953125 0.5666666666666667 0.053125 0.018055555555555554
0 0.662109375 0.6361111111111111 0.032421875 0.04027777777777778
0 0.548828125 0.6201388888888889 0.023046875 0.027083333333333334
0 0.854296875 0.6388888888888888 0.060546875 0.05555555555555555
