9 0.549609375 0.53125 0.005859375 0.011805555555555555
9 0.637109375 0.5138888888888888 0.006640625 0.011111111111111112
9 0.510546875 0.5840277777777778 0.004296875 0.007638888888888889
9 0.63984375 0.5729166666666666 0.00390625 0.00625
0 0.563671875 0.6083333333333333 0.005859375 0.009722222222222222
0 0.553515625 0.6159722222222223 0.005859375 0.01875
0 0.544140625 0.6166666666666667 0.008984375 0.022222222222222223
0 0.524609375 0.6201388888888889 0.018359375 0.029861111111111113
0 0.512890625 0.6291666666666667 0.012890625 0.027777777777777776
0 0.48203125 0.63125 0.02890625 0.03680555555555556
0 0.42890625 0.6583333333333333 0.03046875 0.04722222222222222
0 0.381640625 0.6743055555555556 0.044140625 0.06041666666666667
0 0.63984375 0.6118055555555556 0.01328125 0.03125
0 0.649609375 0.6333333333333333 0.013671875 0.0625
0 0.6625 0.6291666666666667 0.01953125 0.07916666666666666
0 0.587109375 0.5993055555555555 0.016015625 0.01875
0 0.5921875 0.6201388888888889 0.0171875 0.01597222222222222
0 0.286328125 0.7027777777777777 0.081640625 0.08472222222222223
0 0.822265625 0.7395833333333334 0.176171875 0.23541666666666666
8 0.961328125 0.20347222222222222 0.017578125 0.0798611111111111
8 0.98515625 0.5395833333333333 0.00859375 0.03125
8 0.986328125 0.6076388888888888 0.008984375 0.034027777777777775
8 0.753515625 0.4375 0.007421875 0.0125
8 0.75703125 0.4548611111111111 0.0078125 0.010416666666666666
