0 0.230859375 0.6326388888888889 0.154296875 0.10902777777777778
0 0.3625 0.6263888888888889 0.07109375 0.06944444444444445
0 0.3875 0.6013888888888889 0.07265625 0.06111111111111111
0 0.249609375 0.5430555555555555 0.025390625 0.011111111111111112
0 0.475390625 0.5979166666666667 0.022265625 0.03125
0 0.5140625 0.5986111111111111 0.02578125 0.020833333333333332
0 0.54921875 0.5965277777777778 0.00703125 0.011805555555555555
0 0.755859375 0.5729166666666666 0.022265625 0.010416666666666666
0 0.8828125 0.5701388888888889 0.01171875 0.010416666666666666
0 0.94921875 0.56875 0.009375 0.00625
0 0.640234375 0.5923611111111111 0.008203125 0.010416666666666666
0 0.68515625 0.5854166666666667 0.0046875 0.004861111111111111
0 0.67265625 0.5861111111111111 0.00390625 0.008333333333333333
9 0.652734375 0.5527777777777778 0.002734375 0.009722222222222222
9 0.68515625 0.5527777777777778 0.0046875 0.011111111111111112
8 0.696484375 0.5076388888888889 0.015234375 0.01875
8 0.71484375 0.5152777777777777 0.00546875 0.015277777777777777
0 0.561328125 0.59375 0.005078125 0.009027777777777777
0 0.653515625 0.5881944444444445 0.005078125 0.007638888888888889
