9 0.563671875 0.5201388888888889 0.004296875 0.01875
9 0.726171875 0.4673611111111111 0.006640625 0.02013888888888889
9 0.848828125 0.5534722222222223 0.008203125 0.011805555555555555
9 0.435546875 0.5527777777777778 0.007421875 0.013888888888888888
8 0.42109375 0.5243055555555556 0.00703125 0.011805555555555555
8 0.413671875 0.4951388888888889 0.010546875 0.010416666666666666
8 0.498046875 0.5631944444444444 0.008203125 0.010416666666666666
8 0.7484375 0.5694444444444444 0.0078125 0.009722222222222222
8 0.75546875 0.5555555555555556 0.0078125 0.006944444444444444
0 0.493359375 0.6527777777777778 0.040234375 0.0763888888888889
0 0.465234375 0.66875 0.035546875 0.07430555555555556
0 0.37109375 0.6902777777777778 0.0875 0.125
0 0.712890625 0.6388888888888888 0.030078125 0.059722222222222225
0 0.7296875 0.65 0.02578125 0.05555555555555555
0 0.764453125 0.6666666666666666 0.035546875 0.06944444444444445
0 0.862890625 0.6888888888888889 0.090234375 0.11666666666666667
0 0.576953125 0.6243055555555556 0.013671875 0.017361111111111112
0 0.66171875 0.6263888888888889 0.01171875 0.015277777777777777
0 0.171875 0.7965277777777777 0.171875 0.20208333333333334
0 0.93984375 0.7590277777777777 0.059375 0.17291666666666666
