0 0.378125 0.475 0.00703125 0.006944444444444444
0 0.36640625 0.4756944444444444 0.00625 0.007638888888888889
0 0.351953125 0.4791666666666667 0.005078125 0.006944444444444444
4 0.341015625 0.4798611111111111 0.008203125 0.01597222222222222
0 0.328515625 0.48819444444444443 0.004296875 0.011805555555555555
0 0.321875 0.4965277777777778 0.00625 0.010416666666666666
0 0.31171875 0.5027777777777778 0.00625 0.0125
0 0.299609375 0.51875 0.011328125 0.01597222222222222
0 0.270703125 0.5201388888888889 0.008984375 0.01597222222222222
0 0.26171875 0.5270833333333333 0.0109375 0.01875
0 0.245703125 0.5333333333333333 0.012890625 0.022222222222222223
0 0.028515625 0.5625 0.028515625 0.06805555555555555
4 0.13984375 0.5006944444444444 0.09296875 0.12569444444444444
0 0.4 0.4736111111111111 0.01328125 0.005555555555555556
0 0.415234375 0.4798611111111111 0.008984375 0.007638888888888889
0 0.42421875 0.49375 0.01796875 0.014583333333333334
0 0.439453125 0.5090277777777777 0.008203125 0.022916666666666665
4 0.4875 0.5 0.04296875 0.05138888888888889
0 0.384765625 0.5263888888888889 0.029296875 0.03611111111111111
0 0.521484375 0.5006944444444444 0.047265625 0.03819444444444445
0 0.516015625 0.5277777777777778 0.037109375 0.04583333333333333
0 0.548828125 0.53125 0.023828125 0.04791666666666667
0 0.5921875 0.5319444444444444 0.03359375 0.06388888888888888
0 0.707421875 0.5409722222222222 0.102734375 0.10208333333333333
0 0.862109375 0.5826388888888889 0.137109375 0.1423611111111111
0 0.989453125 0.6659722222222222 0.009765625 0.11180555555555556
