9 0.544140625 0.16875 0.005078125 0.025694444444444443
9 0.201953125 0.12708333333333333 0.008203125 0.04236111111111111
9 0.22734375 0.1326388888888889 0.0109375 0.04652777777777778
9 0.558203125 0.18263888888888888 0.005078125 0.02847222222222222
9 0.069921875 0.4048611111111111 0.005859375 0.02013888888888889
9 0.0953125 0.4083333333333333 0.00703125 0.015277777777777777
8 0.0953125 0.35555555555555557 0.00859375 0.011111111111111112
8 0.08515625 0.33125 0.01953125 0.009027777777777777
8 0.684765625 0.36319444444444443 0.009765625 0.024305555555555556
8 0.814453125 0.2375 0.020703125 0.0125
9 0.844140625 0.34305555555555556 0.007421875 0.020833333333333332
9 0.50625 0.37083333333333335 0.00390625 0.006944444444444444
9 0.56171875 0.3680555555555556 0.00234375 0.009722222222222222
9 0.53359375 0.4131944444444444 0.00234375 0.010416666666666666
9 0.526171875 0.4125 0.001953125 0.009722222222222222
0 0.542578125 0.43125 0.011328125 0.014583333333333334
0 0.510546875 0.4354166666666667 0.009765625 0.017361111111111112
0 0.576171875 0.4270833333333333 0.012890625 0.025694444444444443
0 0.483984375 0.43194444444444446 0.010546875 0.013888888888888888
8 0.438671875 0.39652777777777776 0.005078125 0.00625
8 0.45234375 0.4 0.00625 0.004166666666666667
8 0.335546875 0.3902777777777778 0.008203125 0.019444444444444445
0 0.323046875 0.55625 0.106640625 0.13402777777777777
2 0.789453125 0.43472222222222223 0.011328125 0.025
2 0.76875 0.44027777777777777 0.0109375 0.03888888888888889
