5 0.044140625 0.5847222222222223 0.044140625 0.08055555555555556
5 0.0640625 0.5458333333333333 0.04296875 0.058333333333333334
0 0.36015625 0.49583333333333335 0.06015625 0.06944444444444445
0 0.538671875 0.5493055555555556 0.100390625 0.15486111111111112
0 0.794140625 0.5194444444444445 0.103515625 0.13472222222222222
0 0.68515625 0.49027777777777776 0.03046875 0.0625
0 0.649609375 0.4666666666666667 0.022265625 0.04027777777777778
0 0.43046875 0.4840277777777778 0.02421875 0.035416666666666666
0 0.45078125 0.46111111111111114 0.02109375 0.03333333333333333
8 0.058984375 0.18263888888888888 0.019921875 0.052083333333333336
9 0.679296875 0.38958333333333334 0.003515625 0.017361111111111112
9 0.597265625 0.39861111111111114 0.003515625 0.0125
