9 0.31953125 0.39166666666666666 0.01171875 0.02361111111111111
9 0.65703125 0.37569444444444444 0.0125 0.02013888888888889
9 0.56875 0.44027777777777777 0.00546875 0.013888888888888888
0 0.941796875 0.48541666666666666 0.058203125 0.10208333333333333
0 0.574609375 0.46041666666666664 0.008984375 0.021527777777777778
0 0.590625 0.4548611111111111 0.0109375 0.024305555555555556
0 0.62578125 0.4597222222222222 0.02109375 0.02638888888888889
0 0.52734375 0.4027777777777778 0.0046875 0.006944444444444444
0 0.518359375 0.4395833333333333 0.006640625 0.007638888888888889
0 0.521875 0.4618055555555556 0.00625 0.010416666666666666
0 0.501171875 0.46944444444444444 0.010546875 0.0125
8 0.203125 0.3958333333333333 0.0140625 0.009722222222222222
0 0.4671875 0.46875 0.00859375 0.017361111111111112
0 0.4515625 0.475 0.00546875 0.013888888888888888
0 0.432421875 0.4777777777777778 0.009765625 0.013888888888888888
0 0.382421875 0.48541666666666666 0.016015625 0.01875
0 0.411328125 0.48680555555555555 0.009765625 0.02013888888888889
