8 0.85390625 0.23402777777777778 0.01875 0.009027777777777777
8 0.582421875 0.3888888888888889 0.008984375 0.006944444444444444
9 0.428515625 0.43125 0.005859375 0.013194444444444444
9 0.5828125 0.4152777777777778 0.0078125 0.0125
0 0.26328125 0.5041666666666667 0.034375 0.027777777777777776
0 0.346484375 0.49236111111111114 0.021484375 0.022916666666666665
0 0.740234375 0.4534722222222222 0.037109375 0.04375
0 0.689453125 0.4597222222222222 0.016015625 0.034722222222222224
0 0.63671875 0.4513888888888889 0.03046875 0.02638888888888889
0 0.593359375 0.44583333333333336 0.016796875 0.020833333333333332
