9 0.38359375 0.2361111111111111 0.00546875 0.03194444444444444
9 0.483984375 0.26319444444444445 0.005078125 0.024305555555555556
9 0.466015625 0.28541666666666665 0.003515625 0.029861111111111113
9 0.605078125 0.3055555555555556 0.005859375 0.018055555555555554
8 0.587109375 0.3090277777777778 0.014453125 0.04652777777777778
8 0.523046875 0.3423611111111111 0.006640625 0.011805555555555555
8 0.517578125 0.36666666666666664 0.008203125 0.008333333333333333
8 0.51796875 0.39166666666666666 0.0078125 0.009722222222222222
8 0.5171875 0.41388888888888886 0.00546875 0.008333333333333333
8 0.501953125 0.41597222222222224 0.005859375 0.010416666666666666
0 0.434765625 0.5013888888888889 0.061328125 0.1
