0 0.010546875 0.4361111111111111 0.010546875 0.034722222222222224
0 0.064453125 0.43194444444444446 0.042578125 0.027777777777777776
0 0.109375 0.4270833333333333 0.00703125 0.013194444444444444
0 0.11875 0.4388888888888889 0.01953125 0.016666666666666666
0 0.16171875 0.4354166666666667 0.03203125 0.022916666666666665
0 0.2109375 0.43472222222222223 0.0171875 0.0125
0 0.2453125 0.43472222222222223 0.0171875 0.0125
0 0.275390625 0.43333333333333335 0.012890625 0.011111111111111112
0 0.307421875 0.4340277777777778 0.012890625 0.009027777777777777
0 0.334375 0.45 0.0203125 0.030555555555555555
0 0.3625 0.45 0.0078125 0.018055555555555554
0 0.374609375 0.44930555555555557 0.005859375 0.00625
0 0.393359375 0.4527777777777778 0.016015625 0.020833333333333332
0 0.416796875 0.4486111111111111 0.006640625 0.011111111111111112
0 0.446875 0.44166666666666665 0.01640625 0.013888888888888888
0 0.460546875 0.48055555555555557 0.031640625 0.04583333333333333
8 0.42265625 0.42569444444444443 0.00625 0.009027777777777777
8 0.5859375 0.36736111111111114 0.01796875 0.024305555555555556
0 0.701953125 0.4618055555555556 0.010546875 0.01875
8 0.7421875 0.42291666666666666 0.00625 0.009027777777777777
