8 0.898828125 0.21875 0.086328125 0.08263888888888889
0 0.847265625 0.5569444444444445 0.024609375 0.020833333333333332
0 0.733984375 0.5423611111111111 0.019140625 0.01875
0 0.676953125 0.5666666666666667 0.016796875 0.020833333333333332
0 0.63203125 0.5673611111111111 0.01484375 0.017361111111111112
0 0.6421875 0.5166666666666667 0.0078125 0.008333333333333333
0 0.565234375 0.5625 0.006640625 0.009722222222222222
0 0.54296875 0.5597222222222222 0.00625 0.008333333333333333
8 0.621484375 0.5104166666666666 0.010546875 0.022916666666666665
8 0.55546875 0.49375 0.01015625 0.009027777777777777
8 0.551953125 0.5152777777777777 0.032421875 0.011111111111111112
8 0.464453125 0.5298611111111111 0.005859375 0.014583333333333334
0 0.51953125 0.5527777777777778 0.01171875 0.0125
0 0.4890625 0.5506944444444445 0.01015625 0.010416666666666666
0 0.44140625 0.5520833333333334 0.009375 0.013194444444444444
0 0.460546875 0.5548611111111111 0.005859375 0.010416666666666666
0 0.355078125 0.5541666666666667 0.013671875 0.009722222222222222
0 0.366015625 0.5138888888888888 0.009765625 0.009722222222222222
0 0.290234375 0.5479166666666667 0.023046875 0.017361111111111112
0 0.13984375 0.5409722222222222 0.0171875 0.017361111111111112
0 0.072265625 0.5506944444444445 0.045703125 0.027083333333333334
8 0.5234375 0.4930555555555556 0.0171875 0.013888888888888888
