0 0.33984375 0.37430555555555556 0.0109375 0.010416666666666666
0 0.296875 0.3819444444444444 0.015625 0.013888888888888888
0 0.359375 0.3763888888888889 0.0140625 0.0125
0 0.52734375 0.37083333333333335 0.01484375 0.013888888888888888
0 0.598046875 0.3611111111111111 0.012109375 0.015277777777777777
0 0.515234375 0.4041666666666667 0.023828125 0.03333333333333333
0 0.591015625 0.39166666666666666 0.017578125 0.029166666666666667
0 0.153125 0.5048611111111111 0.153125 0.19375
0 0.671875 0.34375 0.00703125 0.010416666666666666
8 0.539453125 0.25277777777777777 0.033203125 0.0375
8 0.625390625 0.21041666666666667 0.009765625 0.007638888888888889
8 0.607421875 0.25069444444444444 0.030078125 0.035416666666666666
0 0.3953125 0.37083333333333335 0.01796875 0.016666666666666666
