9 0.41171875 0.28958333333333336 0.00390625 0.017361111111111112
9 0.294140625 0.29305555555555557 0.002734375 0.015277777777777777
9 0.38984375 0.34305555555555556 0.003125 0.009722222222222222
8 0.046875 0.31805555555555554 0.0125 0.008333333333333333
8 0.166015625 0.32083333333333336 0.008984375 0.006944444444444444
8 0.17265625 0.34652777777777777 0.0078125 0.00625
8 0.245703125 0.3013888888888889 0.007421875 0.011111111111111112
8 0.258203125 0.32083333333333336 0.005078125 0.006944444444444444
8 0.534765625 0.275 0.008203125 0.0125
8 0.537109375 0.29444444444444445 0.012109375 0.006944444444444444
8 0.491796875 0.3111111111111111 0.009765625 0.004166666666666667
8 0.4828125 0.33194444444444443 0.01015625 0.006944444444444444
8 0.4609375 0.33541666666666664 0.00625 0.009027777777777777
2 0.634375 0.3861111111111111 0.00546875 0.016666666666666666
2 0.623828125 0.39166666666666666 0.005078125 0.015277777777777777
2 0.6015625 0.38819444444444445 0.003125 0.011805555555555555
2 0.59609375 0.39166666666666666 0.0046875 0.015277777777777777
2 0.583984375 0.3902777777777778 0.005078125 0.0125
2 0.57578125 0.39166666666666666 0.00625 0.016666666666666666
9 0.510546875 0.25277777777777777 0.006640625 0.018055555555555554
0 0.540234375 0.41388888888888886 0.032421875 0.025
0 0.34375 0.39444444444444443 0.0125 0.020833333333333332
0 0.311328125 0.41805555555555557 0.028515625 0.06388888888888888
0 0.39765625 0.4125 0.0609375 0.0763888888888889
0 0.242578125 0.37222222222222223 0.029296875 0.011111111111111112
0 0.11015625 0.39375 0.04375 0.04513888888888889
0 0.1375 0.4284722222222222 0.0296875 0.04652777777777778
0 0.087109375 0.5791666666666667 0.087109375 0.21388888888888888
0 0.713671875 0.5034722222222222 0.126171875 0.13541666666666666
0 0.871484375 0.5854166666666667 0.127734375 0.22569444444444445
0 0.4578125 0.6166666666666667 0.16875 0.21666666666666667
0 0.226953125 0.47430555555555554 0.086328125 0.10347222222222222
