8 0.057421875 0.30694444444444446 0.007421875 0.008333333333333333
8 0.5328125 0.37916666666666665 0.0046875 0.011111111111111112
9 0.1328125 0.24861111111111112 0.00390625 0.015277777777777777
9 0.33671875 0.27361111111111114 0.00390625 0.013888888888888888
9 0.148046875 0.25625 0.005859375 0.02013888888888889
9 0.340625 0.2777777777777778 0.00390625 0.018055555555555554
9 0.23203125 0.36944444444444446 0.0046875 0.008333333333333333
9 0.286328125 0.35138888888888886 0.002734375 0.006944444444444444
2 0.160546875 0.41944444444444445 0.005859375 0.03333333333333333
2 0.151953125 0.425 0.005859375 0.030555555555555555
2 0.144140625 0.4236111111111111 0.008203125 0.034722222222222224
2 0.5125 0.39861111111111114 0.00859375 0.025
0 0.224609375 0.4201388888888889 0.053515625 0.03263888888888889
0 0.287890625 0.4048611111111111 0.005859375 0.010416666666666666
0 0.276953125 0.4076388888888889 0.012109375 0.013194444444444444
0 0.205078125 0.39791666666666664 0.009765625 0.009027777777777777
0 0.430859375 0.36180555555555555 0.046484375 0.01597222222222222
4 0.332421875 0.4111111111111111 0.039453125 0.08055555555555556
0 0.016796875 0.4305555555555556 0.016796875 0.05555555555555555
0 0.41328125 0.5298611111111111 0.1234375 0.19375
3 0.61796875 0.44305555555555554 0.03125 0.03333333333333333
