8 0.826953125 0.23194444444444445 0.012890625 0.02638888888888889
8 0.829296875 0.30069444444444443 0.010546875 0.007638888888888889
8 0.83984375 0.38472222222222224 0.00703125 0.018055555555555554
8 0.72734375 0.38819444444444445 0.00625 0.017361111111111112
8 0.728125 0.4125 0.00703125 0.005555555555555556
8 0.767578125 0.44305555555555554 0.005859375 0.006944444444444444
8 0.7078125 0.44930555555555557 0.00390625 0.00625
8 0.731640625 0.42916666666666664 0.005859375 0.011111111111111112
0 0.3046875 0.49236111111111114 0.01015625 0.01597222222222222
0 0.264453125 0.4756944444444444 0.005859375 0.007638888888888889
0 0.4546875 0.4979166666666667 0.0234375 0.025694444444444443
0 0.6390625 0.4798611111111111 0.00390625 0.004861111111111111
0 0.648828125 0.4791666666666667 0.004296875 0.005555555555555556
0 0.630078125 0.48125 0.005078125 0.007638888888888889
0 0.594921875 0.4979166666666667 0.041015625 0.02013888888888889
0 0.6828125 0.4909722222222222 0.01640625 0.02013888888888889
