8 0.5234375 0.48333333333333334 0.00390625 0.011111111111111112
8 0.441796875 0.48680555555555555 0.003515625 0.011805555555555555
8 0.483984375 0.5152777777777777 0.001171875 0.008333333333333333
0 0.498046875 0.5291666666666667 0.008984375 0.006944444444444444
0 0.47421875 0.5284722222222222 0.00703125 0.010416666666666666
0 0.463671875 0.5326388888888889 0.009765625 0.017361111111111112
0 0.4453125 0.5409722222222222 0.00703125 0.021527777777777778
0 0.4125 0.5368055555555555 0.0234375 0.03819444444444445
0 0.3640625 0.5680555555555555 0.03828125 0.05416666666666667
0 0.53125 0.5368055555555555 0.0171875 0.022916666666666665
0 0.2015625 0.5777777777777777 0.121875 0.12361111111111112
8 0.546875 0.49444444444444446 0.00546875 0.0125
0 0.5703125 0.5347222222222222 0.021875 0.03611111111111111
0 0.6296875 0.54375 0.0484375 0.06180555555555556
0 0.82734375 0.6145833333333334 0.15625 0.1673611111111111
0 0.061328125 0.6805555555555556 0.061328125 0.1638888888888889
