8 0.17578125 0.08194444444444444 0.03125 0.08055555555555556
8 0.79609375 0.3034722222222222 0.03203125 0.013194444444444444
8 0.4890625 0.41388888888888886 0.0078125 0.018055555555555554
8 0.384375 0.43472222222222223 0.01015625 0.018055555555555554
9 0.595703125 0.43819444444444444 0.005078125 0.013194444444444444
9 0.374609375 0.34097222222222223 0.005859375 0.022916666666666665
9 0.47578125 0.3090277777777778 0.00546875 0.02013888888888889
9 0.4109375 0.4409722222222222 0.00390625 0.011805555555555555
9 0.345703125 0.425 0.005859375 0.013888888888888888
9 0.82421875 0.34652777777777777 0.00703125 0.02013888888888889
9 0.234375 0.25069444444444444 0.0125 0.01875
9 0.1234375 0.23958333333333334 0.00859375 0.017361111111111112
9 0.0421875 0.30416666666666664 0.009375 0.013888888888888888
9 0.829296875 0.4479166666666667 0.005078125 0.011805555555555555
9 0.84296875 0.3486111111111111 0.0078125 0.02361111111111111
8 0.046875 0.4111111111111111 0.01328125 0.02361111111111111
8 0.0453125 0.3527777777777778 0.01953125 0.029166666666666667
9 0.503515625 0.42986111111111114 0.002734375 0.013194444444444444
0 0.4265625 0.47638888888888886 0.0078125 0.018055555555555554
0 0.405859375 0.47638888888888886 0.012109375 0.025
0 0.36171875 0.4798611111111111 0.01875 0.021527777777777778
0 0.335546875 0.4736111111111111 0.009765625 0.018055555555555554
0 0.27421875 0.4701388888888889 0.01328125 0.024305555555555556
0 0.3015625 0.48055555555555557 0.02421875 0.030555555555555555
0 0.551171875 0.5416666666666666 0.080078125 0.14722222222222223
0 0.030078125 0.4548611111111111 0.029296875 0.08125
2 0.68203125 0.5041666666666667 0.00390625 0.016666666666666666
2 0.694140625 0.50625 0.003515625 0.01597222222222222
2 0.724609375 0.5138888888888888 0.005859375 0.019444444444444445
2 0.746875 0.5076388888888889 0.00546875 0.021527777777777778
2 0.82734375 0.5173611111111112 0.00859375 0.03263888888888889
2 0.869140625 0.5340277777777778 0.009765625 0.04236111111111111
2 0.959765625 0.5520833333333334 0.010546875 0.04791666666666667
9 0.748046875 0.26180555555555557 0.005859375 0.027083333333333334
9 0.767578125 0.25625 0.006640625 0.024305555555555556
