9 0.634375 0.37569444444444444 0.00703125 0.021527777777777778
9 0.401171875 0.3770833333333333 0.005859375 0.02013888888888889
9 0.732421875 0.4826388888888889 0.003515625 0.010416666666666666
8 0.745703125 0.43472222222222223 0.007421875 0.011111111111111112
0 0.981640625 0.5472222222222223 0.016015625 0.027777777777777776
0 0.959375 0.5229166666666667 0.028125 0.03263888888888889
0 0.92421875 0.5243055555555556 0.03203125 0.03263888888888889
0 0.886328125 0.5222222222222223 0.026953125 0.03194444444444444
0 0.853125 0.5097222222222222 0.02734375 0.02638888888888889
0 0.842578125 0.4965277777777778 0.040234375 0.025694444444444443
0 0.282421875 0.48194444444444445 0.027734375 0.02361111111111111
0 0.325 0.48541666666666666 0.015625 0.014583333333333334
0 0.308203125 0.46319444444444446 0.018359375 0.017361111111111112
0 0.61015625 0.5541666666666667 0.07734375 0.12222222222222222
0 0.686328125 0.5097222222222222 0.026171875 0.06111111111111111
0 0.506640625 0.5006944444444444 0.020703125 0.02847222222222222
0 0.46484375 0.4951388888888889 0.021875 0.03263888888888889
0 0.726171875 0.49236111111111114 0.015234375 0.02847222222222222
4 0.371484375 0.47708333333333336 0.023046875 0.017361111111111112
