8 0.712890625 0.26805555555555555 0.010546875 0.008333333333333333
8 0.693359375 0.3090277777777778 0.033203125 0.029861111111111113
9 0.553515625 0.2222222222222222 0.007421875 0.029166666666666667
9 0.80546875 0.2076388888888889 0.00703125 0.029861111111111113
0 0.487890625 0.46875 0.013671875 0.021527777777777778
0 0.43203125 0.5173611111111112 0.04921875 0.07708333333333334
0 0.69375 0.4875 0.0109375 0.02361111111111111
0 0.858203125 0.5381944444444444 0.045703125 0.07569444444444444
0 0.766015625 0.5416666666666666 0.063671875 0.08611111111111111
0 0.225390625 0.48333333333333334 0.016015625 0.02361111111111111
0 0.26171875 0.48125 0.0203125 0.022916666666666665
0 0.115234375 0.4618055555555556 0.029296875 0.021527777777777778
0 0.15546875 0.4861111111111111 0.059375 0.03194444444444444
0 0.0640625 0.47638888888888886 0.021875 0.0375
0 0.02734375 0.47638888888888886 0.02734375 0.04583333333333333
0 0.33359375 0.5319444444444444 0.10703125 0.12777777777777777
0 0.590625 0.54375 0.11484375 0.15347222222222223
