8 0.1046875 0.08402777777777778 0.0171875 0.03819444444444445
8 0.611328125 0.35347222222222224 0.027734375 0.013194444444444444
8 0.6890625 0.40625 0.009375 0.004861111111111111
8 0.676953125 0.41875 0.008984375 0.00625
8 0.394140625 0.4625 0.012109375 0.009722222222222222
9 0.53046875 0.33611111111111114 0.0046875 0.025
9 0.56796875 0.34930555555555554 0.003125 0.01597222222222222
9 0.46796875 0.3972222222222222 0.0046875 0.009722222222222222
0 0.044921875 0.5541666666666667 0.044921875 0.09583333333333334
4 0.1234375 0.49166666666666664 0.1234375 0.11527777777777778
0 0.264453125 0.5465277777777777 0.026953125 0.03125
0 0.3171875 0.5416666666666666 0.02890625 0.02638888888888889
0 0.362109375 0.53125 0.016015625 0.027083333333333334
0 0.3921875 0.5277777777777778 0.01875 0.02638888888888889
0 0.41796875 0.5215277777777778 0.015625 0.025694444444444443
0 0.632421875 0.5166666666666667 0.012109375 0.019444444444444445
0 0.60703125 0.5020833333333333 0.009375 0.014583333333333334
0 0.532421875 0.5013888888888889 0.008984375 0.013888888888888888
0 0.569140625 0.5375 0.023828125 0.03611111111111111
0 0.969921875 0.5361111111111111 0.029296875 0.0375
