8 0.559375 0.22777777777777777 0.02421875 0.011111111111111112
8 0.556640625 0.2701388888888889 0.013671875 0.013194444444444444
8 0.577734375 0.28888888888888886 0.013671875 0.008333333333333333
9 0.177734375 0.28055555555555556 0.005078125 0.02638888888888889
9 0.571875 0.3229166666666667 0.00546875 0.021527777777777778
9 0.48125 0.41597222222222224 0.00390625 0.011805555555555555
0 0.413671875 0.4444444444444444 0.005078125 0.016666666666666666
0 0.3875 0.4534722222222222 0.0078125 0.01875
1 0.373828125 0.44583333333333336 0.023046875 0.043055555555555555
0 0.342578125 0.46111111111111114 0.008203125 0.02361111111111111
0 0.305859375 0.47152777777777777 0.044921875 0.04791666666666667
0 0.45234375 0.46597222222222223 0.0296875 0.03958333333333333
0 0.140234375 0.5638888888888889 0.140234375 0.1527777777777778
9 0.701953125 0.3458333333333333 0.007421875 0.013888888888888888
