0 0.10390625 0.31805555555555554 0.10390625 0.15138888888888888
0 0.66640625 0.28888888888888886 0.1734375 0.2125
0 0.45390625 0.24375 0.09296875 0.11319444444444444
0 0.15859375 0.21944444444444444 0.03515625 0.05
0 0.262890625 0.24930555555555556 0.055078125 0.06736111111111111
0 0.336328125 0.21666666666666667 0.033203125 0.029166666666666667
0 0.30234375 0.18611111111111112 0.02109375 0.018055555555555554
0 0.2140625 0.21597222222222223 0.009375 0.017361111111111112
0 0.40703125 0.19027777777777777 0.01171875 0.022222222222222223
2 0.37734375 0.22361111111111112 0.01171875 0.02638888888888889
2 0.201171875 0.24305555555555555 0.012109375 0.07083333333333333
2 0.78828125 0.15416666666666667 0.0203125 0.06111111111111111
2 0.821484375 0.175 0.013671875 0.027777777777777776
2 0.91328125 0.225 0.01484375 0.0875
