5 0.039453125 0.42777777777777776 0.037890625 0.06111111111111111
0 0.1453125 0.40347222222222223 0.03984375 0.049305555555555554
0 0.225390625 0.38819444444444445 0.022265625 0.02847222222222222
0 0.348828125 0.40208333333333335 0.037109375 0.05763888888888889
0 0.471875 0.39444444444444443 0.03671875 0.04861111111111111
0 0.2671875 0.3875 0.01875 0.019444444444444445
0 0.446484375 0.39375 0.022265625 0.03680555555555556
0 0.41640625 0.3888888888888889 0.02109375 0.029166666666666667
9 0.29921875 0.34791666666666665 0.00390625 0.010416666666666666
9 0.42578125 0.3402777777777778 0.00234375 0.009722222222222222
9 0.490625 0.3375 0.003125 0.008333333333333333
8 0.469140625 0.34305555555555556 0.005859375 0.020833333333333332
