0 0.053515625 0.4708333333333333 0.053515625 0.05416666666666667
0 0.147265625 0.425 0.019921875 0.013888888888888888
0 0.178125 0.43125 0.0109375 0.014583333333333334
0 0.209765625 0.42777777777777776 0.011328125 0.013888888888888888
0 0.253125 0.41805555555555557 0.01328125 0.011111111111111112
0 0.31484375 0.4236111111111111 0.0265625 0.030555555555555555
0 0.396875 0.4354166666666667 0.03828125 0.049305555555555554
0 0.643359375 0.46041666666666664 0.062109375 0.07847222222222222
0 0.5046875 0.4326388888888889 0.025 0.03819444444444445
0 0.535546875 0.4166666666666667 0.016796875 0.02638888888888889
0 0.451171875 0.4201388888888889 0.015234375 0.01875
0 0.47421875 0.4076388888888889 0.0078125 0.014583333333333334
0 0.430859375 0.40694444444444444 0.007421875 0.013888888888888888
0 0.353515625 0.42430555555555555 0.012109375 0.021527777777777778
0 0.93515625 0.38680555555555557 0.06328125 0.04375
0 0.576171875 0.4548611111111111 0.016796875 0.034027777777777775
0 0.498046875 0.3972222222222222 0.013671875 0.008333333333333333
0 0.7640625 0.4041666666666667 0.02734375 0.02361111111111111
0 0.706640625 0.4 0.012109375 0.0125
0 0.848046875 0.38680555555555557 0.014453125 0.014583333333333334
8 0.82265625 0.19305555555555556 0.025 0.02638888888888889
0 0.06640625 0.4222222222222222 0.0328125 0.034722222222222224
9 0.4234375 0.3819444444444444 0.00546875 0.008333333333333333
9 0.445703125 0.36944444444444446 0.003515625 0.008333333333333333
9 0.478125 0.3861111111111111 0.00234375 0.008333333333333333
9 0.49296875 0.36944444444444446 0.003125 0.008333333333333333
8 0.535546875 0.3736111111111111 0.005078125 0.008333333333333333
