9 0.32890625 0.4361111111111111 0.00625 0.013888888888888888
9 0.39453125 0.4701388888888889 0.00625 0.009027777777777777
9 0.43984375 0.5006944444444444 0.00625 0.007638888888888889
9 0.484375 0.5069444444444444 0.0046875 0.011111111111111112
9 0.525 0.47847222222222224 0.00546875 0.011805555555555555
0 0.484765625 0.5402777777777777 0.014453125 0.018055555555555554
0 0.45859375 0.5284722222222222 0.0140625 0.010416666666666666
0 0.401953125 0.5347222222222222 0.008203125 0.0125
0 0.387109375 0.5361111111111111 0.009765625 0.020833333333333332
0 0.3609375 0.5576388888888889 0.03125 0.03958333333333333
0 0.444921875 0.5888888888888889 0.045703125 0.06666666666666667
0 0.62734375 0.6083333333333333 0.07109375 0.09305555555555556
0 0.3171875 0.5375 0.01484375 0.019444444444444445
0 0.216015625 0.5298611111111111 0.035546875 0.03680555555555556
0 0.276171875 0.5270833333333333 0.013671875 0.021527777777777778
0 0.1140625 0.64375 0.11328125 0.2701388888888889
0 0.880078125 0.7854166666666667 0.119140625 0.20625
8 0.2609375 0.36527777777777776 0.015625 0.027777777777777776
8 0.821484375 0.45208333333333334 0.008203125 0.024305555555555556
8 0.53125 0.5166666666666667 0.0046875 0.011111111111111112
8 0.516015625 0.5027777777777778 0.005078125 0.009722222222222222
