8 0.610546875 0.10277777777777777 0.010546875 0.0125
8 0.342578125 0.2361111111111111 0.014453125 0.006944444444444444
9 0.13125 0.24444444444444444 0.003125 0.013888888888888888
9 0.123828125 0.24513888888888888 0.003515625 0.014583333333333334
8 0.074609375 0.24513888888888888 0.013671875 0.009027777777777777
8 0.05625 0.3076388888888889 0.01015625 0.00625
0 0.141015625 0.36527777777777776 0.009765625 0.02361111111111111
0 0.027734375 0.40069444444444446 0.027734375 0.04513888888888889
8 0.111328125 0.28402777777777777 0.003515625 0.009027777777777777
0 0.342578125 0.35208333333333336 0.022265625 0.035416666666666666
0 0.418359375 0.34791666666666665 0.042578125 0.07291666666666667
4 0.230859375 0.3055555555555556 0.091015625 0.1597222222222222
