0 0.34296875 0.5229166666666667 0.0078125 0.00625
0 0.332421875 0.5284722222222222 0.009765625 0.00625
0 0.30859375 0.5284722222222222 0.0046875 0.009027777777777777
0 0.25234375 0.5361111111111111 0.02421875 0.018055555555555554
9 0.2953125 0.28055555555555556 0.00859375 0.03333333333333333
9 0.1296875 0.4173611111111111 0.01015625 0.035416666666666666
0 0.40078125 0.51875 0.00703125 0.01597222222222222
0 0.448046875 0.5173611111111112 0.006640625 0.011805555555555555
0 0.37734375 0.525 0.01171875 0.018055555555555554
0 0.4234375 0.5298611111111111 0.02578125 0.035416666666666666
8 0.492578125 0.4736111111111111 0.004296875 0.0125
9 0.41015625 0.34444444444444444 0.00703125 0.022222222222222223
9 0.516015625 0.44513888888888886 0.002734375 0.013194444444444444
9 0.52265625 0.44930555555555557 0.0046875 0.011805555555555555
9 0.59765625 0.39861111111111114 0.00625 0.020833333333333332
8 0.582421875 0.4395833333333333 0.008984375 0.01875
2 0.677734375 0.5416666666666666 0.010546875 0.05694444444444444
0 0.77890625 0.5118055555555555 0.046875 0.050694444444444445
0 0.823828125 0.5069444444444444 0.032421875 0.02638888888888889
0 0.884765625 0.4895833333333333 0.013671875 0.02847222222222222
