8 0.274609375 0.225 0.016015625 0.025
8 0.796484375 0.4826388888888889 0.008984375 0.011805555555555555
0 0.6375 0.54375 0.0046875 0.009027777777777777
0 0.63046875 0.5472222222222223 0.0046875 0.006944444444444444
0 0.625 0.5534722222222223 0.00546875 0.013194444444444444
0 0.618359375 0.5506944444444445 0.009765625 0.01597222222222222
0 0.605078125 0.5548611111111111 0.009765625 0.025694444444444443
0 0.579296875 0.5590277777777778 0.022265625 0.034027777777777775
0 0.265625 0.6430555555555556 0.175 0.1486111111111111
0 0.075 0.7555555555555555 0.075 0.11527777777777778
0 0.663671875 0.5576388888888889 0.009765625 0.011805555555555555
0 0.93984375 0.5604166666666667 0.06015625 0.06180555555555556
