0 0.13515625 0.5451388888888888 0.0265625 0.027083333333333334
0 0.080078125 0.5534722222222223 0.080078125 0.050694444444444445
0 0.53125 0.5777777777777777 0.009375 0.02638888888888889
0 0.502734375 0.5666666666666667 0.026171875 0.034722222222222224
0 0.577734375 0.5708333333333333 0.025390625 0.03333333333333333
0 0.303515625 0.5652777777777778 0.061328125 0.06944444444444445
0 0.804296875 0.5791666666666667 0.043359375 0.027777777777777776
0 0.95390625 0.5833333333333334 0.03671875 0.029166666666666667
0 0.868359375 0.5819444444444445 0.049609375 0.02638888888888889
8 0.125390625 0.4527777777777778 0.007421875 0.027777777777777776
8 0.211328125 0.38125 0.008984375 0.013194444444444444
8 0.34453125 0.4583333333333333 0.003125 0.016666666666666666
8 0.3421875 0.4875 0.003125 0.0125
8 0.34765625 0.39166666666666666 0.00390625 0.005555555555555556
8 0.330859375 0.39791666666666664 0.010546875 0.00625
9 0.202734375 0.44583333333333336 0.014453125 0.015277777777777777
9 0.348828125 0.42291666666666666 0.005078125 0.017361111111111112
9 0.45546875 0.42986111111111114 0.003125 0.01597222222222222
9 0.6484375 0.3527777777777778 0.0046875 0.03333333333333333
9 0.463671875 0.4263888888888889 0.004296875 0.016666666666666666
9 0.633984375 0.35 0.005859375 0.022222222222222223
9 0.808984375 0.3388888888888889 0.008984375 0.02638888888888889
9 0.821484375 0.3215277777777778 0.008203125 0.04652777777777778
9 0.833203125 0.4576388888888889 0.009765625 0.017361111111111112
9 0.819921875 0.45555555555555555 0.004296875 0.018055555555555554
8 0.80703125 0.39166666666666666 0.01171875 0.018055555555555554
8 0.80859375 0.45555555555555555 0.0078125 0.019444444444444445
8 0.833203125 0.39444444444444443 0.015234375 0.008333333333333333
8 0.776171875 0.40625 0.015234375 0.034027777777777775
8 0.632421875 0.5506944444444445 0.008984375 0.009027777777777777
8 0.40859375 0.5305555555555556 0.00546875 0.0125
