2 0.76015625 0.46041666666666664 0.01796875 0.0798611111111111
2 0.0796875 0.4756944444444444 0.0796875 0.39375
9 0.391015625 0.3972222222222222 0.003515625 0.006944444444444444
0 0.3703125 0.48125 0.01953125 0.04513888888888889
0 0.3484375 0.45555555555555555 0.01171875 0.025
0 0.32421875 0.4576388888888889 0.0109375 0.01875
0 0.280078125 0.46111111111111114 0.037109375 0.04027777777777778
0 0.20703125 0.5465277777777777 0.084375 0.13541666666666666
0 0.462109375 0.3875 0.069921875 0.044444444444444446
0 0.521484375 0.625 0.219921875 0.2708333333333333
