8 0.494921875 0.49027777777777776 0.012109375 0.011111111111111112
8 0.591796875 0.4861111111111111 0.010546875 0.011111111111111112
8 0.615234375 0.4861111111111111 0.010546875 0.011111111111111112
8 0.638671875 0.4847222222222222 0.011328125 0.015277777777777777
0 0.603515625 0.5145833333333333 0.004296875 0.007638888888888889
0 0.5890625 0.5118055555555555 0.0109375 0.011805555555555555
0 0.5671875 0.5194444444444445 0.00859375 0.008333333333333333
0 0.5390625 0.5222222222222223 0.009375 0.008333333333333333
0 0.52109375 0.5208333333333334 0.0109375 0.009722222222222222
0 0.496875 0.5229166666666667 0.0140625 0.011805555555555555
0 0.44921875 0.5243055555555556 0.01953125 0.01597222222222222
0 0.409765625 0.5298611111111111 0.023828125 0.017361111111111112
0 0.365625 0.5222222222222223 0.02265625 0.034722222222222224
0 0.280859375 0.5236111111111111 0.030859375 0.016666666666666666
0 0.280859375 0.5465277777777777 0.038671875 0.02847222222222222
0 0.62109375 0.5256944444444445 0.01328125 0.025694444444444443
0 0.621875 0.5513888888888889 0.01640625 0.034722222222222224
4 0.66484375 0.48819444444444443 0.02109375 0.022916666666666665
0 0.58515625 0.5291666666666667 0.0109375 0.013888888888888888
0 0.685546875 0.6020833333333333 0.076171875 0.09375
0 0.990625 0.6347222222222222 0.0078125 0.075
0 0.076953125 0.5520833333333334 0.076953125 0.06458333333333334
