8 0.803125 0.2465277777777778 0.0171875 0.034027777777777775
9 0.46015625 0.42777777777777776 0.00234375 0.011111111111111112
9 0.584765625 0.44166666666666665 0.001953125 0.011111111111111112
9 0.466015625 0.4284722222222222 0.002734375 0.010416666666666666
2 0.70234375 0.525 0.0078125 0.0375
2 0.32265625 0.4736111111111111 0.00625 0.011111111111111112
2 0.334375 0.47847222222222224 0.00234375 0.007638888888888889
0 0.33203125 0.6604166666666667 0.13359375 0.1798611111111111
0 0.78125 0.5798611111111112 0.08203125 0.06736111111111111
0 0.548046875 0.5361111111111111 0.043359375 0.06944444444444445
0 0.623828125 0.5486111111111112 0.032421875 0.043055555555555555
2 0.58125 0.5048611111111111 0.00390625 0.010416666666666666
0 0.591796875 0.5222222222222223 0.008984375 0.013888888888888888
0 0.506640625 0.5166666666666667 0.012890625 0.03333333333333333
0 0.491015625 0.5048611111111111 0.008984375 0.017361111111111112
0 0.428515625 0.5604166666666667 0.048828125 0.09375
0 0.466796875 0.5138888888888888 0.007421875 0.022222222222222223
1 0.477734375 0.5041666666666667 0.004296875 0.011111111111111112
