8 0.8109375 0.3472222222222222 0.01171875 0.005555555555555556
8 0.81015625 0.275 0.028125 0.03194444444444444
8 0.711328125 0.3951388888888889 0.012109375 0.014583333333333334
8 0.75390625 0.4388888888888889 0.0078125 0.002777777777777778
8 0.165625 0.3020833333333333 0.0125 0.03125
8 0.166015625 0.43680555555555556 0.007421875 0.004861111111111111
8 0.448828125 0.3875 0.007421875 0.008333333333333333
9 0.462890625 0.39861111111111114 0.003515625 0.006944444444444444
9 0.641015625 0.3888888888888889 0.003515625 0.008333333333333333
0 0.76796875 0.5395833333333333 0.02421875 0.03680555555555556
0 0.51875 0.5173611111111112 0.015625 0.025694444444444443
0 0.47890625 0.5215277777777778 0.00859375 0.017361111111111112
0 0.4578125 0.5326388888888889 0.0125 0.034027777777777775
0 0.302734375 0.5458333333333333 0.023046875 0.041666666666666664
0 0.33671875 0.5416666666666666 0.009375 0.030555555555555555
0 0.682421875 0.5145833333333333 0.018359375 0.01875
0 0.22421875 0.5493055555555556 0.05390625 0.04652777777777778
0 0.080078125 0.5729166666666666 0.080078125 0.06597222222222222
0 0.600390625 0.5784722222222223 0.079296875 0.10902777777777778
2 0.07421875 0.49236111111111114 0.00859375 0.011805555555555555
2 0.053515625 0.4895833333333333 0.008203125 0.014583333333333334
2 0.124609375 0.4909722222222222 0.007421875 0.013194444444444444
2 0.224609375 0.4951388888888889 0.005078125 0.009027777777777777
2 0.249609375 0.49444444444444446 0.004296875 0.009722222222222222
2 0.028125 0.49444444444444446 0.00390625 0.013888888888888888
0 0.321484375 0.48680555555555555 0.016015625 0.011805555555555555
7 0.496875 0.5125 0.00625 0.016666666666666666
5 0.497265625 0.5354166666666667 0.006640625 0.022916666666666665
0 0.39765625 0.55 0.0625 0.07222222222222222
0 0.730859375 0.5194444444444445 0.010546875 0.027777777777777776
0 0.88984375 0.5680555555555555 0.10703125 0.20694444444444443
