0 0.065234375 0.5673611111111111 0.065234375 0.09930555555555555
0 0.05390625 0.49166666666666664 0.05390625 0.041666666666666664
0 0.096484375 0.49375 0.017578125 0.027083333333333334
0 0.158203125 0.5034722222222222 0.050390625 0.05763888888888889
0 0.25234375 0.5048611111111111 0.065625 0.06736111111111111
0 0.299609375 0.44722222222222224 0.012109375 0.006944444444444444
0 0.312890625 0.46111111111111114 0.011328125 0.019444444444444445
0 0.354296875 0.48333333333333334 0.041015625 0.044444444444444446
0 0.415234375 0.46944444444444444 0.028515625 0.03611111111111111
0 0.45078125 0.46458333333333335 0.02109375 0.029861111111111113
4 0.462890625 0.4444444444444444 0.019921875 0.03888888888888889
4 0.433203125 0.42777777777777776 0.011328125 0.015277777777777777
0 0.487109375 0.4583333333333333 0.005078125 0.018055555555555554
0 0.73359375 0.42083333333333334 0.01875 0.013888888888888888
0 0.75078125 0.41944444444444445 0.02265625 0.016666666666666666
0 0.787890625 0.4097222222222222 0.031640625 0.020833333333333332
0 0.756640625 0.4652777777777778 0.039453125 0.0375
0 0.861328125 0.4673611111111111 0.122265625 0.04375
0 0.91328125 0.39305555555555555 0.015625 0.008333333333333333
0 0.887890625 0.42083333333333334 0.041015625 0.025
0 0.955078125 0.41875 0.043359375 0.03958333333333333
0 0.9609375 0.4375 0.0375 0.034722222222222224
4 0.028515625 0.40069444444444446 0.028515625 0.06458333333333334
4 0.2828125 0.42916666666666664 0.025 0.016666666666666666
