9 0.314453125 0.16944444444444445 0.009765625 0.04583333333333333
9 0.665625 0.07291666666666667 0.009375 0.04236111111111111
9 0.055078125 0.3861111111111111 0.010546875 0.016666666666666666
9 0.08984375 0.37777777777777777 0.00859375 0.015277777777777777
9 0.634765625 0.07152777777777777 0.009765625 0.04097222222222222
9 0.736328125 0.3347222222222222 0.009765625 0.020833333333333332
8 0.069140625 0.2763888888888889 0.019140625 0.016666666666666666
8 0.755078125 0.26319444444444445 0.023828125 0.034027777777777775
8 0.7453125 0.12222222222222222 0.01484375 0.015277777777777777
9 0.443359375 0.40555555555555556 0.004296875 0.016666666666666666
9 0.4078125 0.41458333333333336 0.0046875 0.014583333333333334
8 0.391015625 0.3993055555555556 0.006640625 0.007638888888888889
8 0.391796875 0.37569444444444444 0.005859375 0.013194444444444444
9 0.5015625 0.3958333333333333 0.0046875 0.011111111111111112
9 0.49140625 0.43333333333333335 0.00390625 0.009722222222222222
9 0.515625 0.4263888888888889 0.0046875 0.011111111111111112
0 0.397265625 0.4840277777777778 0.008203125 0.017361111111111112
0 0.38515625 0.4847222222222222 0.00859375 0.020833333333333332
0 0.371484375 0.47847222222222224 0.016015625 0.034027777777777775
0 0.533984375 0.46875 0.006640625 0.011805555555555555
0 0.5484375 0.4618055555555556 0.01171875 0.02847222222222222
4 0.5734375 0.42986111111111114 0.025 0.08819444444444445
0 0.447265625 0.4756944444444444 0.015234375 0.022916666666666665
4 0.28515625 0.4263888888888889 0.07734375 0.12222222222222222
4 0.62890625 0.44375 0.05 0.09236111111111112
0 0.430078125 0.475 0.008984375 0.019444444444444445
