0 0.101953125 0.4361111111111111 0.080859375 0.08611111111111111
0 0.213671875 0.4166666666666667 0.038671875 0.04027777777777778
0 0.329296875 0.3909722222222222 0.021484375 0.03263888888888889
0 0.46015625 0.36319444444444443 0.00546875 0.010416666666666666
0 0.432421875 0.37083333333333335 0.009765625 0.018055555555555554
0 0.38359375 0.38819444444444445 0.0390625 0.06180555555555556
0 0.416796875 0.36666666666666664 0.008984375 0.022222222222222223
0 0.6 0.3736111111111111 0.05234375 0.06527777777777778
1 0.5390625 0.3388888888888889 0.040625 0.06944444444444445
4 0.48671875 0.35625 0.01484375 0.03263888888888889
0 0.929296875 0.30833333333333335 0.014453125 0.019444444444444445
0 0.9171875 0.31180555555555556 0.01015625 0.01597222222222222
0 0.905078125 0.3138888888888889 0.009765625 0.018055555555555554
0 0.801171875 0.33819444444444446 0.030859375 0.04097222222222222
0 0.964453125 0.32569444444444445 0.033984375 0.04791666666666667
2 0.8875 0.34097222222222223 0.02109375 0.08680555555555555
2 0.84140625 0.36736111111111114 0.03203125 0.10902777777777778
2 0.74453125 0.3548611111111111 0.01796875 0.050694444444444445
2 0.715234375 0.3388888888888889 0.008203125 0.034722222222222224
2 0.70546875 0.34305555555555556 0.00625 0.03333333333333333
8 0.594921875 0.26666666666666666 0.010546875 0.008333333333333333
8 0.59296875 0.21597222222222223 0.00859375 0.02013888888888889
2 0.005859375 0.43472222222222223 0.005859375 0.04861111111111111
2 0.0140625 0.4361111111111111 0.00625 0.04583333333333333
2 0.266015625 0.38958333333333334 0.005078125 0.01597222222222222
2 0.305859375 0.38333333333333336 0.003515625 0.015277777777777777
2 0.29765625 0.3875 0.0046875 0.018055555555555554
2 0.286328125 0.38680555555555557 0.005078125 0.02013888888888889
2 0.273046875 0.3888888888888889 0.002734375 0.025
