9 0.519921875 0.2569444444444444 0.005078125 0.0125
9 0.514453125 0.25972222222222224 0.004296875 0.013888888888888888
9 0.50859375 0.25972222222222224 0.00390625 0.0125
9 0.576953125 0.3215277777777778 0.005859375 0.007638888888888889
9 0.554296875 0.27152777777777776 0.014453125 0.007638888888888889
9 0.574609375 0.3020833333333333 0.006640625 0.00625
0 0.4921875 0.3597222222222222 0.00703125 0.011111111111111112
0 0.4734375 0.3597222222222222 0.0046875 0.013888888888888888
0 0.482421875 0.36319444444444443 0.004296875 0.009027777777777777
0 0.51953125 0.3611111111111111 0.01171875 0.018055555555555554
0 0.403515625 0.3715277777777778 0.011328125 0.01875
0 0.3921875 0.36666666666666664 0.00703125 0.0125
4 0.444921875 0.34375 0.023828125 0.05486111111111111
0 0.5828125 0.3854166666666667 0.03203125 0.04375
0 0.624609375 0.40694444444444444 0.035546875 0.059722222222222225
0 0.70078125 0.41458333333333336 0.06875 0.10347222222222222
0 0.845703125 0.45069444444444445 0.154296875 0.20208333333333334
4 0.196875 0.3333333333333333 0.196875 0.3333333333333333
