8 0.03984375 0.3055555555555556 0.01796875 0.019444444444444445
8 0.3453125 0.4895833333333333 0.00546875 0.009027777777777777
8 0.350390625 0.47430555555555554 0.004296875 0.007638888888888889
8 0.321484375 0.44583333333333336 0.007421875 0.004166666666666667
8 0.437109375 0.41458333333333336 0.016796875 0.007638888888888889
8 0.476953125 0.42986111111111114 0.007421875 0.003472222222222222
9 0.38203125 0.4305555555555556 0.003125 0.0125
9 0.40703125 0.4152777777777778 0.00390625 0.013888888888888888
4 0.17265625 0.5604166666666667 0.06640625 0.08402777777777778
0 0.28359375 0.5298611111111111 0.034375 0.04236111111111111
0 0.51484375 0.5298611111111111 0.028125 0.06041666666666667
0 0.567578125 0.5486111111111112 0.045703125 0.09861111111111111
4 0.777734375 0.5590277777777778 0.194921875 0.21180555555555555
0 0.392578125 0.5104166666666666 0.014453125 0.021527777777777778
0 0.3625 0.5055555555555555 0.0109375 0.015277777777777777
0 0.412890625 0.5048611111111111 0.008203125 0.013194444444444444
0 0.230078125 0.5305555555555556 0.023046875 0.04583333333333333
