9 0.441796875 0.27361111111111114 0.003515625 0.013888888888888888
9 0.344140625 0.2861111111111111 0.003515625 0.015277777777777777
9 0.21171875 0.3770833333333333 0.0046875 0.010416666666666666
0 0.522265625 0.42916666666666664 0.017578125 0.044444444444444446
0 0.39765625 0.5201388888888889 0.13203125 0.19375
8 0.821484375 0.12708333333333333 0.022265625 0.027083333333333334
8 0.23828125 0.3013888888888889 0.0109375 0.009722222222222222
8 0.23203125 0.34444444444444444 0.01015625 0.015277777777777777
8 0.226953125 0.27847222222222223 0.012109375 0.009027777777777777
9 0.544921875 0.3541666666666667 0.005078125 0.009722222222222222
