8 0.616015625 0.23055555555555557 0.012109375 0.015277777777777777
8 0.615234375 0.12361111111111112 0.013671875 0.059722222222222225
8 0.616015625 0.2791666666666667 0.016796875 0.02361111111111111
8 0.615625 0.3326388888888889 0.0109375 0.025694444444444443
8 0.633984375 0.3284722222222222 0.005859375 0.009027777777777777
8 0.759375 0.3263888888888889 0.00546875 0.006944444444444444
9 0.740625 0.31527777777777777 0.00234375 0.008333333333333333
0 0.576953125 0.3854166666666667 0.008984375 0.011805555555555555
0 0.55 0.3875 0.01328125 0.018055555555555554
0 0.5109375 0.3888888888888889 0.01875 0.022222222222222223
0 0.466015625 0.4013888888888889 0.025390625 0.027777777777777776
0 0.378515625 0.42777777777777776 0.055078125 0.05694444444444444
8 0.11015625 0.29930555555555555 0.0125 0.007638888888888889
8 0.112109375 0.3194444444444444 0.012109375 0.008333333333333333
0 0.653125 0.37430555555555556 0.00859375 0.011805555555555555
0 0.746484375 0.3625 0.005859375 0.008333333333333333
0 0.76171875 0.3715277777777778 0.01015625 0.01597222222222222
0 0.791015625 0.3729166666666667 0.020703125 0.025694444444444443
0 0.919140625 0.3701388888888889 0.032421875 0.03958333333333333
0 0.991015625 0.40208333333333335 0.008984375 0.035416666666666666
0 0.96015625 0.38819444444444445 0.03984375 0.049305555555555554
0 0.72109375 0.3784722222222222 0.01484375 0.02013888888888889
0 0.842578125 0.38819444444444445 0.038671875 0.04652777777777778
2 0.975390625 0.3284722222222222 0.008203125 0.011805555555555555
