8 0.30390625 0.40902777777777777 0.009375 0.00625
9 0.29375 0.3548611111111111 0.00390625 0.024305555555555556
9 0.45 0.41805555555555557 0.003125 0.015277777777777777
9 0.28671875 0.39861111111111114 0.003125 0.015277777777777777
9 0.305859375 0.4284722222222222 0.002734375 0.007638888888888889
9 0.141796875 0.3284722222222222 0.006640625 0.025694444444444443
0 0.224609375 0.5430555555555555 0.016015625 0.027777777777777776
1 0.21328125 0.5222222222222223 0.02578125 0.0375
0 0.18125 0.5375 0.01328125 0.019444444444444445
4 0.174609375 0.49930555555555556 0.030859375 0.027083333333333334
4 0.078515625 0.5284722222222222 0.044921875 0.06041666666666667
0 0.125390625 0.5340277777777778 0.052734375 0.04513888888888889
0 0.019921875 0.51875 0.019921875 0.02013888888888889
4 0.610546875 0.49166666666666664 0.137109375 0.21666666666666667
0 0.8484375 0.7402777777777778 0.15 0.25555555555555554
0 0.376953125 0.6111111111111112 0.187890625 0.3236111111111111
