8 0.54921875 0.5458333333333333 0.0046875 0.009722222222222222
8 0.5546875 0.5194444444444445 0.0046875 0.005555555555555556
8 0.59140625 0.5284722222222222 0.0046875 0.003472222222222222
8 0.614453125 0.5645833333333333 0.004296875 0.003472222222222222
1 0.61640625 0.5868055555555556 0.0171875 0.010416666666666666
0 0.68515625 0.5944444444444444 0.02890625 0.03333333333333333
8 0.572265625 0.5763888888888888 0.004296875 0.008333333333333333
9 0.112109375 0.5361111111111111 0.003515625 0.020833333333333332
9 0.128125 0.5465277777777777 0.00703125 0.03819444444444445
0 0.257421875 0.6118055555555556 0.016015625 0.01875
0 0.278125 0.6215277777777778 0.0078125 0.029861111111111113
0 0.216796875 0.6125 0.016015625 0.020833333333333332
0 0.180078125 0.6159722222222223 0.022265625 0.024305555555555556
0 0.141015625 0.6222222222222222 0.022265625 0.025
0 0.085546875 0.6229166666666667 0.033203125 0.03125
0 0.030859375 0.6333333333333333 0.030859375 0.034722222222222224
0 0.716796875 0.6090277777777777 0.029296875 0.03125
4 0.526171875 0.5770833333333333 0.008984375 0.07847222222222222
4 0.398046875 0.53125 0.122265625 0.23541666666666666
1 0.887109375 0.44027777777777777 0.110546875 0.4388888888888889
8 0.646484375 0.5680555555555555 0.004296875 0.013888888888888888
