0 0.28203125 0.5694444444444444 0.0125 0.016666666666666666
0 0.20703125 0.5805555555555556 0.0203125 0.018055555555555554
0 0.17890625 0.5861111111111111 0.01328125 0.019444444444444445
0 0.14609375 0.5930555555555556 0.01875 0.02638888888888889
5 0.36640625 0.5819444444444445 0.00703125 0.015277777777777777
7 0.36640625 0.5611111111111111 0.0046875 0.015277777777777777
4 0.327734375 0.5527777777777778 0.016796875 0.02361111111111111
0 0.39375 0.5638888888888889 0.00859375 0.013888888888888888
0 0.409375 0.5569444444444445 0.00703125 0.0125
0 0.43046875 0.5715277777777777 0.01875 0.025694444444444443
0 0.45390625 0.5555555555555556 0.00625 0.013888888888888888
0 0.467578125 0.5583333333333333 0.008984375 0.013888888888888888
8 0.50078125 0.5138888888888888 0.00625 0.006944444444444444
8 0.491015625 0.5298611111111111 0.005859375 0.004861111111111111
0 0.5 0.5520833333333334 0.00390625 0.010416666666666666
0 0.509375 0.5590277777777778 0.01015625 0.014583333333333334
0 0.559375 0.5611111111111111 0.0203125 0.02361111111111111
0 0.608984375 0.56875 0.024609375 0.035416666666666666
0 0.75546875 0.5902777777777778 0.13125 0.14305555555555555
0 0.321484375 0.5902777777777778 0.029296875 0.03611111111111111
0 0.054296875 0.6930555555555555 0.054296875 0.1597222222222222
