9 0.360546875 0.40069444444444446 0.003515625 0.013194444444444444
9 0.312109375 0.4125 0.003515625 0.009722222222222222
9 0.25234375 0.40555555555555556 0.00390625 0.008333333333333333
8 0.459375 0.3902777777777778 0.00546875 0.019444444444444445
0 0.32890625 0.45069444444444445 0.00703125 0.011805555555555555
0 0.31484375 0.45416666666666666 0.0109375 0.015277777777777777
0 0.2921875 0.45208333333333334 0.015625 0.021527777777777778
0 0.2625 0.4666666666666667 0.0296875 0.03194444444444444
0 0.212109375 0.49375 0.031640625 0.04097222222222222
0 0.148046875 0.4986111111111111 0.046484375 0.06805555555555555
0 0.015625 0.5972222222222222 0.01484375 0.07083333333333333
0 0.071484375 0.5368055555555555 0.071484375 0.08402777777777778
0 0.392578125 0.4479166666666667 0.005859375 0.013194444444444444
0 0.40234375 0.45 0.009375 0.02361111111111111
0 0.43203125 0.45 0.02890625 0.044444444444444446
0 0.495703125 0.46111111111111114 0.043359375 0.06805555555555555
0 0.56328125 0.5 0.059375 0.09444444444444444
0 0.765625 0.5118055555555555 0.18828125 0.19236111111111112
0 0.353125 0.4534722222222222 0.01953125 0.03125
