4 0.372265625 0.4076388888888889 0.009765625 0.014583333333333334
4 0.4546875 0.4326388888888889 0.01484375 0.034027777777777775
4 0.428125 0.4201388888888889 0.0078125 0.011805555555555555
0 0.3828125 0.42916666666666664 0.01015625 0.0125
0 0.4125 0.4263888888888889 0.00546875 0.005555555555555556
0 0.516015625 0.45069444444444445 0.014453125 0.02847222222222222
0 0.483203125 0.44513888888888886 0.015234375 0.02013888888888889
0 0.555078125 0.45694444444444443 0.011328125 0.020833333333333332
0 0.61875 0.4638888888888889 0.0078125 0.025
0 0.62734375 0.4597222222222222 0.009375 0.016666666666666666
0 0.705078125 0.4701388888888889 0.036328125 0.04236111111111111
0 0.93046875 0.5076388888888889 0.06796875 0.06875
0 0.3171875 0.45069444444444445 0.0203125 0.02847222222222222
0 0.407421875 0.49375 0.043359375 0.06180555555555556
0 0.494921875 0.4708333333333333 0.026953125 0.034722222222222224
0 0.58828125 0.46944444444444444 0.03046875 0.03611111111111111
0 0.780078125 0.5076388888888889 0.079296875 0.06597222222222222
0 0.794140625 0.43194444444444446 0.013671875 0.009722222222222222
