0 0.367578125 0.48819444444444443 0.041015625 0.06041666666666667
0 0.252734375 0.48194444444444445 0.016796875 0.015277777777777777
0 0.411328125 0.4583333333333333 0.006640625 0.0125
0 0.4296875 0.45625 0.01171875 0.014583333333333334
0 0.448828125 0.45902777777777776 0.017578125 0.01875
0 0.5046875 0.4597222222222222 0.0296875 0.027777777777777776
9 0.319140625 0.42083333333333334 0.004296875 0.009722222222222222
2 0.019921875 0.5222222222222223 0.010546875 0.03194444444444444
0 0.202734375 0.5006944444444444 0.025390625 0.024305555555555556
0 0.143359375 0.5152777777777777 0.032421875 0.03611111111111111
3 0.761328125 0.5090277777777777 0.037109375 0.052083333333333336
