8 0.387109375 0.43125 0.004296875 0.009027777777777777
8 0.657421875 0.34791666666666665 0.011328125 0.02013888888888889
9 0.35703125 0.43333333333333335 0.0046875 0.009722222222222222
8 0.430078125 0.45069444444444445 0.003515625 0.010416666666666666
9 0.286328125 0.4527777777777778 0.005078125 0.008333333333333333
0 0.346484375 0.4673611111111111 0.005859375 0.010416666666666666
0 0.36875 0.46944444444444444 0.009375 0.0125
0 0.38515625 0.4618055555555556 0.009375 0.009027777777777777
0 0.384375 0.48194444444444445 0.009375 0.0125
0 0.401171875 0.4888888888888889 0.011328125 0.018055555555555554
0 0.4328125 0.49930555555555556 0.02421875 0.034027777777777775
0 0.30859375 0.4722222222222222 0.01015625 0.013888888888888888
0 0.236328125 0.4722222222222222 0.013671875 0.015277777777777777
0 0.216015625 0.47847222222222224 0.015234375 0.021527777777777778
0 0.1765625 0.4840277777777778 0.0296875 0.03125
0 0.104296875 0.49722222222222223 0.043359375 0.04722222222222222
0 0.491015625 0.5243055555555556 0.040234375 0.05347222222222222
9 0.327734375 0.43472222222222223 0.003515625 0.008333333333333333
0 0.90703125 0.7951388888888888 0.09140625 0.19236111111111112
0 0.323828125 0.4652777777777778 0.006640625 0.016666666666666666
