0 0.40234375 0.5777777777777777 0.00546875 0.006944444444444444
0 0.41796875 0.5736111111111111 0.0046875 0.008333333333333333
0 0.4859375 0.5673611111111111 0.009375 0.011805555555555555
0 0.51484375 0.5680555555555555 0.0140625 0.016666666666666666
0 0.2375 0.6006944444444444 0.01640625 0.013194444444444444
0 0.07890625 0.6034722222222222 0.02109375 0.024305555555555556
0 0.85703125 0.5465277777777777 0.140625 0.06875
0 0.425390625 0.5798611111111112 0.005859375 0.009027777777777777
0 0.439453125 0.5777777777777777 0.005078125 0.009722222222222222
0 0.6375 0.5729166666666666 0.0484375 0.059027777777777776
