0 0.2234375 0.5951388888888889 0.00625 0.00625
0 0.328125 0.5875 0.00625 0.005555555555555556
0 0.48671875 0.5743055555555555 0.0078125 0.017361111111111112
0 0.500390625 0.5770833333333333 0.012109375 0.021527777777777778
0 0.511328125 0.5756944444444444 0.018359375 0.022916666666666665
0 0.528515625 0.58125 0.023828125 0.029861111111111113
0 0.740234375 0.5819444444444445 0.070703125 0.04027777777777778
0 0.6828125 0.5534722222222223 0.02265625 0.01875
0 0.8703125 0.5506944444444445 0.03828125 0.022916666666666665
0 0.951171875 0.5645833333333333 0.046484375 0.03819444444444445
0 0.25234375 0.5881944444444445 0.01015625 0.009027777777777777
0 0.085546875 0.59375 0.018359375 0.009027777777777777
0 0.35625 0.5881944444444445 0.015625 0.021527777777777778
0 0.42578125 0.5875 0.0046875 0.006944444444444444
2 0.268359375 0.5951388888888889 0.006640625 0.025694444444444443
