0 0.444140625 0.4236111111111111 0.018359375 0.018055555555555554
0 0.4125 0.42291666666666666 0.015625 0.024305555555555556
0 0.371875 0.4375 0.0234375 0.030555555555555555
0 0.3421875 0.4361111111111111 0.02265625 0.034722222222222224
0 0.29296875 0.4479166666666667 0.0390625 0.049305555555555554
0 0.1875 0.45555555555555555 0.071875 0.075
0 0.062890625 0.46597222222222223 0.062890625 0.11180555555555556
8 0.77421875 0.09791666666666667 0.01953125 0.034027777777777775
9 0.499609375 0.36041666666666666 0.005859375 0.01597222222222222
9 0.43125 0.3736111111111111 0.00546875 0.015277777777777777
