9 0.153125 0.19722222222222222 0.00703125 0.027777777777777776
9 0.53359375 0.14305555555555555 0.00546875 0.03194444444444444
9 0.1703125 0.2 0.00703125 0.02361111111111111
8 0.19140625 0.3020833333333333 0.01328125 0.009027777777777777
8 0.1765625 0.2902777777777778 0.01328125 0.009722222222222222
9 0.171484375 0.34652777777777777 0.007421875 0.017361111111111112
9 0.1484375 0.3451388888888889 0.00625 0.013194444444444444
9 0.665625 0.3076388888888889 0.01171875 0.02013888888888889
0 0.50078125 0.4423611111111111 0.01953125 0.03263888888888889
0 0.39609375 0.41458333333333336 0.0078125 0.014583333333333334
0 0.385546875 0.4270833333333333 0.008984375 0.017361111111111112
0 0.36015625 0.43125 0.01640625 0.025694444444444443
0 0.351953125 0.39861111111111114 0.008984375 0.006944444444444444
0 0.27890625 0.43194444444444446 0.01015625 0.02638888888888889
0 0.25078125 0.41805555555555557 0.015625 0.02361111111111111
0 0.316015625 0.4388888888888889 0.030859375 0.04722222222222222
0 0.44140625 0.46875 0.04140625 0.07013888888888889
0 0.687890625 0.4979166666666667 0.101171875 0.11180555555555556
0 0.939453125 0.7083333333333334 0.057421875 0.16805555555555557
2 0.2671875 0.42083333333333334 0.00546875 0.029166666666666667
8 0.858203125 0.1638888888888889 0.012109375 0.029166666666666667
8 0.52109375 0.3284722222222222 0.0046875 0.010416666666666666
8 0.46171875 0.3840277777777778 0.0046875 0.010416666666666666
