0 0.423046875 0.5923611111111111 0.008203125 0.017361111111111112
0 0.402734375 0.59375 0.013671875 0.027083333333333334
0 0.37890625 0.6006944444444444 0.021875 0.03263888888888889
0 0.33515625 0.6020833333333333 0.03046875 0.04513888888888889
0 0.24453125 0.5881944444444445 0.0171875 0.02013888888888889
0 0.295703125 0.6347222222222222 0.060546875 0.06805555555555555
0 0.11875 0.6743055555555556 0.11796875 0.16597222222222222
0 0.446875 0.5916666666666667 0.015625 0.02361111111111111
2 0.59140625 0.6006944444444444 0.01171875 0.05625
0 0.432421875 0.5902777777777778 0.005859375 0.013888888888888888
