9 0.390234375 0.2611111111111111 0.002734375 0.009722222222222222
9 0.416015625 0.24305555555555555 0.004296875 0.011111111111111112
9 0.3984375 0.2673611111111111 0.00390625 0.013194444444444444
9 0.321875 0.3597222222222222 0.00546875 0.008333333333333333
9 0.543359375 0.3458333333333333 0.006640625 0.008333333333333333
9 0.428515625 0.27361111111111114 0.004296875 0.009722222222222222
8 0.427734375 0.3645833333333333 0.005859375 0.009027777777777777
0 0.39609375 0.40555555555555556 0.00625 0.011111111111111112
0 0.38203125 0.41041666666666665 0.009375 0.01597222222222222
0 0.41484375 0.4076388888888889 0.009375 0.014583333333333334
0 0.433203125 0.4013888888888889 0.005859375 0.011111111111111112
0 0.44609375 0.4083333333333333 0.00703125 0.011111111111111112
0 0.46484375 0.4097222222222222 0.01171875 0.016666666666666666
0 0.48828125 0.4215277777777778 0.01640625 0.034027777777777775
0 0.526953125 0.425 0.033984375 0.04722222222222222
0 0.591796875 0.45555555555555555 0.056640625 0.08055555555555556
0 0.74609375 0.5118055555555555 0.15234375 0.1284722222222222
0 0.896484375 0.5611111111111111 0.100390625 0.19166666666666668
0 0.312109375 0.4326388888888889 0.022265625 0.04513888888888889
0 0.250390625 0.4395833333333333 0.062109375 0.07430555555555556
0 0.08828125 0.5340277777777778 0.08671875 0.17847222222222223
2 0.337890625 0.41458333333333336 0.003515625 0.017361111111111112
