9 0.4109375 0.45555555555555555 0.0046875 0.011111111111111112
9 0.533984375 0.4722222222222222 0.002734375 0.006944444444444444
9 0.3609375 0.5097222222222222 0.003125 0.005555555555555556
8 0.3671875 0.47847222222222224 0.00625 0.003472222222222222
8 0.367578125 0.45208333333333334 0.007421875 0.007638888888888889
8 0.38671875 0.46041666666666664 0.0109375 0.004861111111111111
8 0.36171875 0.49444444444444446 0.00390625 0.005555555555555556
8 0.563671875 0.47152777777777777 0.010546875 0.004861111111111111
8 0.598828125 0.4638888888888889 0.006640625 0.008333333333333333
0 0.4 0.5506944444444445 0.01484375 0.025694444444444443
0 0.425390625 0.5569444444444445 0.014453125 0.025
0 0.49140625 0.5486111111111112 0.01171875 0.025
0 0.52109375 0.54375 0.01015625 0.017361111111111112
0 0.5375 0.5625 0.00703125 0.025
0 0.483984375 0.5048611111111111 0.005859375 0.00625
0 0.45859375 0.5680555555555555 0.028125 0.041666666666666664
0 0.56796875 0.5736111111111111 0.02578125 0.0375
0 0.296484375 0.55 0.023046875 0.029166666666666667
0 0.2 0.5701388888888889 0.02109375 0.03263888888888889
0 0.13984375 0.5763888888888888 0.0484375 0.05
0 0.261328125 0.56875 0.042578125 0.04513888888888889
0 0.052734375 0.5847222222222223 0.052734375 0.06388888888888888
0 0.4921875 0.49583333333333335 0.00390625 0.004166666666666667
0 0.473828125 0.49166666666666664 0.004296875 0.005555555555555556
8 0.44375 0.5041666666666667 0.00234375 0.005555555555555556
8 0.451171875 0.4861111111111111 0.005078125 0.004166666666666667
8 0.459375 0.4888888888888889 0.00390625 0.002777777777777778
