1 0.471875 0.35138888888888886 0.0078125 0.0125
1 0.41796875 0.3645833333333333 0.01171875 0.017361111111111112
0 0.439453125 0.3680555555555556 0.005078125 0.006944444444444444
0 0.48359375 0.3645833333333333 0.00390625 0.010416666666666666
0 0.473828125 0.37083333333333335 0.004296875 0.011111111111111112
0 0.46171875 0.37222222222222223 0.00625 0.005555555555555556
0 0.46015625 0.3888888888888889 0.00546875 0.008333333333333333
0 0.465625 0.40694444444444444 0.01015625 0.016666666666666666
0 0.48671875 0.4027777777777778 0.00703125 0.0125
0 0.43828125 0.3840277777777778 0.00859375 0.00625
0 0.4359375 0.40208333333333335 0.00859375 0.01597222222222222
4 0.3671875 0.3972222222222222 0.0203125 0.043055555555555555
0 0.331640625 0.4125 0.008984375 0.0125
0 0.3125 0.42430555555555555 0.01328125 0.01875
0 0.35 0.44583333333333336 0.01484375 0.02638888888888889
0 0.3140625 0.47291666666666665 0.0234375 0.03263888888888889
0 0.204296875 0.5069444444444444 0.048046875 0.041666666666666664
0 0.42734375 0.5055555555555555 0.0421875 0.07083333333333333
4 0.0546875 0.4173611111111111 0.0546875 0.19930555555555557
8 0.52265625 0.35208333333333336 0.00546875 0.021527777777777778
