9 0.244921875 0.14097222222222222 0.008984375 0.03680555555555556
9 0.49453125 0.20347222222222222 0.00625 0.02847222222222222
9 0.846875 0.30486111111111114 0.00625 0.027083333333333334
9 0.344921875 0.39444444444444443 0.003515625 0.009722222222222222
8 0.333984375 0.41388888888888886 0.011328125 0.009722222222222222
8 0.494921875 0.3590277777777778 0.023828125 0.04375
8 0.493359375 0.2798611111111111 0.019140625 0.009027777777777777
8 0.490234375 0.15208333333333332 0.010546875 0.02013888888888889
8 0.84921875 0.24305555555555555 0.01171875 0.013888888888888888
8 0.84765625 0.20833333333333334 0.0109375 0.013888888888888888
8 0.735546875 0.3590277777777778 0.005078125 0.01875
8 0.7515625 0.3659722222222222 0.0078125 0.009027777777777777
9 0.159765625 0.40694444444444444 0.002734375 0.009722222222222222
9 0.15234375 0.40625 0.003125 0.009027777777777777
8 0.03515625 0.36319444444444443 0.0171875 0.03819444444444445
8 0.1359375 0.35138888888888886 0.02421875 0.015277777777777777
8 0.09375 0.4326388888888889 0.0109375 0.009027777777777777
4 0.26796875 0.4638888888888889 0.0296875 0.04861111111111111
2 0.5265625 0.4548611111111111 0.00703125 0.035416666666666666
0 0.610546875 0.5180555555555556 0.089453125 0.12777777777777777
8 0.7921875 0.49027777777777776 0.02578125 0.05138888888888889
0 0.091015625 0.55625 0.091015625 0.09652777777777778
9 0.860546875 0.36319444444444443 0.008984375 0.01597222222222222
9 0.83828125 0.36666666666666664 0.00546875 0.0125
8 0.848828125 0.3416666666666667 0.012890625 0.009722222222222222
9 0.355078125 0.43680555555555556 0.005859375 0.010416666666666666
8 0.362890625 0.42291666666666666 0.007421875 0.00625
8 0.364453125 0.38472222222222224 0.007421875 0.015277777777777777
8 0.363671875 0.3548611111111111 0.008203125 0.014583333333333334
8 0.221875 0.425 0.00859375 0.008333333333333333
