8 0.400390625 0.29305555555555557 0.018359375 0.019444444444444445
8 0.43828125 0.29444444444444445 0.015625 0.013888888888888888
8 0.675 0.2986111111111111 0.0125 0.027777777777777776
8 0.1578125 0.3215277777777778 0.00546875 0.011805555555555555
8 0.187109375 0.3090277777777778 0.004296875 0.00625
8 0.21875 0.3326388888888889 0.0046875 0.010416666666666666
8 0.265234375 0.32708333333333334 0.008984375 0.010416666666666666
0 0.08359375 0.375 0.0390625 0.029166666666666667
0 0.184375 0.36875 0.03203125 0.025694444444444443
0 0.148828125 0.3638888888888889 0.014453125 0.016666666666666666
0 0.22890625 0.36527777777777776 0.01796875 0.020833333333333332
0 0.31171875 0.3958333333333333 0.04375 0.059722222222222225
0 0.4546875 0.4097222222222222 0.03984375 0.05
0 0.691015625 0.45694444444444443 0.084765625 0.09305555555555556
0 0.584765625 0.40625 0.025390625 0.02847222222222222
0 0.3609375 0.3909722222222222 0.015625 0.027083333333333334
0 0.378125 0.3770833333333333 0.00625 0.013194444444444444
0 0.41875 0.3861111111111111 0.01171875 0.022222222222222223
0 0.403125 0.3763888888888889 0.0078125 0.009722222222222222
0 0.5078125 0.3902777777777778 0.0234375 0.0375
0 0.78125 0.43194444444444446 0.04296875 0.059722222222222225
0 0.269140625 0.3659722222222222 0.006640625 0.009027777777777777
