0 0.32265625 0.3548611111111111 0.01015625 0.011805555555555555
0 0.16796875 0.38055555555555554 0.01640625 0.018055555555555554
0 0.443359375 0.3659722222222222 0.010546875 0.02013888888888889
0 0.539453125 0.3923611111111111 0.049609375 0.08402777777777778
0 0.658203125 0.41875 0.105859375 0.12291666666666666
0 0.12734375 0.3902777777777778 0.02734375 0.025
0 0.36328125 0.36736111111111114 0.0125 0.021527777777777778
0 0.4125 0.3736111111111111 0.0171875 0.025
0 0.46796875 0.3701388888888889 0.01328125 0.021527777777777778
0 0.389453125 0.35625 0.008984375 0.010416666666666666
0 0.84296875 0.525 0.1546875 0.22916666666666666
8 0.283203125 0.30486111111111114 0.008203125 0.011805555555555555
8 0.516796875 0.25972222222222224 0.006640625 0.006944444444444444
8 0.54765625 0.25763888888888886 0.01171875 0.009027777777777777
8 0.529296875 0.26805555555555555 0.008203125 0.009722222222222222
9 0.283203125 0.27708333333333335 0.005078125 0.013194444444444444
9 0.417578125 0.22430555555555556 0.006640625 0.021527777777777778
9 0.427734375 0.21875 0.005078125 0.01875
