0 0.846875 0.36319444444444443 0.1515625 0.21458333333333332
0 0.222265625 0.2951388888888889 0.051171875 0.06875
0 0.533203125 0.2673611111111111 0.053515625 0.07291666666666667
0 0.43125 0.24722222222222223 0.01953125 0.030555555555555555
0 0.24765625 0.2652777777777778 0.04375 0.058333333333333334
0 0.286328125 0.25277777777777777 0.008984375 0.03888888888888889
0 0.311328125 0.25416666666666665 0.019921875 0.0375
0 0.475 0.26319444444444445 0.015625 0.04375
0 0.409375 0.25069444444444444 0.00625 0.024305555555555556
0 0.398828125 0.24027777777777778 0.008984375 0.019444444444444445
8 0.4703125 0.14027777777777778 0.009375 0.008333333333333333
8 0.37265625 0.18611111111111112 0.00625 0.005555555555555556
9 0.362890625 0.15069444444444444 0.003515625 0.011805555555555555
9 0.43359375 0.19930555555555557 0.00546875 0.007638888888888889
9 0.357421875 0.14930555555555555 0.003515625 0.01597222222222222
8 0.24296875 0.18333333333333332 0.0046875 0.011111111111111112
8 0.2671875 0.14166666666666666 0.0046875 0.009722222222222222
8 0.269921875 0.15555555555555556 0.007421875 0.006944444444444444
8 0.20546875 0.07777777777777778 0.01484375 0.0125
