9 0.35 0.26875 0.0125 0.049305555555555554
9 0.236328125 0.525 0.008984375 0.029166666666666667
9 0.2625 0.5326388888888889 0.009375 0.024305555555555556
9 0.2578125 0.4597222222222222 0.00625 0.0125
9 0.90859375 0.5090277777777777 0.01640625 0.06458333333333334
9 0.8859375 0.5381944444444444 0.01015625 0.034027777777777775
9 0.85859375 0.55 0.01171875 0.03194444444444444
9 0.9515625 0.16527777777777777 0.02109375 0.06805555555555555
8 0.35 0.20208333333333334 0.009375 0.014583333333333334
8 0.950390625 0.07152777777777777 0.008984375 0.025694444444444443
8 0.57734375 0.5201388888888889 0.01171875 0.017361111111111112
8 0.58515625 0.5555555555555556 0.01640625 0.018055555555555554
8 0.73515625 0.5180555555555556 0.01796875 0.019444444444444445
8 0.50390625 0.5770833333333333 0.00625 0.009027777777777777
8 0.503125 0.6006944444444444 0.00546875 0.014583333333333334
8 0.70234375 0.5208333333333334 0.00390625 0.020833333333333332
8 0.483984375 0.6159722222222223 0.004296875 0.010416666666666666
9 0.455078125 0.6256944444444444 0.004296875 0.010416666666666666
0 0.434375 0.6361111111111111 0.0046875 0.009722222222222222
0 0.450390625 0.6416666666666667 0.005859375 0.0125
0 0.45859375 0.6569444444444444 0.01015625 0.020833333333333332
0 0.469921875 0.6680555555555555 0.013671875 0.029166666666666667
0 0.47890625 0.6875 0.01171875 0.043055555555555555
0 0.43671875 0.6597222222222222 0.00625 0.018055555555555554
0 0.315234375 0.6305555555555555 0.010546875 0.015277777777777777
2 0.30234375 0.63125 0.00390625 0.014583333333333334
2 0.28046875 0.6319444444444444 0.00703125 0.022222222222222223
2 0.13984375 0.6569444444444444 0.00546875 0.0375
2 0.136328125 0.6805555555555556 0.005078125 0.04583333333333333
2 0.109765625 0.6729166666666667 0.009765625 0.05763888888888889
2 0.173046875 0.6798611111111111 0.007421875 0.07291666666666667
2 0.211328125 0.6305555555555555 0.001953125 0.025
2 0.20234375 0.6270833333333333 0.00546875 0.021527777777777778
2 0.084375 0.6666666666666666 0.01015625 0.06666666666666667
2 0.08984375 0.66875 0.01171875 0.06180555555555556
2 0.69921875 0.6451388888888889 0.01015625 0.035416666666666666
2 0.683203125 0.6631944444444444 0.006640625 0.02847222222222222
2 0.6671875 0.6548611111111111 0.00546875 0.025694444444444443
2 0.65 0.6715277777777777 0.0046875 0.022916666666666665
2 0.641015625 0.6736111111111112 0.004296875 0.027777777777777776
2 0.631640625 0.68125 0.006640625 0.029861111111111113
2 0.8171875 0.6513888888888889 0.00703125 0.03611111111111111
2 0.83828125 0.6986111111111111 0.015625 0.044444444444444446
2 0.902734375 0.6472222222222223 0.012890625 0.0375
2 0.962890625 0.6743055555555556 0.014453125 0.059027777777777776
2 0.80078125 0.6631944444444444 0.00390625 0.024305555555555556
2 0.584375 0.68125 0.01015625 0.04513888888888889
3 0.56640625 0.6909722222222222 0.01171875 0.04236111111111111
2 0.554296875 0.6861111111111111 0.007421875 0.0375
3 0.66328125 0.70625 0.01171875 0.024305555555555556
2 0.15859375 0.6888888888888889 0.01640625 0.07916666666666666
0 0.369140625 0.7097222222222223 0.075390625 0.12361111111111112
0 0.5125 0.6958333333333333 0.03671875 0.05694444444444444
2 0.614453125 0.6861111111111111 0.005078125 0.027777777777777776
