0 0.396484375 0.5055555555555555 0.005859375 0.008333333333333333
0 0.404296875 0.50625 0.004296875 0.009027777777777777
0 0.409375 0.5055555555555555 0.00546875 0.0125
0 0.41640625 0.5076388888888889 0.00546875 0.017361111111111112
0 0.4296875 0.5076388888888889 0.0078125 0.021527777777777778
0 0.433984375 0.5173611111111112 0.006640625 0.024305555555555556
0 0.443359375 0.5194444444444445 0.007421875 0.02638888888888889
0 0.448828125 0.5201388888888889 0.008984375 0.027083333333333334
0 0.3640625 0.5173611111111112 0.0046875 0.01597222222222222
0 0.33671875 0.5340277777777778 0.02734375 0.04097222222222222
0 0.512890625 0.5284722222222222 0.039453125 0.06597222222222222
0 0.548046875 0.5638888888888889 0.024609375 0.058333333333333334
0 0.19765625 0.5659722222222222 0.13359375 0.19930555555555557
0 0.37890625 0.5208333333333334 0.015625 0.022222222222222223
9 0.086328125 0.3333333333333333 0.006640625 0.02361111111111111
9 0.4203125 0.3590277777777778 0.0046875 0.02013888888888889
9 0.072265625 0.33541666666666664 0.006640625 0.021527777777777778
9 0.41171875 0.36041666666666666 0.00546875 0.01875
9 0.3859375 0.45069444444444445 0.0046875 0.011805555555555555
9 0.31484375 0.45069444444444445 0.00546875 0.011805555555555555
8 0.0359375 0.42569444444444443 0.0125 0.009027777777777777
8 0.031640625 0.4486111111111111 0.008984375 0.009722222222222222
8 0.4984375 0.41180555555555554 0.00859375 0.010416666666666666
2 0.465234375 0.5284722222222222 0.011328125 0.050694444444444445
7 0.583203125 0.4583333333333333 0.035546875 0.12361111111111112
7 0.640625 0.4152777777777778 0.05390625 0.17777777777777778
7 0.921484375 0.3701388888888889 0.076953125 0.27569444444444446
0 0.031640625 0.5694444444444444 0.031640625 0.059722222222222225
0 0.953515625 0.8138888888888889 0.043359375 0.06805555555555555
1 0.37109375 0.49375 0.0078125 0.007638888888888889
