8 0.596875 0.08125 0.01953125 0.05625
8 0.61796875 0.07361111111111111 0.01328125 0.029166666666666667
8 0.55078125 0.30694444444444446 0.00703125 0.0125
8 0.53125 0.3034722222222222 0.00625 0.004861111111111111
8 0.531640625 0.32083333333333336 0.004296875 0.004166666666666667
8 0.525 0.3145833333333333 0.00703125 0.004861111111111111
9 0.28671875 0.3055555555555556 0.0046875 0.013888888888888888
9 0.465234375 0.2916666666666667 0.003515625 0.011111111111111112
9 0.480078125 0.3388888888888889 0.002734375 0.006944444444444444
9 0.416796875 0.3451388888888889 0.001953125 0.007638888888888889
0 0.42890625 0.45208333333333334 0.06796875 0.09097222222222222
0 0.501953125 0.41597222222222224 0.025390625 0.050694444444444445
0 0.3609375 0.4076388888888889 0.015625 0.027083333333333334
0 0.317578125 0.4076388888888889 0.016015625 0.014583333333333334
0 0.336328125 0.4041666666666667 0.007421875 0.011111111111111112
0 0.016015625 0.44583333333333336 0.016015625 0.02361111111111111
0 0.145703125 0.4340277777777778 0.023828125 0.022916666666666665
0 0.091796875 0.4354166666666667 0.026953125 0.017361111111111112
8 0.623828125 0.13680555555555557 0.024609375 0.027083333333333334
