0 0.90078125 0.37083333333333335 0.0078125 0.009722222222222222
0 0.88828125 0.37222222222222223 0.00859375 0.013888888888888888
0 0.8765625 0.375 0.00859375 0.016666666666666666
0 0.8671875 0.3840277777777778 0.0078125 0.02013888888888889
0 0.85625 0.3888888888888889 0.0125 0.022222222222222223
0 0.830078125 0.39444444444444443 0.019921875 0.03194444444444444
0 0.8 0.375 0.01328125 0.016666666666666666
0 0.755859375 0.38680555555555557 0.041796875 0.02847222222222222
0 0.9390625 0.36875 0.00859375 0.009027777777777777
0 0.955859375 0.3736111111111111 0.013671875 0.013888888888888888
0 0.982421875 0.3763888888888889 0.016015625 0.02361111111111111
0 0.91875 0.36319444444444443 0.0078125 0.010416666666666666
0 0.817578125 0.40694444444444444 0.027734375 0.029166666666666667
0 0.040234375 0.5069444444444444 0.040234375 0.0763888888888889
