9 0.196484375 0.14097222222222222 0.018359375 0.06319444444444444
9 0.622265625 0.375 0.011328125 0.041666666666666664
9 0.4796875 0.6513888888888889 0.0046875 0.011111111111111112
9 0.430078125 0.6555555555555556 0.003515625 0.011111111111111112
9 0.7375 0.6090277777777777 0.0109375 0.024305555555555556
9 0.158984375 0.14166666666666666 0.014453125 0.05555555555555555
9 0.60234375 0.38055555555555554 0.01171875 0.04027777777777778
9 0.708203125 0.6138888888888889 0.008984375 0.018055555555555554
8 0.596484375 0.6590277777777778 0.009765625 0.02013888888888889
8 0.717578125 0.5506944444444445 0.011328125 0.02847222222222222
8 0.721875 0.4527777777777778 0.015625 0.013888888888888888
8 0.73671875 0.5152777777777777 0.01171875 0.013888888888888888
0 0.96640625 0.76875 0.03125 0.04652777777777778
8 0.015234375 0.5013888888888889 0.015234375 0.016666666666666666
0 0.2375 0.7458333333333333 0.0484375 0.043055555555555555
0 0.627734375 0.7361111111111112 0.042578125 0.04861111111111111
0 0.475 0.7111111111111111 0.01015625 0.011111111111111112
0 0.29765625 0.725 0.02734375 0.03888888888888889
0 0.33359375 0.7194444444444444 0.01328125 0.03888888888888889
0 0.363671875 0.7270833333333333 0.011328125 0.024305555555555556
0 0.38515625 0.7194444444444444 0.0140625 0.019444444444444445
0 0.4046875 0.7201388888888889 0.009375 0.017361111111111112
0 0.416796875 0.7229166666666667 0.006640625 0.01875
0 0.58125 0.7326388888888888 0.0140625 0.03680555555555556
0 0.561328125 0.7340277777777777 0.012109375 0.03125
0 0.541796875 0.7263888888888889 0.010546875 0.02638888888888889
0 0.529296875 0.7208333333333333 0.008203125 0.020833333333333332
0 0.514453125 0.7152777777777778 0.009765625 0.015277777777777777
