0 0.3234375 0.6319444444444444 0.0046875 0.009722222222222222
0 0.30234375 0.6548611111111111 0.0234375 0.03263888888888889
0 0.275 0.6736111111111112 0.00625 0.0125
4 0.240234375 0.6541666666666667 0.030859375 0.03888888888888889
0 0.1859375 0.6618055555555555 0.03515625 0.04652777777777778
0 0.16171875 0.6756944444444445 0.03203125 0.04652777777777778
0 0.36796875 0.6576388888888889 0.0484375 0.08402777777777778
0 0.08515625 0.74375 0.08515625 0.22152777777777777
8 0.503125 0.3888888888888889 0.0109375 0.015277777777777777
2 0.537890625 0.6277777777777778 0.009765625 0.058333333333333334
