9 0.44453125 0.35555555555555557 0.0046875 0.013888888888888888
8 0.56875 0.3388888888888889 0.01015625 0.008333333333333333
8 0.566796875 0.30486111111111114 0.008984375 0.01875
8 0.85703125 0.15 0.0171875 0.02361111111111111
0 0.423828125 0.39791666666666664 0.011328125 0.01875
0 0.337890625 0.41875 0.053515625 0.06319444444444444
0 0.198828125 0.46111111111111114 0.096484375 0.12916666666666668
0 0.48359375 0.4027777777777778 0.00625 0.013888888888888888
0 0.56015625 0.4166666666666667 0.02265625 0.04722222222222222
0 0.5828125 0.42569444444444443 0.0296875 0.05625
0 0.636328125 0.43333333333333335 0.043359375 0.07777777777777778
0 0.449609375 0.40208333333333335 0.006640625 0.013194444444444444
0 0.46640625 0.4048611111111111 0.0078125 0.011805555555555555
0 0.501953125 0.4111111111111111 0.014453125 0.022222222222222223
0 0.41015625 0.4125 0.0125 0.020833333333333332
0 0.71640625 0.4708333333333333 0.0984375 0.09166666666666666
0 0.098828125 0.5319444444444444 0.098828125 0.16666666666666666
