0 0.09140625 0.5715277777777777 0.09140625 0.09791666666666667
8 0.11640625 0.4444444444444444 0.009375 0.0125
0 0.375390625 0.5965277777777778 0.058984375 0.07430555555555556
8 0.91015625 0.41388888888888886 0.0203125 0.03333333333333333
8 0.87265625 0.3020833333333333 0.0265625 0.01597222222222222
2 0.7890625 0.5722222222222222 0.01328125 0.05416666666666667
0 0.54140625 0.5618055555555556 0.028125 0.06458333333333334
0 0.5015625 0.5625 0.01484375 0.025
0 0.43828125 0.5569444444444445 0.01171875 0.019444444444444445
0 0.457421875 0.5659722222222222 0.013671875 0.022916666666666665
0 0.47421875 0.55625 0.00546875 0.01597222222222222
0 0.48046875 0.5541666666666667 0.00546875 0.016666666666666666
0 0.491796875 0.5479166666666667 0.005859375 0.013194444444444444
8 0.66484375 0.4361111111111111 0.00625 0.011111111111111112
8 0.66484375 0.45902777777777776 0.01015625 0.010416666666666666
9 0.530859375 0.16458333333333333 0.007421875 0.03958333333333333
9 0.45390625 0.4909722222222222 0.00234375 0.014583333333333334
8 0.116796875 0.47847222222222224 0.008203125 0.011805555555555555
8 0.11953125 0.46458333333333335 0.00546875 0.007638888888888889
9 0.5265625 0.4861111111111111 0.003125 0.011111111111111112
