9 0.359765625 0.47152777777777777 0.005078125 0.009027777777777777
9 0.39765625 0.5493055555555556 0.003125 0.004861111111111111
9 0.394921875 0.5694444444444444 0.002734375 0.005555555555555556
9 0.55546875 0.4527777777777778 0.00390625 0.006944444444444444
0 0.48359375 0.6013888888888889 0.0109375 0.019444444444444445
4 0.4421875 0.575 0.03125 0.06111111111111111
4 0.571875 0.5597222222222222 0.03203125 0.05555555555555555
0 0.40390625 0.5979166666666667 0.00859375 0.013194444444444444
2 0.753125 0.5798611111111112 0.01171875 0.03958333333333333
9 0.648828125 0.5215277777777778 0.005859375 0.010416666666666666
9 0.165234375 0.5388888888888889 0.005859375 0.0125
