9 0.2796875 0.3784722222222222 0.00390625 0.02013888888888889
9 0.33671875 0.42430555555555555 0.003125 0.013194444444444444
9 0.390234375 0.3993055555555556 0.004296875 0.017361111111111112
9 0.4 0.3923611111111111 0.0046875 0.02013888888888889
9 0.441796875 0.42291666666666666 0.003515625 0.017361111111111112
9 0.47421875 0.42430555555555555 0.00390625 0.017361111111111112
9 0.570703125 0.4236111111111111 0.003515625 0.013888888888888888
9 0.61484375 0.425 0.003125 0.015277777777777777
8 0.499609375 0.43194444444444446 0.003515625 0.015277777777777777
8 0.3796875 0.38125 0.0078125 0.017361111111111112
8 0.559765625 0.4909722222222222 0.004296875 0.007638888888888889
8 0.669140625 0.4895833333333333 0.006640625 0.009027777777777777
0 0.22265625 0.5152777777777777 0.00625 0.006944444444444444
0 0.240234375 0.5138888888888888 0.013671875 0.011111111111111112
0 0.372265625 0.5326388888888889 0.008203125 0.01597222222222222
0 0.3578125 0.5291666666666667 0.0125 0.022222222222222223
0 0.30546875 0.5458333333333333 0.0234375 0.034722222222222224
1 0.2796875 0.5097222222222222 0.01796875 0.020833333333333332
0 0.197265625 0.5243055555555556 0.008203125 0.010416666666666666
0 0.181640625 0.5201388888888889 0.005859375 0.009027777777777777
0 0.144921875 0.5027777777777778 0.012890625 0.005555555555555556
0 0.166796875 0.5159722222222223 0.020703125 0.013194444444444444
0 0.146875 0.5229166666666667 0.03046875 0.021527777777777778
0 0.121484375 0.5319444444444444 0.046484375 0.025
0 0.070703125 0.5090277777777777 0.016796875 0.01597222222222222
0 0.043359375 0.5083333333333333 0.018359375 0.0125
0 0.580078125 0.5527777777777778 0.030078125 0.04583333333333333
0 0.664453125 0.5944444444444444 0.063671875 0.08333333333333333
0 0.615625 0.5402777777777777 0.009375 0.019444444444444445
0 0.76875 0.5631944444444444 0.04453125 0.04791666666666667
0 0.855078125 0.7118055555555556 0.142578125 0.19236111111111112
0 0.3375 0.5527777777777778 0.03046875 0.043055555555555555
0 0.428125 0.5291666666666667 0.015625 0.019444444444444445
0 0.50078125 0.6090277777777777 0.071875 0.11319444444444444
0 0.21015625 0.5777777777777777 0.0578125 0.05138888888888889
