0 0.0359375 0.6722222222222223 0.0359375 0.11388888888888889
0 0.130859375 0.6847222222222222 0.060546875 0.06944444444444445
0 0.209765625 0.6486111111111111 0.051953125 0.06527777777777778
0 0.2765625 0.6541666666666667 0.01875 0.044444444444444446
0 0.302734375 0.6520833333333333 0.018359375 0.034027777777777775
0 0.32890625 0.6430555555555556 0.0125 0.03194444444444444
0 0.353125 0.6381944444444444 0.0125 0.02847222222222222
0 0.371875 0.6423611111111112 0.009375 0.027083333333333334
0 0.3984375 0.65625 0.01015625 0.010416666666666666
0 0.50234375 0.6645833333333333 0.01015625 0.013194444444444444
0 0.522265625 0.6527777777777778 0.010546875 0.022222222222222223
0 0.540625 0.6520833333333333 0.0125 0.022916666666666665
0 0.5546875 0.6666666666666666 0.02421875 0.027777777777777776
9 0.41796875 0.5423611111111111 0.00390625 0.013194444444444444
9 0.484765625 0.5666666666666667 0.004296875 0.016666666666666666
8 0.374609375 0.5659722222222222 0.005078125 0.009027777777777777
8 0.373046875 0.5923611111111111 0.005859375 0.010416666666666666
0 0.86796875 0.80625 0.13046875 0.1840277777777778
0 0.6125 0.6770833333333334 0.0078125 0.010416666666666666
9 0.466796875 0.6395833333333333 0.002734375 0.010416666666666666
9 0.446875 0.6506944444444445 0.0046875 0.007638888888888889
9 0.4671875 0.6604166666666667 0.0046875 0.00625
9 0.41015625 0.5409722222222222 0.00234375 0.011805555555555555
