8 0.49921875 0.38680555555555557 0.0078125 0.01597222222222222
8 0.434375 0.45625 0.00625 0.013194444444444444
3 0.8875 0.5569444444444445 0.040625 0.06805555555555555
3 0.591015625 0.5722222222222222 0.021484375 0.05416666666666667
3 0.483984375 0.5486111111111112 0.012109375 0.02361111111111111
2 0.6265625 0.5375 0.0171875 0.09027777777777778
2 0.67421875 0.49583333333333335 0.0140625 0.03333333333333333
2 0.44609375 0.51875 0.0046875 0.01875
2 0.438671875 0.5222222222222223 0.005078125 0.022222222222222223
2 0.429296875 0.5104166666666666 0.004296875 0.010416666666666666
2 0.35546875 0.5277777777777778 0.003125 0.018055555555555554
4 0.338671875 0.5131944444444444 0.012890625 0.03125
0 0.364453125 0.53125 0.010546875 0.035416666666666666
0 0.4 0.5513888888888889 0.03984375 0.06388888888888888
0 0.0921875 0.6902777777777778 0.0921875 0.22361111111111112
