9 0.057421875 0.29930555555555555 0.012109375 0.03680555555555556
9 0.5234375 0.13541666666666666 0.0125 0.04375
9 0.696484375 0.32708333333333334 0.008984375 0.01875
9 0.50625 0.14722222222222223 0.01484375 0.043055555555555555
8 0.02265625 0.3215277777777778 0.0125 0.009027777777777777
8 0.0625 0.3784722222222222 0.0203125 0.011805555555555555
8 0.684375 0.23958333333333334 0.01328125 0.007638888888888889
8 0.673046875 0.2625 0.017578125 0.0125
8 0.669140625 0.2875 0.008984375 0.009722222222222222
8 0.666015625 0.16180555555555556 0.017578125 0.027083333333333334
8 0.391796875 0.44513888888888886 0.005078125 0.007638888888888889
8 0.396875 0.4666666666666667 0.00859375 0.011111111111111112
0 0.355078125 0.5208333333333334 0.023828125 0.044444444444444446
0 0.5390625 0.49236111111111114 0.04140625 0.04236111111111111
0 0.48828125 0.5027777777777778 0.01484375 0.03888888888888889
0 0.469140625 0.4979166666666667 0.010546875 0.03819444444444445
0 0.4546875 0.5020833333333333 0.01640625 0.035416666666666666
0 0.43125 0.5104166666666666 0.01328125 0.02847222222222222
0 0.419921875 0.5125 0.016015625 0.027777777777777776
0 0.4078125 0.5145833333333333 0.0125 0.027083333333333334
0 0.390625 0.51875 0.0109375 0.024305555555555556
0 0.93828125 0.39791666666666664 0.0609375 0.06736111111111111
5 0.604296875 0.475 0.019921875 0.0375
