0 0.662109375 0.5263888888888889 0.040234375 0.05277777777777778
0 0.7453125 0.5444444444444444 0.06953125 0.07222222222222222
0 0.885546875 0.5756944444444444 0.112890625 0.12013888888888889
0 0.478515625 0.5666666666666667 0.100390625 0.15555555555555556
8 0.703125 0.3840277777777778 0.01328125 0.025694444444444443
8 0.708203125 0.4173611111111111 0.008984375 0.011805555555555555
8 0.507421875 0.41180555555555554 0.011328125 0.007638888888888889
8 0.586328125 0.4576388888888889 0.005078125 0.010416666666666666
8 0.329296875 0.4576388888888889 0.004296875 0.00625
9 0.32578125 0.44305555555555554 0.003125 0.008333333333333333
9 0.321484375 0.4618055555555556 0.004296875 0.009027777777777777
4 0.1625 0.45 0.1625 0.45
