2 0.522265625 0.5180555555555556 0.005859375 0.030555555555555555
2 0.35234375 0.4791666666666667 0.00625 0.015277777777777777
2 0.390625 0.475 0.00390625 0.011111111111111112
2 0.402734375 0.4861111111111111 0.005859375 0.015277777777777777
2 0.413671875 0.4909722222222222 0.005859375 0.02013888888888889
2 0.42890625 0.5083333333333333 0.0046875 0.030555555555555555
2 0.451171875 0.5055555555555555 0.005859375 0.029166666666666667
2 0.468359375 0.5097222222222222 0.007421875 0.029166666666666667
2 0.479296875 0.5076388888888889 0.005859375 0.03125
2 0.505859375 0.5041666666666667 0.005078125 0.016666666666666666
2 0.4875 0.5131944444444444 0.00546875 0.029861111111111113
4 0.583984375 0.4722222222222222 0.009765625 0.03611111111111111
0 0.569921875 0.5215277777777778 0.022265625 0.03125
2 0.55703125 0.5180555555555556 0.0078125 0.034722222222222224
0 0.38046875 0.5277777777777778 0.0453125 0.044444444444444446
0 0.21484375 0.53125 0.14296875 0.11041666666666666
0 0.934765625 0.5972222222222222 0.062109375 0.10694444444444444
4 0.810546875 0.45902777777777776 0.047265625 0.06180555555555556
4 0.656640625 0.48125 0.065234375 0.13541666666666666
0 0.819921875 0.6972222222222222 0.136328125 0.19027777777777777
0 0.140234375 0.6625 0.140234375 0.20416666666666666
9 0.505859375 0.45069444444444445 0.004296875 0.009027777777777777
9 0.884765625 0.37569444444444444 0.003515625 0.01597222222222222
8 0.29609375 0.34930555555555554 0.0171875 0.03819444444444445
8 0.36953125 0.375 0.0171875 0.0125
8 0.5 0.38819444444444445 0.01484375 0.010416666666666666
8 0.9859375 0.39652777777777776 0.0109375 0.01597222222222222
