0 0.447265625 0.6576388888888889 0.028515625 0.024305555555555556
0 0.50625 0.6576388888888889 0.01171875 0.017361111111111112
0 0.526171875 0.6618055555555555 0.012109375 0.017361111111111112
0 0.544140625 0.6583333333333333 0.006640625 0.0125
0 0.555078125 0.6569444444444444 0.005078125 0.009722222222222222
0 0.590234375 0.6555555555555556 0.008203125 0.011111111111111112
0 0.78203125 0.6673611111111111 0.00625 0.007638888888888889
0 0.73203125 0.65625 0.00546875 0.010416666666666666
0 0.68984375 0.6486111111111111 0.003125 0.006944444444444444
0 0.680078125 0.6506944444444445 0.004296875 0.004861111111111111
0 0.740625 0.6666666666666666 0.009375 0.013888888888888888
0 0.71484375 0.6493055555555556 0.00390625 0.007638888888888889
1 0.90078125 0.6520833333333333 0.090625 0.11458333333333333
0 0.015234375 0.6784722222222223 0.014453125 0.029861111111111113
0 0.703515625 0.6479166666666667 0.004296875 0.00625
8 0.762890625 0.6381944444444444 0.005859375 0.003472222222222222
8 0.066796875 0.6152777777777778 0.009765625 0.018055555555555554
