9 0.5484375 0.4895833333333333 0.0046875 0.017361111111111112
9 0.48515625 0.4895833333333333 0.0046875 0.017361111111111112
9 0.5046875 0.44027777777777777 0.00546875 0.02361111111111111
9 0.35625 0.42916666666666664 0.0046875 0.022222222222222223
9 0.28828125 0.4395833333333333 0.0046875 0.022916666666666665
9 0.70703125 0.44583333333333336 0.00625 0.022222222222222223
9 0.690234375 0.46458333333333335 0.007421875 0.021527777777777778
9 0.600390625 0.5180555555555556 0.003515625 0.016666666666666666
0 0.565234375 0.6305555555555555 0.009765625 0.020833333333333332
0 0.540234375 0.64375 0.015234375 0.029861111111111113
0 0.51875 0.6659722222222222 0.025 0.05625
0 0.296484375 0.6395833333333333 0.024609375 0.03819444444444445
0 0.371484375 0.6388888888888888 0.065234375 0.0875
0 0.42734375 0.75 0.11640625 0.18333333333333332
0 0.6625 0.7215277777777778 0.1234375 0.12013888888888889
0 0.886328125 0.7423611111111111 0.113671875 0.25625
8 0.325 0.42569444444444443 0.0078125 0.013194444444444444
8 0.6671875 0.5819444444444445 0.0109375 0.027777777777777776
8 0.737109375 0.5791666666666667 0.005859375 0.008333333333333333
