9 0.08125 0.46319444444444446 0.0046875 0.017361111111111112
9 0.308984375 0.43333333333333335 0.006640625 0.025
9 0.568359375 0.5180555555555556 0.004296875 0.019444444444444445
9 0.02734375 0.5118055555555555 0.01015625 0.01597222222222222
9 0.3234375 0.43125 0.00546875 0.021527777777777778
9 0.301171875 0.4284722222222222 0.004296875 0.02013888888888889
9 0.561328125 0.51875 0.003515625 0.01875
9 0.57734375 0.5159722222222223 0.003125 0.014583333333333334
9 0.904296875 0.4930555555555556 0.007421875 0.025
9 0.919140625 0.6201388888888889 0.008203125 0.01875
9 0.901953125 0.6222222222222222 0.009765625 0.013888888888888888
9 0.565625 0.6090277777777777 0.00703125 0.010416666666666666
8 0.0578125 0.46805555555555556 0.00859375 0.0125
8 0.04921875 0.4173611111111111 0.00546875 0.009027777777777777
8 0.048828125 0.3958333333333333 0.005859375 0.0125
8 0.927734375 0.5284722222222222 0.009765625 0.010416666666666666
8 0.92578125 0.5069444444444444 0.00859375 0.008333333333333333
8 0.573828125 0.5819444444444445 0.006640625 0.011111111111111112
8 0.283203125 0.41180555555555554 0.004296875 0.01875
2 0.1234375 0.6152777777777778 0.01015625 0.034722222222222224
2 0.721484375 0.7069444444444445 0.012890625 0.044444444444444446
2 0.665234375 0.6930555555555555 0.007421875 0.03888888888888889
2 0.5390625 0.6618055555555555 0.00703125 0.03125
2 0.504296875 0.6548611111111111 0.006640625 0.03125
2 0.48984375 0.65625 0.00625 0.027083333333333334
4 0.21875 0.5965277777777778 0.071875 0.1076388888888889
0 0.886328125 0.6909722222222222 0.019921875 0.014583333333333334
0 0.8140625 0.7555555555555555 0.09375 0.0875
0 0.57890625 0.6979166666666666 0.0359375 0.06458333333333334
0 0.06328125 0.6256944444444444 0.0625 0.11458333333333333
0 0.028125 0.7993055555555556 0.028125 0.11319444444444444
0 0.856640625 0.8701388888888889 0.141796875 0.12708333333333333
0 0.318359375 0.7597222222222222 0.159765625 0.2375
0 0.774609375 0.6861111111111111 0.028515625 0.02361111111111111
