0 0.508203125 0.3923611111111111 0.006640625 0.004861111111111111
0 0.406640625 0.40902777777777777 0.009765625 0.014583333333333334
0 0.382421875 0.41180555555555554 0.007421875 0.009027777777777777
0 0.362890625 0.41180555555555554 0.008203125 0.009027777777777777
0 0.35078125 0.41458333333333336 0.00625 0.010416666666666666
0 0.334375 0.41388888888888886 0.01015625 0.011111111111111112
0 0.483203125 0.39791666666666664 0.005859375 0.00625
0 0.530078125 0.3902777777777778 0.004296875 0.006944444444444444
0 0.5171875 0.3972222222222222 0.0078125 0.008333333333333333
0 0.522265625 0.4125 0.011328125 0.013888888888888888
0 0.490625 0.4027777777777778 0.0078125 0.008333333333333333
9 0.340625 0.19027777777777777 0.00390625 0.022222222222222223
8 0.341796875 0.2520833333333333 0.016015625 0.024305555555555556
8 0.342578125 0.29305555555555557 0.007421875 0.0125
8 0.67109375 0.13402777777777777 0.034375 0.014583333333333334
9 0.59296875 0.1076388888888889 0.0078125 0.029861111111111113
9 0.623828125 0.10694444444444444 0.005078125 0.030555555555555555
9 0.61015625 0.10625 0.00859375 0.034027777777777775
1 0.566796875 0.38125 0.031640625 0.07013888888888889
1 0.662109375 0.36527777777777776 0.088671875 0.11666666666666667
9 0.750390625 0.31319444444444444 0.005078125 0.01597222222222222
0 0.766796875 0.38263888888888886 0.012890625 0.009027777777777777
0 0.841015625 0.37777777777777777 0.015234375 0.011111111111111112
0 0.871875 0.3770833333333333 0.00625 0.00625
0 0.923046875 0.40208333333333335 0.012890625 0.04097222222222222
0 0.252734375 0.4444444444444444 0.082421875 0.09861111111111111
