9 0.263671875 0.2590277777777778 0.006640625 0.027083333333333334
9 0.465234375 0.3277777777777778 0.005078125 0.020833333333333332
9 0.22578125 0.47291666666666665 0.00859375 0.011805555555555555
9 0.60078125 0.43680555555555556 0.0078125 0.010416666666666666
9 0.279296875 0.2590277777777778 0.008203125 0.027083333333333334
9 0.476953125 0.3326388888888889 0.005078125 0.01875
9 0.70625 0.38055555555555554 0.0078125 0.022222222222222223
9 0.691796875 0.37222222222222223 0.010546875 0.02361111111111111
8 0.675 0.34097222222222223 0.0078125 0.013194444444444444
8 0.694921875 0.28541666666666665 0.023046875 0.009027777777777777
8 0.67734375 0.25763888888888886 0.00546875 0.009027777777777777
8 0.58046875 0.39375 0.0125 0.009027777777777777
8 0.24140625 0.41805555555555557 0.0125 0.011111111111111112
8 0.22265625 0.39791666666666664 0.01328125 0.009027777777777777
8 0.66875 0.32083333333333336 0.0203125 0.013888888888888888
0 0.49296875 0.4979166666666667 0.00546875 0.010416666666666666
0 0.50390625 0.49444444444444446 0.00859375 0.020833333333333332
0 0.511328125 0.5097222222222222 0.005078125 0.019444444444444445
0 0.313671875 0.5305555555555556 0.010546875 0.019444444444444445
0 0.346484375 0.55625 0.035546875 0.04791666666666667
4 0.38671875 0.49583333333333335 0.0375 0.06666666666666667
4 0.23515625 0.5840277777777778 0.08515625 0.10208333333333333
0 0.8453125 0.4756944444444444 0.02421875 0.02847222222222222
0 0.715625 0.58125 0.11875 0.15486111111111112
2 0.87890625 0.44166666666666665 0.009375 0.018055555555555554
0 0.453125 0.5375 0.034375 0.05555555555555555
0 0.537890625 0.49444444444444446 0.023828125 0.05416666666666667
0 0.087890625 0.64375 0.069921875 0.10902777777777778
0 0.030078125 0.7048611111111112 0.030078125 0.21319444444444444
0 0.870703125 0.7194444444444444 0.128515625 0.2791666666666667
