9 0.0375 0.14097222222222222 0.01171875 0.03680555555555556
9 0.0421875 0.22152777777777777 0.00859375 0.029861111111111113
9 0.065234375 0.34097222222222223 0.004296875 0.024305555555555556
9 0.086328125 0.34097222222222223 0.005859375 0.024305555555555556
9 0.108203125 0.3375 0.011328125 0.027777777777777776
9 0.752734375 0.23333333333333334 0.014453125 0.044444444444444446
9 0.782421875 0.24722222222222223 0.016796875 0.03333333333333333
9 0.017578125 0.21875 0.005859375 0.029861111111111113
9 0.0765625 0.3368055555555556 0.0046875 0.024305555555555556
9 0.535546875 0.16527777777777777 0.007421875 0.03611111111111111
9 0.146875 0.3388888888888889 0.0140625 0.02638888888888889
9 0.01015625 0.22013888888888888 0.00390625 0.03125
9 0.073828125 0.41597222222222224 0.003515625 0.013194444444444444
8 0.06796875 0.3951388888888889 0.009375 0.013194444444444444
8 0.06171875 0.44513888888888886 0.01640625 0.007638888888888889
8 0.06953125 0.4638888888888889 0.00859375 0.008333333333333333
8 0.76640625 0.03888888888888889 0.02578125 0.015277777777777777
8 0.83671875 0.05694444444444444 0.02890625 0.041666666666666664
1 0.912890625 0.4465277777777778 0.084765625 0.08541666666666667
4 0.19140625 0.4395833333333333 0.053125 0.03680555555555556
2 0.646484375 0.5173611111111112 0.005859375 0.034027777777777775
2 0.6359375 0.5027777777777778 0.00546875 0.020833333333333332
2 0.696484375 0.5166666666666667 0.008984375 0.0375
2 0.705859375 0.5159722222222223 0.014453125 0.10902777777777778
2 0.8828125 0.49444444444444446 0.0171875 0.06805555555555555
2 0.96171875 0.5027777777777778 0.02265625 0.09583333333333334
2 0.67109375 0.5097222222222222 0.009375 0.05277777777777778
2 0.68203125 0.5138888888888888 0.00625 0.04027777777777778
2 0.85390625 0.5229166666666667 0.02890625 0.13958333333333334
0 0.0515625 0.5347222222222222 0.0515625 0.05555555555555555
0 0.05078125 0.6979166666666666 0.05078125 0.12152777777777778
0 0.1453125 0.5958333333333333 0.0953125 0.14583333333333334
0 0.4234375 0.5368055555555555 0.2296875 0.27152777777777776
8 0.59140625 0.09583333333333334 0.01875 0.044444444444444446
