9 0.421875 0.39375 0.00390625 0.01875
9 0.471875 0.3861111111111111 0.00546875 0.020833333333333332
9 0.571875 0.46805555555555556 0.00546875 0.013888888888888888
8 0.339453125 0.42291666666666666 0.007421875 0.010416666666666666
8 0.35703125 0.42986111111111114 0.00546875 0.007638888888888889
8 0.363671875 0.4444444444444444 0.006640625 0.008333333333333333
8 0.557421875 0.4340277777777778 0.008984375 0.010416666666666666
0 0.371484375 0.5013888888888889 0.010546875 0.020833333333333332
0 0.353125 0.4965277777777778 0.01875 0.04236111111111111
0 0.328125 0.4951388888888889 0.0234375 0.04791666666666667
0 0.31015625 0.51875 0.02421875 0.050694444444444445
0 0.263671875 0.5354166666666667 0.044921875 0.07569444444444444
0 0.408984375 0.49583333333333335 0.009765625 0.015277777777777777
0 0.39140625 0.4951388888888889 0.01171875 0.017361111111111112
0 0.482421875 0.5 0.010546875 0.018055555555555554
0 0.466796875 0.5027777777777778 0.010546875 0.015277777777777777
0 0.54140625 0.5048611111111111 0.025 0.03819444444444445
0 0.56796875 0.5173611111111112 0.01484375 0.035416666666666666
0 0.59765625 0.5180555555555556 0.028125 0.05138888888888889
0 0.50078125 0.5055555555555555 0.01328125 0.02361111111111111
0 0.446875 0.4965277777777778 0.0078125 0.014583333333333334
0 0.426171875 0.4875 0.013671875 0.02361111111111111
0 0.659765625 0.5361111111111111 0.055859375 0.06805555555555555
0 0.135546875 0.5736111111111111 0.117578125 0.11944444444444445
0 0.030859375 0.6069444444444444 0.030859375 0.13333333333333333
