8 0.856640625 0.07361111111111111 0.044921875 0.07083333333333333
8 0.990234375 0.25 0.008984375 0.08333333333333333
8 0.716796875 0.33402777777777776 0.016796875 0.03958333333333333
8 0.842578125 0.4756944444444444 0.009765625 0.02847222222222222
8 0.631640625 0.34791666666666665 0.028515625 0.05347222222222222
8 0.167578125 0.5555555555555556 0.011328125 0.03194444444444444
8 0.2796875 0.4965277777777778 0.0140625 0.009027777777777777
8 0.28125 0.5263888888888889 0.009375 0.018055555555555554
8 0.710546875 0.4041666666666667 0.005859375 0.030555555555555555
0 0.111328125 0.6069444444444444 0.023828125 0.03333333333333333
0 0.064453125 0.6097222222222223 0.005078125 0.020833333333333332
0 0.1015625 0.625 0.02421875 0.029166666666666667
0 0.040625 0.6263888888888889 0.02421875 0.03333333333333333
0 0.00546875 0.6451388888888889 0.00546875 0.034027777777777775
0 0.2828125 0.5895833333333333 0.0171875 0.021527777777777778
0 0.324609375 0.5951388888888889 0.031640625 0.03819444444444445
0 0.367578125 0.5743055555555555 0.020703125 0.014583333333333334
0 0.388671875 0.6041666666666666 0.030078125 0.02361111111111111
0 0.40703125 0.5847222222222223 0.0140625 0.016666666666666666
0 0.459765625 0.5826388888888889 0.026171875 0.010416666666666666
0 0.453515625 0.6118055555555556 0.029296875 0.02847222222222222
0 0.511328125 0.6055555555555555 0.028515625 0.025
0 0.562890625 0.5993055555555555 0.026171875 0.022916666666666665
0 0.616015625 0.5902777777777778 0.031640625 0.03194444444444444
0 0.711328125 0.5854166666666667 0.036328125 0.035416666666666666
