0 0.009765625 0.45625 0.008984375 0.052083333333333336
0 0.027734375 0.46805555555555556 0.014453125 0.03194444444444444
0 0.055078125 0.46041666666666664 0.041015625 0.03680555555555556
0 0.067578125 0.44027777777777777 0.041015625 0.03194444444444444
0 0.10703125 0.425 0.0125 0.020833333333333332
0 0.1296875 0.4131944444444444 0.01640625 0.011805555555555555
0 0.2140625 0.42569444444444443 0.009375 0.01875
0 0.23203125 0.4215277777777778 0.021875 0.024305555555555556
0 0.249609375 0.42083333333333334 0.015234375 0.02361111111111111
0 0.265234375 0.41388888888888886 0.016015625 0.020833333333333332
0 0.48125 0.3958333333333333 0.00859375 0.013888888888888888
0 0.471875 0.4027777777777778 0.009375 0.015277777777777777
0 0.456640625 0.40625 0.008984375 0.01875
4 0.420703125 0.3770833333333333 0.033203125 0.07847222222222222
0 0.35234375 0.4798611111111111 0.08984375 0.11319444444444444
0 0.16171875 0.425 0.053125 0.03194444444444444
9 0.383984375 0.32569444444444445 0.003515625 0.013194444444444444
8 0.515234375 0.32430555555555557 0.005859375 0.011805555555555555
