0 0.47109375 0.6326388888888889 0.0046875 0.017361111111111112
0 0.493359375 0.6395833333333333 0.010546875 0.014583333333333334
8 0.4875 0.5402777777777777 0.02421875 0.03333333333333333
4 0.58671875 0.6694444444444444 0.075 0.09166666666666666
9 0.10625 0.6201388888888889 0.00625 0.013194444444444444
9 0.088671875 0.6201388888888889 0.004296875 0.010416666666666666
0 0.830078125 0.7270833333333333 0.169140625 0.2701388888888889
8 0.944921875 0.21875 0.029296875 0.03263888888888889
8 0.949609375 0.29444444444444445 0.030078125 0.05
1 0.366015625 0.5909722222222222 0.102734375 0.22430555555555556
