8 0.637109375 0.51875 0.017578125 0.034027777777777775
8 0.19140625 0.5375 0.01640625 0.03194444444444444
0 0.440234375 0.6361111111111111 0.005078125 0.0125
0 0.448046875 0.6395833333333333 0.008203125 0.01597222222222222
0 0.4640625 0.6395833333333333 0.01328125 0.021527777777777778
0 0.388671875 0.6409722222222223 0.008984375 0.017361111111111112
0 0.369140625 0.64375 0.019921875 0.025694444444444443
0 0.571484375 0.6902777777777778 0.053515625 0.07222222222222222
0 0.241796875 0.6826388888888889 0.048046875 0.06458333333333334
0 0.425 0.6451388888888889 0.0125 0.02013888888888889
0 0.4921875 0.65 0.021875 0.03611111111111111
0 0.76953125 0.7652777777777777 0.15703125 0.15555555555555556
0 0.119140625 0.7055555555555556 0.111328125 0.09583333333333334
