8 0.26015625 0.21875 0.01171875 0.00625
8 0.27421875 0.2465277777777778 0.01796875 0.009027777777777777
0 0.48046875 0.3458333333333333 0.00390625 0.008333333333333333
0 0.4671875 0.3402777777777778 0.00546875 0.009722222222222222
0 0.462890625 0.34791666666666665 0.006640625 0.009027777777777777
0 0.45625 0.35347222222222224 0.00625 0.010416666666666666
4 0.43046875 0.3451388888888889 0.02578125 0.04375
0 0.414453125 0.3763888888888889 0.016015625 0.025
0 0.404296875 0.38263888888888886 0.014453125 0.025694444444444443
0 0.396484375 0.3951388888888889 0.012109375 0.03263888888888889
0 0.35703125 0.4 0.040625 0.05694444444444444
0 0.49609375 0.34930555555555554 0.00859375 0.013194444444444444
0 0.535546875 0.3527777777777778 0.015234375 0.022222222222222223
0 0.54375 0.36736111111111114 0.01796875 0.022916666666666665
0 0.9734375 0.4041666666666667 0.02578125 0.04861111111111111
0 0.95390625 0.33541666666666664 0.0453125 0.03819444444444445
0 0.9046875 0.34097222222222223 0.02421875 0.035416666666666666
0 0.893359375 0.3090277777777778 0.017578125 0.021527777777777778
