9 0.39921875 0.5541666666666667 0.00625 0.022222222222222223
9 0.2765625 0.6444444444444445 0.00546875 0.020833333333333332
9 0.484765625 0.6090277777777777 0.005078125 0.021527777777777778
9 0.497265625 0.6583333333333333 0.005859375 0.011111111111111112
9 0.5609375 0.6138888888888889 0.00859375 0.009722222222222222
9 0.538671875 0.5375 0.006640625 0.018055555555555554
9 0.3859375 0.5590277777777778 0.0078125 0.027083333333333334
8 0.61328125 0.47152777777777777 0.01796875 0.027083333333333334
2 0.55625 0.6722222222222223 0.00546875 0.016666666666666666
2 0.566015625 0.6652777777777777 0.004296875 0.013888888888888888
2 0.548046875 0.6722222222222223 0.005078125 0.016666666666666666
2 0.518359375 0.6875 0.005859375 0.018055555555555554
0 0.7875 0.6020833333333333 0.021875 0.021527777777777778
0 0.806640625 0.6291666666666667 0.058203125 0.05555555555555555
0 0.8578125 0.6159722222222223 0.059375 0.059027777777777776
0 0.015625 0.8326388888888889 0.015625 0.024305555555555556
0 0.941796875 0.5784722222222223 0.057421875 0.049305555555555554
0 0.865234375 0.7069444444444445 0.133984375 0.1125
0 0.1171875 0.8798611111111111 0.1171875 0.11875
0 0.396484375 0.8305555555555556 0.135546875 0.16805555555555557
6 0.4125 0.1673611111111111 0.4125 0.08819444444444445
8 0.866015625 0.2826388888888889 0.029296875 0.07152777777777777
