9 0.49140625 0.23402777777777778 0.00546875 0.014583333333333334
9 0.69140625 0.1875 0.003125 0.013888888888888888
9 0.471875 0.19791666666666666 0.00390625 0.017361111111111112
9 0.74453125 0.22708333333333333 0.00390625 0.011805555555555555
9 0.70078125 0.18472222222222223 0.0046875 0.020833333333333332
9 0.461328125 0.19791666666666666 0.005078125 0.02013888888888889
8 0.856640625 0.21319444444444444 0.010546875 0.011805555555555555
8 0.849609375 0.17916666666666667 0.009765625 0.008333333333333333
2 0.490625 0.3368055555555556 0.00859375 0.03263888888888889
2 0.295703125 0.32916666666666666 0.007421875 0.015277777777777777
2 0.277734375 0.3388888888888889 0.006640625 0.022222222222222223
2 0.231640625 0.3590277777777778 0.006640625 0.04097222222222222
2 0.229296875 0.3590277777777778 0.014453125 0.04791666666666667
8 0.325 0.2923611111111111 0.00859375 0.011805555555555555
0 0.440625 0.35555555555555557 0.0296875 0.05138888888888889
0 0.37890625 0.37222222222222223 0.05625 0.07222222222222222
0 0.590234375 0.3076388888888889 0.039453125 0.010416666666666666
0 0.702734375 0.33958333333333335 0.039453125 0.059027777777777776
0 0.728125 0.3701388888888889 0.04921875 0.059027777777777776
0 0.8390625 0.3715277777777778 0.07578125 0.13958333333333334
4 0.780078125 0.2833333333333333 0.039453125 0.04027777777777778
4 0.558984375 0.2965277777777778 0.018359375 0.03125
4 0.28515625 0.30833333333333335 0.04140625 0.03888888888888889
0 0.258203125 0.3659722222222222 0.018359375 0.025694444444444443
0 0.582421875 0.44930555555555557 0.091015625 0.13125
0 0.124609375 0.46041666666666664 0.124609375 0.1951388888888889
0 0.930078125 0.4548611111111111 0.069140625 0.24375
0 0.32421875 0.4131944444444444 0.0765625 0.08125
