9 0.2984375 0.058333333333333334 0.02890625 0.058333333333333334
9 0.66484375 0.11180555555555556 0.0140625 0.059027777777777776
9 0.8453125 0.17291666666666666 0.01328125 0.052083333333333336
9 0.636328125 0.14652777777777778 0.010546875 0.04375
8 0.696484375 0.5270833333333333 0.008984375 0.02013888888888889
0 0.80390625 0.6104166666666667 0.0203125 0.02013888888888889
0 0.575 0.6270833333333333 0.01171875 0.010416666666666666
0 0.593359375 0.625 0.005859375 0.008333333333333333
0 0.604296875 0.6222222222222222 0.005859375 0.009722222222222222
0 0.6484375 0.6145833333333334 0.00703125 0.010416666666666666
4 0.344921875 0.6159722222222223 0.044921875 0.04513888888888889
4 0.20859375 0.63125 0.040625 0.02847222222222222
