8 0.571484375 0.2861111111111111 0.037890625 0.019444444444444445
8 0.551171875 0.44722222222222224 0.010546875 0.020833333333333332
8 0.644921875 0.4041666666666667 0.016015625 0.029166666666666667
8 0.647265625 0.50625 0.013671875 0.01597222222222222
8 0.5109375 0.5 0.00859375 0.018055555555555554
8 0.5125 0.54375 0.0078125 0.013194444444444444
8 0.21015625 0.4840277777777778 0.0109375 0.024305555555555556
8 0.21171875 0.5263888888888889 0.009375 0.019444444444444445
8 0.21328125 0.5986111111111111 0.00625 0.019444444444444445
4 0.182421875 0.6006944444444444 0.055859375 0.07013888888888889
0 0.766796875 0.6236111111111111 0.159765625 0.10277777777777777
9 0.5046875 0.22152777777777777 0.015625 0.034027777777777775
9 0.646875 0.32569444444444445 0.0140625 0.03263888888888889
8 0.65625 0.28125 0.01484375 0.010416666666666666
9 0.662890625 0.4840277777777778 0.007421875 0.01875
