0 0.433984375 0.5840277777777778 0.009765625 0.010416666666666666
0 0.4140625 0.5840277777777778 0.0140625 0.009027777777777777
0 0.32890625 0.5784722222222223 0.03125 0.01875
0 0.283984375 0.575 0.026953125 0.025
0 0.234765625 0.5736111111111111 0.018359375 0.020833333333333332
0 0.178125 0.5763888888888888 0.0390625 0.03194444444444444
0 0.59765625 0.6118055555555556 0.0171875 0.022916666666666665
0 0.554296875 0.60625 0.026953125 0.03958333333333333
0 0.734375 0.6298611111111111 0.00703125 0.009027777777777777
0 0.74921875 0.6236111111111111 0.0109375 0.013888888888888888
0 0.793359375 0.6222222222222222 0.035546875 0.025
0 0.91875 0.6395833333333333 0.046875 0.029861111111111113
0 0.9484375 0.6479166666666667 0.0453125 0.027083333333333334
0 0.945703125 0.6506944444444445 0.033203125 0.022916666666666665
0 0.983203125 0.6555555555555556 0.016015625 0.027777777777777776
8 0.694921875 0.5451388888888888 0.011328125 0.022916666666666665
8 0.699609375 0.5534722222222223 0.006640625 0.013194444444444444
8 0.66796875 0.5875 0.0109375 0.015277777777777777
8 0.5 0.6006944444444444 0.0046875 0.00625
