8 0.54140625 0.3416666666666667 0.009375 0.011111111111111112
8 0.512890625 0.3611111111111111 0.005859375 0.009722222222222222
9 0.492578125 0.34652777777777777 0.003515625 0.010416666666666666
9 0.423828125 0.37569444444444444 0.005078125 0.011805555555555555
9 0.439453125 0.34930555555555554 0.003515625 0.013194444444444444
0 0.48046875 0.3972222222222222 0.01796875 0.034722222222222224
0 0.439453125 0.3902777777777778 0.008203125 0.013888888888888888
0 0.621484375 0.37916666666666665 0.006640625 0.0125
0 0.64609375 0.37916666666666665 0.0078125 0.016666666666666666
0 0.678515625 0.3854166666666667 0.008984375 0.017361111111111112
0 0.7015625 0.3888888888888889 0.0078125 0.018055555555555554
0 0.71796875 0.39166666666666666 0.009375 0.019444444444444445
0 0.759765625 0.39791666666666664 0.019140625 0.017361111111111112
0 0.845703125 0.38055555555555554 0.017578125 0.03194444444444444
0 0.9140625 0.37916666666666665 0.05703125 0.043055555555555555
0 0.019140625 0.4354166666666667 0.018359375 0.03125
0 0.224609375 0.4125 0.019921875 0.02361111111111111
0 0.273828125 0.41041666666666665 0.019921875 0.017361111111111112
0 0.32109375 0.39791666666666664 0.0125 0.01597222222222222
0 0.334765625 0.39305555555555555 0.010546875 0.018055555555555554
0 0.352734375 0.39375 0.015234375 0.01597222222222222
0 0.371875 0.39166666666666666 0.01171875 0.019444444444444445
0 0.394140625 0.3909722222222222 0.011328125 0.013194444444444444
0 0.408984375 0.38958333333333334 0.005859375 0.014583333333333334
0 0.608203125 0.38333333333333336 0.005859375 0.0125
0 0.593359375 0.3798611111111111 0.006640625 0.009027777777777777
0 0.57734375 0.38055555555555554 0.00625 0.008333333333333333
0 0.563671875 0.38333333333333336 0.005859375 0.005555555555555556
