9 0.573046875 0.5527777777777778 0.006640625 0.0125
9 0.8078125 0.4979166666666667 0.01328125 0.017361111111111112
8 0.5609375 0.5201388888888889 0.009375 0.007638888888888889
8 0.571484375 0.5027777777777778 0.007421875 0.006944444444444444
8 0.559765625 0.4756944444444444 0.008984375 0.011805555555555555
8 0.78984375 0.36527777777777776 0.01484375 0.009722222222222222
0 0.533984375 0.6458333333333334 0.026953125 0.06666666666666667
0 0.838671875 0.6472222222222223 0.119140625 0.125
9 0.037890625 0.5201388888888889 0.006640625 0.01875
0 0.11640625 0.6326388888888889 0.03828125 0.07291666666666667
0 0.0640625 0.7861111111111111 0.06328125 0.20972222222222223
0 0.3234375 0.70625 0.21015625 0.29097222222222224
0 0.97265625 0.7020833333333333 0.0265625 0.12291666666666666
