2 0.216796875 0.6236111111111111 0.005859375 0.02361111111111111
7 0.25546875 0.6152777777777778 0.00625 0.03194444444444444
3 0.253125 0.6326388888888889 0.00546875 0.02013888888888889
8 0.352734375 0.5840277777777778 0.005859375 0.00625
0 0.41015625 0.6097222222222223 0.00703125 0.009722222222222222
0 0.662890625 0.6055555555555555 0.012109375 0.0125
2 0.690625 0.6118055555555556 0.00703125 0.02847222222222222
2 0.60234375 0.5645833333333333 0.00703125 0.00625
1 0.528515625 0.6 0.017578125 0.0375
0 0.47734375 0.6256944444444444 0.04765625 0.07847222222222222
8 0.6421875 0.5118055555555555 0.0078125 0.014583333333333334
8 0.64453125 0.5423611111111111 0.0078125 0.014583333333333334
8 0.6453125 0.5444444444444444 0.00703125 0.015277777777777777
2 0.76171875 0.6395833333333333 0.009375 0.05486111111111111
8 0.64140625 0.5708333333333333 0.00703125 0.011111111111111112
2 0.741796875 0.6347222222222222 0.010546875 0.05694444444444444
2 0.72578125 0.625 0.00859375 0.059722222222222225
2 0.710546875 0.6270833333333333 0.008203125 0.06458333333333334
7 0.99375 0.6020833333333333 0.00546875 0.029861111111111113
5 0.98515625 0.6638888888888889 0.0140625 0.05
