8 0.924609375 0.041666666666666664 0.022265625 0.0375
8 0.9421875 0.10555555555555556 0.03125 0.020833333333333332
8 0.528515625 0.49583333333333335 0.007421875 0.019444444444444445
8 0.428515625 0.4305555555555556 0.013671875 0.013888888888888888
8 0.46875 0.4597222222222222 0.00546875 0.013888888888888888
8 0.483984375 0.5513888888888889 0.009765625 0.025
9 0.367578125 0.2263888888888889 0.014453125 0.043055555555555555
9 0.405078125 0.22291666666666668 0.012890625 0.04513888888888889
9 0.30078125 0.40208333333333335 0.00390625 0.021527777777777778
8 0.0203125 0.60625 0.0078125 0.014583333333333334
9 0.976171875 0.34791666666666665 0.020703125 0.04652777777777778
0 0.068359375 0.6875 0.039453125 0.043055555555555555
0 0.21484375 0.66875 0.03359375 0.05625
0 0.355859375 0.6666666666666666 0.105078125 0.075
0 0.6265625 0.6645833333333333 0.134375 0.09513888888888888
0 0.25703125 0.6576388888888889 0.0109375 0.025694444444444443
0 0.476953125 0.6631944444444444 0.023046875 0.04652777777777778
0 0.7171875 0.6291666666666667 0.04921875 0.05277777777777778
0 0.834375 0.6388888888888888 0.06953125 0.06388888888888888
