9 0.269140625 0.28125 0.005859375 0.01875
9 0.444921875 0.375 0.005078125 0.013888888888888888
9 0.523046875 0.41041666666666665 0.003515625 0.007638888888888889
9 0.5640625 0.31875 0.0046875 0.014583333333333334
9 0.279296875 0.2826388888888889 0.005078125 0.01875
9 0.57265625 0.3194444444444444 0.0046875 0.015277777777777777
9 0.449609375 0.4048611111111111 0.003515625 0.007638888888888889
9 0.438671875 0.4048611111111111 0.003515625 0.009027777777777777
9 0.709765625 0.39861111111111114 0.008984375 0.013888888888888888
9 0.64453125 0.4284722222222222 0.00625 0.009027777777777777
9 0.422265625 0.40347222222222223 0.004296875 0.009027777777777777
9 0.08515625 0.38055555555555554 0.0046875 0.008333333333333333
9 0.065625 0.3798611111111111 0.00859375 0.010416666666666666
8 0.080078125 0.33055555555555555 0.012890625 0.011111111111111112
8 0.0703125 0.3013888888888889 0.00703125 0.009722222222222222
8 0.180859375 0.2826388888888889 0.025390625 0.013194444444444444
8 0.74609375 0.3597222222222222 0.00703125 0.0125
8 0.69921875 0.36944444444444446 0.0125 0.008333333333333333
8 0.6359375 0.3763888888888889 0.00859375 0.006944444444444444
8 0.64296875 0.3909722222222222 0.00625 0.007638888888888889
2 0.626953125 0.4826388888888889 0.005859375 0.02013888888888889
2 0.637890625 0.46944444444444444 0.004296875 0.013888888888888888
2 0.645703125 0.4701388888888889 0.002734375 0.014583333333333334
2 0.65078125 0.4736111111111111 0.0046875 0.022222222222222223
2 0.684765625 0.47847222222222224 0.005859375 0.022916666666666665
2 0.690234375 0.4736111111111111 0.003515625 0.022222222222222223
2 0.696484375 0.4722222222222222 0.003515625 0.020833333333333332
2 0.705859375 0.4826388888888889 0.006640625 0.035416666666666666
2 0.754296875 0.48125 0.009765625 0.04236111111111111
2 0.984765625 0.5284722222222222 0.013671875 0.07430555555555556
9 0.521875 0.4270833333333333 0.003125 0.009027777777777777
8 0.59609375 0.3298611111111111 0.0171875 0.009027777777777777
0 0.48515625 0.45694444444444443 0.00390625 0.006944444444444444
0 0.465234375 0.4548611111111111 0.005078125 0.011805555555555555
0 0.45625 0.4576388888888889 0.0046875 0.009027777777777777
0 0.446484375 0.45625 0.006640625 0.011805555555555555
0 0.556640625 0.4625 0.010546875 0.016666666666666666
4 0.40234375 0.44722222222222224 0.015625 0.029166666666666667
0 0.4734375 0.4597222222222222 0.0078125 0.011111111111111112
0 0.496484375 0.46041666666666664 0.008984375 0.014583333333333334
0 0.565625 0.47430555555555554 0.01484375 0.02013888888888889
0 0.530078125 0.47152777777777777 0.018359375 0.034027777777777775
0 0.34375 0.4638888888888889 0.0359375 0.04583333333333333
0 0.2421875 0.46875 0.05625 0.06875
0 0.09765625 0.4861111111111111 0.09765625 0.10277777777777777
