8 0.504296875 0.3125 0.005078125 0.015277777777777777
8 0.505078125 0.3333333333333333 0.006640625 0.005555555555555556
8 0.31015625 0.32222222222222224 0.0078125 0.005555555555555556
8 0.31796875 0.34305555555555556 0.0078125 0.008333333333333333
9 0.309765625 0.3638888888888889 0.007421875 0.011111111111111112
9 0.367578125 0.29444444444444445 0.003515625 0.013888888888888888
8 0.480078125 0.3597222222222222 0.003515625 0.008333333333333333
8 0.48125 0.3423611111111111 0.0046875 0.00625
0 0.4875 0.4215277777777778 0.00859375 0.034027777777777775
0 0.36640625 0.4173611111111111 0.00703125 0.021527777777777778
0 0.358984375 0.4222222222222222 0.009765625 0.0375
0 0.33046875 0.42986111111111114 0.03125 0.04513888888888889
2 0.28359375 0.41805555555555557 0.00859375 0.02638888888888889
2 0.262109375 0.4270833333333333 0.007421875 0.024305555555555556
0 0.23203125 0.4173611111111111 0.0375 0.017361111111111112
0 0.42890625 0.42430555555555555 0.0515625 0.10347222222222222
0 0.50625 0.44027777777777777 0.0171875 0.03611111111111111
0 0.554296875 0.44722222222222224 0.040234375 0.05138888888888889
0 0.651171875 0.45208333333333334 0.069140625 0.13958333333333334
4 0.83203125 0.3770833333333333 0.1671875 0.3729166666666667
4 0.07578125 0.525 0.07578125 0.24861111111111112
0 0.196875 0.40694444444444444 0.01875 0.008333333333333333
0 0.170703125 0.41597222222222224 0.011328125 0.013194444444444444
