9 0.1078125 0.3326388888888889 0.00859375 0.027083333333333334
9 0.297265625 0.35694444444444445 0.008203125 0.029166666666666667
9 0.75625 0.1625 0.01015625 0.013888888888888888
9 0.862890625 0.33402777777777776 0.010546875 0.014583333333333334
9 0.865625 0.4201388888888889 0.00625 0.017361111111111112
9 0.291796875 0.4111111111111111 0.007421875 0.0125
9 0.09609375 0.3993055555555556 0.00859375 0.01597222222222222
0 0.02421875 0.5027777777777778 0.02421875 0.034722222222222224
0 0.09609375 0.5 0.0921875 0.05
0 0.249609375 0.6277777777777778 0.247265625 0.1875
0 0.441015625 0.49027777777777776 0.029296875 0.030555555555555555
0 0.491015625 0.4930555555555556 0.023828125 0.034722222222222224
0 0.574609375 0.4708333333333333 0.009765625 0.019444444444444445
0 0.58671875 0.46944444444444444 0.00625 0.025
0 0.517578125 0.48055555555555557 0.008984375 0.022222222222222223
0 0.545703125 0.47291666666666665 0.019140625 0.03263888888888889
0 0.66796875 0.4847222222222222 0.009375 0.029166666666666667
0 0.687890625 0.4875 0.019921875 0.029166666666666667
0 0.901171875 0.5263888888888889 0.080859375 0.07083333333333333
0 0.761328125 0.5368055555555555 0.126953125 0.07430555555555556
2 0.975 0.6347222222222222 0.02421875 0.1638888888888889
8 0.852734375 0.16319444444444445 0.040234375 0.013194444444444444
8 0.7828125 0.1736111111111111 0.01484375 0.03333333333333333
8 0.860546875 0.30416666666666664 0.027734375 0.015277777777777777
8 0.305078125 0.2965277777777778 0.011328125 0.017361111111111112
8 0.090234375 0.19305555555555556 0.023828125 0.022222222222222223
