8 0.23515625 0.41180555555555554 0.003125 0.010416666666666666
0 0.2265625 0.44375 0.02109375 0.01597222222222222
0 0.199609375 0.44166666666666665 0.013671875 0.018055555555555554
0 0.174609375 0.44027777777777777 0.018359375 0.016666666666666666
0 0.137890625 0.44513888888888886 0.021484375 0.025694444444444443
0 0.099609375 0.45069444444444445 0.022265625 0.025694444444444443
0 0.060546875 0.4479166666666667 0.019140625 0.025694444444444443
0 0.023828125 0.45416666666666666 0.023828125 0.025
8 0.2859375 0.40694444444444444 0.00625 0.0125
0 0.34765625 0.45416666666666666 0.02109375 0.02361111111111111
0 0.426953125 0.4513888888888889 0.012109375 0.013888888888888888
0 0.49765625 0.43472222222222223 0.00703125 0.011111111111111112
0 0.455859375 0.45416666666666666 0.018359375 0.016666666666666666
0 0.51796875 0.4340277777777778 0.009375 0.009027777777777777
0 0.516015625 0.44930555555555557 0.010546875 0.01597222222222222
0 0.542578125 0.45416666666666666 0.008984375 0.013888888888888888
0 0.55546875 0.4625 0.01328125 0.02361111111111111
0 0.39140625 0.4979166666666667 0.04765625 0.06041666666666667
0 0.58359375 0.4756944444444444 0.02734375 0.03819444444444445
8 0.42109375 0.34305555555555556 0.03203125 0.011111111111111112
0 0.642578125 0.38819444444444445 0.003515625 0.009027777777777777
8 0.653125 0.3875 0.00390625 0.008333333333333333
9 0.486328125 0.3993055555555556 0.004296875 0.009027777777777777
8 0.476953125 0.4125 0.004296875 0.005555555555555556
8 0.4375 0.40694444444444444 0.00703125 0.005555555555555556
0 0.680859375 0.4513888888888889 0.048046875 0.05416666666666667
0 0.8359375 0.4791666666666667 0.0375 0.03611111111111111
2 0.7375 0.4673611111111111 0.01015625 0.050694444444444445
