8 0.525 0.4652777777777778 0.00625 0.009722222222222222
8 0.560546875 0.4618055555555556 0.003515625 0.010416666666666666
8 0.389453125 0.45694444444444443 0.007421875 0.005555555555555556
8 0.839453125 0.3527777777777778 0.012890625 0.020833333333333332
9 0.41796875 0.4791666666666667 0.00625 0.011111111111111112
0 0.310546875 0.5284722222222222 0.041796875 0.04375
0 0.412109375 0.5097222222222222 0.008203125 0.011111111111111112
0 0.399609375 0.50625 0.006640625 0.014583333333333334
0 0.38203125 0.5076388888888889 0.0125 0.024305555555555556
0 0.368359375 0.5125 0.009765625 0.019444444444444445
0 0.358203125 0.5201388888888889 0.007421875 0.024305555555555556
0 0.466015625 0.5097222222222222 0.007421875 0.011111111111111112
0 0.481640625 0.5111111111111111 0.006640625 0.009722222222222222
0 0.494921875 0.5097222222222222 0.007421875 0.008333333333333333
0 0.51640625 0.5118055555555555 0.00625 0.009027777777777777
0 0.530859375 0.5034722222222222 0.008203125 0.017361111111111112
0 0.558984375 0.50625 0.019921875 0.024305555555555556
0 0.584765625 0.5152777777777777 0.005078125 0.016666666666666666
0 0.598046875 0.5159722222222223 0.008203125 0.014583333333333334
0 0.625 0.5145833333333333 0.0203125 0.025694444444444443
