8 0.337109375 0.31875 0.007421875 0.007638888888888889
8 0.3359375 0.3368055555555556 0.0046875 0.00625
8 0.336328125 0.35 0.005078125 0.006944444444444444
9 0.475 0.3333333333333333 0.00546875 0.013888888888888888
9 0.391015625 0.3416666666666667 0.004296875 0.009722222222222222
4 0.246875 0.39444444444444443 0.059375 0.0375
4 0.24453125 0.40347222222222223 0.03515625 0.03125
0 0.240234375 0.4263888888888889 0.023828125 0.02638888888888889
0 0.188671875 0.41597222222222224 0.044921875 0.04791666666666667
0 0.09921875 0.42083333333333334 0.09921875 0.06666666666666667
0 0.06640625 0.43194444444444446 0.06640625 0.04861111111111111
0 0.057421875 0.4527777777777778 0.057421875 0.06111111111111111
0 0.03984375 0.46597222222222223 0.03828125 0.05625
0 0.337890625 0.4263888888888889 0.014453125 0.03194444444444444
0 0.3625 0.4284722222222222 0.02109375 0.04236111111111111
0 0.583984375 0.42430555555555555 0.015234375 0.022916666666666665
0 0.562890625 0.41805555555555557 0.006640625 0.0125
0 0.50546875 0.42916666666666664 0.0203125 0.03333333333333333
0 0.42109375 0.4340277777777778 0.04453125 0.09097222222222222
0 0.651171875 0.44583333333333336 0.046484375 0.05138888888888889
0 0.538671875 0.44722222222222224 0.031640625 0.03888888888888889
0 0.76796875 0.4354166666666667 0.053125 0.052083333333333336
