8 0.632421875 0.06319444444444444 0.010546875 0.022916666666666665
8 0.633203125 0.10625 0.014453125 0.01875
8 0.660546875 0.24861111111111112 0.008203125 0.025
8 0.451953125 0.25416666666666665 0.015234375 0.008333333333333333
8 0.508984375 0.29305555555555557 0.005078125 0.005555555555555556
9 0.021484375 0.2222222222222222 0.005078125 0.018055555555555554
9 0.126953125 0.2826388888888889 0.004296875 0.013194444444444444
9 0.406640625 0.2513888888888889 0.005078125 0.013888888888888888
9 0.492578125 0.22847222222222222 0.004296875 0.01597222222222222
9 0.6390625 0.1701388888888889 0.0078125 0.03263888888888889
9 0.029296875 0.22291666666666668 0.006640625 0.02013888888888889
9 0.0109375 0.21944444444444444 0.00546875 0.019444444444444445
9 0.132421875 0.2826388888888889 0.003515625 0.013194444444444444
9 0.169921875 0.32708333333333334 0.005859375 0.009027777777777777
9 0.499609375 0.22916666666666666 0.005859375 0.015277777777777777
9 0.510546875 0.31319444444444444 0.005859375 0.009027777777777777
9 0.62734375 0.16041666666666668 0.00546875 0.024305555555555556
9 0.651171875 0.2659722222222222 0.009765625 0.010416666666666666
9 0.12421875 0.34097222222222223 0.00703125 0.010416666666666666
0 0.426953125 0.3590277777777778 0.012890625 0.022916666666666665
0 0.462109375 0.37083333333333335 0.008984375 0.020833333333333332
0 0.498828125 0.38055555555555554 0.030078125 0.05555555555555555
0 0.547265625 0.41805555555555557 0.073046875 0.08055555555555556
0 0.64375 0.3659722222222222 0.06015625 0.08680555555555555
0 0.781640625 0.37916666666666665 0.117578125 0.11666666666666667
0 0.27109375 0.3680555555555556 0.009375 0.019444444444444445
0 0.265234375 0.3770833333333333 0.008203125 0.017361111111111112
0 0.191796875 0.3993055555555556 0.062109375 0.06736111111111111
0 0.253125 0.37569444444444444 0.01015625 0.03680555555555556
0 0.123046875 0.39791666666666664 0.024609375 0.049305555555555554
0 0.081640625 0.4166666666666667 0.049609375 0.05555555555555555
2 0.9015625 0.3416666666666667 0.01484375 0.08055555555555556
0 0.349609375 0.40625 0.072265625 0.11875
