2 0.356640625 0.36527777777777776 0.007421875 0.0125
0 0.375390625 0.40069444444444446 0.012890625 0.02013888888888889
0 0.316796875 0.3784722222222222 0.046484375 0.027083333333333334
0 0.354296875 0.4409722222222222 0.033984375 0.052083333333333336
0 0.2875 0.44305555555555554 0.0625 0.08611111111111111
0 0.14140625 0.42986111111111114 0.11015625 0.11597222222222223
0 0.09140625 0.4756944444444444 0.090625 0.14375
0 0.77578125 0.4409722222222222 0.040625 0.03819444444444445
0 0.78984375 0.4576388888888889 0.03671875 0.03958333333333333
0 0.8546875 0.4638888888888889 0.06328125 0.04722222222222222
0 0.9046875 0.47708333333333336 0.06328125 0.059027777777777776
0 0.92421875 0.48541666666666666 0.05234375 0.06458333333333334
0 0.969921875 0.49930555555555556 0.029296875 0.09652777777777778
