0 0.041015625 0.6229166666666667 0.041015625 0.04097222222222222
0 0.231640625 0.5784722222222223 0.024609375 0.03125
0 0.15859375 0.5875 0.05 0.04722222222222222
0 0.298828125 0.5756944444444444 0.016015625 0.01597222222222222
4 0.317578125 0.5583333333333333 0.016796875 0.029166666666666667
0 0.40546875 0.5631944444444444 0.0078125 0.009027777777777777
0 0.4375 0.5736111111111111 0.0171875 0.02361111111111111
8 0.50546875 0.5347222222222222 0.00390625 0.009722222222222222
0 0.49140625 0.5659722222222222 0.01015625 0.01597222222222222
0 0.512890625 0.5708333333333333 0.010546875 0.020833333333333332
0 0.53359375 0.5694444444444444 0.00859375 0.027777777777777776
0 0.569921875 0.5694444444444444 0.029296875 0.034722222222222224
8 0.487109375 0.5208333333333334 0.005078125 0.011111111111111112
9 0.493359375 0.5319444444444444 0.003515625 0.009722222222222222
