8 0.69453125 0.38819444444444445 0.00625 0.01875
8 0.658984375 0.4083333333333333 0.005078125 0.008333333333333333
0 0.595703125 0.4326388888888889 0.005078125 0.017361111111111112
0 0.49921875 0.44027777777777777 0.0078125 0.009722222222222222
0 0.48828125 0.4354166666666667 0.00703125 0.011805555555555555
0 0.35703125 0.43333333333333335 0.01328125 0.013888888888888888
0 0.203515625 0.425 0.026953125 0.018055555555555554
0 0.1046875 0.4361111111111111 0.01796875 0.016666666666666666
0 0.638671875 0.4444444444444444 0.007421875 0.008333333333333333
0 0.56328125 0.4354166666666667 0.0140625 0.01875
0 0.61328125 0.43125 0.01640625 0.025694444444444443
0 0.7453125 0.45 0.07421875 0.09166666666666666
8 0.006640625 0.35138888888888886 0.006640625 0.0375
0 0.0125 0.44027777777777777 0.0125 0.016666666666666666
