0 0.872265625 0.53125 0.124609375 0.17569444444444443
0 0.298828125 0.4875 0.031640625 0.05
0 0.40234375 0.46458333333333335 0.009375 0.024305555555555556
0 0.423828125 0.4583333333333333 0.017578125 0.02361111111111111
0 0.456640625 0.43680555555555556 0.008984375 0.007638888888888889
0 0.47265625 0.42777777777777776 0.00546875 0.004166666666666667
0 0.487109375 0.42569444444444443 0.008984375 0.004861111111111111
0 0.521875 0.4305555555555556 0.00546875 0.005555555555555556
0 0.5359375 0.4263888888888889 0.009375 0.009722222222222222
0 0.547265625 0.42986111111111114 0.005859375 0.007638888888888889
0 0.55859375 0.43125 0.00546875 0.007638888888888889
0 0.573828125 0.4638888888888889 0.011328125 0.020833333333333332
0 0.5953125 0.4673611111111111 0.01328125 0.03263888888888889
0 0.671484375 0.48680555555555555 0.049609375 0.06736111111111111
0 0.72578125 0.41944444444444445 0.0171875 0.0125
0 0.456640625 0.42569444444444443 0.008984375 0.004861111111111111
4 0.64609375 0.4652777777777778 0.04140625 0.06111111111111111
5 0.444921875 0.46319444444444446 0.004296875 0.011805555555555555
0 0.232421875 0.5166666666666667 0.062109375 0.06111111111111111
0 0.361328125 0.5 0.049609375 0.06805555555555555
0 0.499609375 0.4444444444444444 0.009765625 0.013888888888888888
0 0.730078125 0.5270833333333333 0.058984375 0.07430555555555556
0 0.568359375 0.43472222222222223 0.007421875 0.006944444444444444
8 0.037109375 0.26180555555555557 0.012109375 0.011805555555555555
8 0.037109375 0.2847222222222222 0.019140625 0.011111111111111112
8 0.03984375 0.3298611111111111 0.01640625 0.034027777777777775
8 0.040234375 0.3736111111111111 0.008984375 0.006944444444444444
8 0.428515625 0.4215277777777778 0.004296875 0.00625
8 0.71796875 0.33958333333333335 0.009375 0.01875
