0 0.491015625 0.4388888888888889 0.018359375 0.034722222222222224
0 0.6015625 0.43680555555555556 0.04140625 0.07013888888888889
0 0.545703125 0.4340277777777778 0.016015625 0.029861111111111113
0 0.521875 0.43125 0.00625 0.014583333333333334
0 0.208203125 0.425 0.043359375 0.034722222222222224
4 0.73671875 0.39861111111111114 0.096875 0.12916666666666668
0 0.401171875 0.41944444444444445 0.006640625 0.009722222222222222
0 0.4296875 0.41597222222222224 0.00546875 0.00625
0 0.514453125 0.4152777777777778 0.007421875 0.0125
4 0.96640625 0.46041666666666664 0.02734375 0.035416666666666666
