8 0.1671875 0.46805555555555556 0.00546875 0.011111111111111112
8 0.291015625 0.4548611111111111 0.006640625 0.014583333333333334
8 0.39921875 0.4465277777777778 0.00625 0.01597222222222222
8 0.570703125 0.40694444444444444 0.008203125 0.015277777777777777
8 0.252734375 0.4618055555555556 0.004296875 0.007638888888888889
8 0.66484375 0.3527777777777778 0.0140625 0.03611111111111111
8 0.145703125 0.4701388888888889 0.004296875 0.011805555555555555
8 0.105078125 0.4791666666666667 0.003515625 0.009722222222222222
0 0.053515625 0.5104166666666666 0.051953125 0.04791666666666667
0 0.349609375 0.47291666666666665 0.021484375 0.029861111111111113
