8 0.729296875 0.27847222222222223 0.007421875 0.011805555555555555
9 0.46171875 0.33055555555555555 0.003125 0.011111111111111112
0 0.553515625 0.39375 0.009765625 0.017361111111111112
0 0.5671875 0.4 0.01015625 0.027777777777777776
0 0.576171875 0.4041666666666667 0.010546875 0.03333333333333333
0 0.5921875 0.40625 0.0140625 0.03680555555555556
0 0.63046875 0.40069444444444446 0.034375 0.059027777777777776
0 0.646875 0.42777777777777776 0.02890625 0.05138888888888889
1 0.49296875 0.3784722222222222 0.0109375 0.024305555555555556
0 0.5328125 0.38263888888888886 0.00859375 0.021527777777777778
9 0.53125 0.34097222222222223 0.003125 0.007638888888888889
0 0.515625 0.37777777777777777 0.0109375 0.016666666666666666
0 0.47890625 0.38680555555555557 0.01328125 0.027083333333333334
0 0.458203125 0.3770833333333333 0.010546875 0.02013888888888889
0 0.44453125 0.3923611111111111 0.0234375 0.03125
0 0.26796875 0.3763888888888889 0.0390625 0.07222222222222222
0 0.88515625 0.5402777777777777 0.11328125 0.22361111111111112
0 0.519140625 0.39305555555555555 0.013671875 0.018055555555555554
0 0.363671875 0.4027777777777778 0.066796875 0.09305555555555556
0 0.708203125 0.44930555555555557 0.066796875 0.07013888888888889
