0 0.225390625 0.48680555555555555 0.006640625 0.01875
0 0.216015625 0.4861111111111111 0.008203125 0.018055555555555554
0 0.20234375 0.4875 0.00859375 0.02361111111111111
0 0.186328125 0.48194444444444445 0.011328125 0.022222222222222223
0 0.1265625 0.49166666666666664 0.02109375 0.020833333333333332
0 0.076953125 0.50625 0.023046875 0.03263888888888889
0 0.41640625 0.4826388888888889 0.0078125 0.01875
0 0.431640625 0.47708333333333336 0.011328125 0.024305555555555556
0 0.47890625 0.49444444444444446 0.01796875 0.03333333333333333
0 0.0328125 0.5118055555555555 0.0328125 0.04097222222222222
0 0.875390625 0.5763888888888888 0.123828125 0.16111111111111112
0 0.510546875 0.4979166666666667 0.028515625 0.04375
