0 0.65703125 0.5361111111111111 0.01171875 0.015277777777777777
0 0.169921875 0.48194444444444445 0.013671875 0.018055555555555554
0 0.500390625 0.5111111111111111 0.005078125 0.0125
0 0.4734375 0.5111111111111111 0.01484375 0.02638888888888889
9 0.473828125 0.4548611111111111 0.005078125 0.01597222222222222
9 0.506640625 0.4583333333333333 0.004296875 0.015277777777777777
8 0.55390625 0.4861111111111111 0.0 0.0125
8 0.5484375 0.48541666666666666 0.00546875 0.013194444444444444
8 0.59609375 0.4534722222222222 0.00390625 0.011805555555555555
8 0.579296875 0.4652777777777778 0.003515625 0.006944444444444444
0 0.444921875 0.5013888888888889 0.003515625 0.006944444444444444
8 0.8609375 0.34305555555555556 0.021875 0.05
4 0.22265625 0.42569444444444443 0.01875 0.03125
8 0.189453125 0.21736111111111112 0.008984375 0.022916666666666665
0 0.5140625 0.5201388888888889 0.00703125 0.009027777777777777
4 0.268359375 0.3701388888888889 0.089453125 0.18819444444444444
2 0.2203125 0.22152777777777777 0.01015625 0.04097222222222222
9 0.39609375 0.46041666666666664 0.00390625 0.007638888888888889
9 0.40703125 0.44305555555555554 0.00390625 0.006944444444444444
