0 0.15625 0.5618055555555556 0.0046875 0.010416666666666666
0 0.148046875 0.5694444444444444 0.006640625 0.016666666666666666
0 0.13203125 0.5826388888888889 0.01484375 0.04791666666666667
0 0.0828125 0.6 0.046875 0.07916666666666666
0 0.04921875 0.6472222222222223 0.0484375 0.10277777777777777
0 0.0109375 0.7666666666666667 0.0109375 0.2263888888888889
0 0.17109375 0.5548611111111111 0.00703125 0.009027777777777777
0 0.184375 0.5590277777777778 0.00625 0.010416666666666666
0 0.199609375 0.5652777777777778 0.008984375 0.0125
0 0.210546875 0.56875 0.007421875 0.013194444444444444
2 0.22109375 0.5479166666666667 0.0046875 0.017361111111111112
0 0.231640625 0.5722222222222222 0.012890625 0.019444444444444445
0 0.2484375 0.5805555555555556 0.01328125 0.019444444444444445
0 0.26875 0.5854166666666667 0.01953125 0.024305555555555556
0 0.3234375 0.5861111111111111 0.03359375 0.04027777777777778
0 0.43125 0.60625 0.065625 0.07291666666666667
0 0.88671875 0.6909722222222222 0.11171875 0.18125
