2 0.09296875 0.6354166666666666 0.0203125 0.10902777777777778
9 0.134765625 0.48333333333333334 0.003515625 0.008333333333333333
8 0.47578125 0.4652777777777778 0.00546875 0.009722222222222222
8 0.596875 0.42430555555555555 0.00703125 0.014583333333333334
8 0.555859375 0.5 0.005859375 0.0125
8 0.80859375 0.2902777777777778 0.02421875 0.03194444444444444
9 0.526171875 0.5201388888888889 0.002734375 0.009027777777777777
9 0.58125 0.48819444444444443 0.00234375 0.010416666666666666
9 0.53359375 0.5180555555555556 0.00234375 0.011111111111111112
0 0.550390625 0.6395833333333333 0.051953125 0.07708333333333334
0 0.396875 0.7375 0.140625 0.18611111111111112
0 0.697265625 0.6618055555555555 0.134765625 0.18541666666666667
9 0.17109375 0.4548611111111111 0.00546875 0.007638888888888889
0 0.941015625 0.8229166666666666 0.058203125 0.17430555555555555
