0 0.297265625 0.4027777777777778 0.005859375 0.008333333333333333
0 0.271484375 0.4152777777777778 0.005859375 0.008333333333333333
0 0.267578125 0.42291666666666666 0.006640625 0.007638888888888889
0 0.26484375 0.4270833333333333 0.0046875 0.009027777777777777
0 0.313671875 0.4166666666666667 0.005859375 0.006944444444444444
0 0.31953125 0.4215277777777778 0.0046875 0.010416666666666666
0 0.32265625 0.4361111111111111 0.00546875 0.008333333333333333
0 0.361328125 0.4215277777777778 0.018359375 0.022916666666666665
0 0.41171875 0.39861111111111114 0.0390625 0.04583333333333333
0 0.09453125 0.42777777777777776 0.0296875 0.0375
0 0.164453125 0.40694444444444444 0.045703125 0.04722222222222222
2 0.526953125 0.3840277777777778 0.012890625 0.052083333333333336
2 0.55859375 0.37916666666666665 0.0234375 0.05277777777777778
2 0.704296875 0.3736111111111111 0.018359375 0.0625
0 0.98203125 0.40694444444444444 0.01640625 0.0375
8 0.69375 0.23402777777777778 0.0078125 0.027083333333333334
8 0.4171875 0.33819444444444446 0.00703125 0.014583333333333334
8 0.379296875 0.38125 0.005859375 0.01597222222222222
8 0.353125 0.24583333333333332 0.00546875 0.013888888888888888
