8 0.459765625 0.3472222222222222 0.012109375 0.005555555555555556
9 0.506640625 0.35208333333333336 0.003515625 0.014583333333333334
0 0.451953125 0.41041666666666665 0.007421875 0.011805555555555555
0 0.444140625 0.41458333333333336 0.006640625 0.01597222222222222
0 0.439453125 0.41944444444444445 0.006640625 0.020833333333333332
0 0.433203125 0.41944444444444445 0.007421875 0.02638888888888889
0 0.4171875 0.42083333333333334 0.0125 0.027777777777777776
0 0.410546875 0.42430555555555555 0.013671875 0.034027777777777775
0 0.37421875 0.4486111111111111 0.0421875 0.05555555555555555
0 0.522265625 0.3972222222222222 0.016015625 0.015277777777777777
0 0.588671875 0.4076388888888889 0.039453125 0.04513888888888889
0 0.72421875 0.4326388888888889 0.140625 0.08680555555555555
1 0.170703125 0.40347222222222223 0.170703125 0.40208333333333335
8 0.689453125 0.1736111111111111 0.031640625 0.016666666666666666
8 0.971484375 0.13958333333333334 0.026953125 0.035416666666666666
