0 0.064453125 0.5430555555555555 0.063671875 0.20555555555555555
0 0.244921875 0.46041666666666664 0.060546875 0.10347222222222222
0 0.395703125 0.48125 0.070703125 0.15763888888888888
0 0.63125 0.5173611111111112 0.115625 0.15208333333333332
0 0.141796875 0.4638888888888889 0.044921875 0.0625
0 0.324609375 0.4583333333333333 0.009765625 0.030555555555555555
0 0.496875 0.4548611111111111 0.0328125 0.052083333333333336
0 0.10078125 0.4305555555555556 0.0109375 0.018055555555555554
0 0.12265625 0.42291666666666666 0.00625 0.010416666666666666
2 0.9265625 0.5013888888888889 0.03125 0.09305555555555556
2 0.8765625 0.4777777777777778 0.0109375 0.06388888888888888
2 0.8265625 0.4673611111111111 0.01484375 0.07708333333333334
2 0.754296875 0.4756944444444444 0.012890625 0.06319444444444444
2 0.534765625 0.43472222222222223 0.003515625 0.013888888888888888
8 0.053515625 0.2777777777777778 0.012890625 0.015277777777777777
8 0.470703125 0.33958333333333335 0.016796875 0.009027777777777777
8 0.691796875 0.2638888888888889 0.011328125 0.018055555555555554
9 0.137109375 0.2875 0.004296875 0.018055555555555554
9 0.238671875 0.3347222222222222 0.001953125 0.011111111111111112
9 0.4296875 0.32916666666666666 0.003125 0.009722222222222222
9 0.58203125 0.27152777777777776 0.00546875 0.025694444444444443
9 0.149609375 0.28888888888888886 0.007421875 0.019444444444444445
9 0.424609375 0.32569444444444445 0.001953125 0.013194444444444444
9 0.436328125 0.32708333333333334 0.002734375 0.013194444444444444
8 0.583203125 0.33125 0.012890625 0.025694444444444443
8 0.615234375 0.36736111111111114 0.013671875 0.01597222222222222
9 0.516796875 0.34930555555555554 0.002734375 0.01875
