8 0.583984375 0.3034722222222222 0.012890625 0.017361111111111112
8 0.533984375 0.28402777777777777 0.016796875 0.021527777777777778
9 0.50625 0.27708333333333335 0.0078125 0.025694444444444443
9 0.848828125 0.16597222222222222 0.010546875 0.04236111111111111
8 0.86328125 0.04652777777777778 0.0171875 0.021527777777777778
8 0.9140625 0.2375 0.0140625 0.019444444444444445
4 0.402734375 0.4409722222222222 0.005078125 0.022916666666666665
4 0.384375 0.45 0.01640625 0.029166666666666667
4 0.490625 0.45416666666666666 0.01796875 0.029166666666666667
0 0.384765625 0.4638888888888889 0.010546875 0.022222222222222223
0 0.366796875 0.46805555555555556 0.013671875 0.04027777777777778
0 0.40703125 0.4638888888888889 0.00703125 0.0125
0 0.50859375 0.46041666666666664 0.01171875 0.021527777777777778
0 0.52578125 0.4638888888888889 0.01484375 0.030555555555555555
0 0.567578125 0.45625 0.036328125 0.05625
2 0.9796875 0.47430555555555554 0.01796875 0.04375
0 0.97421875 0.6034722222222222 0.0234375 0.1076388888888889
0 0.4296875 0.47152777777777777 0.02578125 0.04375
0 0.7703125 0.5326388888888889 0.190625 0.23680555555555555
1 0.178125 0.3375 0.178125 0.33611111111111114
