0 0.825 0.6805555555555556 0.17421875 0.16527777777777777
1 0.3265625 0.5173611111111112 0.02890625 0.059027777777777776
0 0.376953125 0.5506944444444445 0.022265625 0.04097222222222222
0 0.08125 0.53125 0.0171875 0.02847222222222222
4 0.119140625 0.5291666666666667 0.020703125 0.027777777777777776
8 0.037890625 0.46805555555555556 0.016015625 0.02638888888888889
8 0.261328125 0.44722222222222224 0.028515625 0.0375
0 0.2671875 0.5368055555555555 0.009375 0.017361111111111112
0 0.208984375 0.5381944444444444 0.011328125 0.01875
0 0.138671875 0.5173611111111112 0.011328125 0.022916666666666665
8 0.65078125 0.3611111111111111 0.0078125 0.04583333333333333
0 0.405859375 0.54375 0.008984375 0.02013888888888889
