9 0.36640625 0.43472222222222223 0.0078125 0.018055555555555554
9 0.55078125 0.2701388888888889 0.0078125 0.027083333333333334
9 0.85390625 0.1909722222222222 0.0078125 0.03680555555555556
9 0.82265625 0.18819444444444444 0.0078125 0.024305555555555556
9 0.86875 0.29583333333333334 0.009375 0.03611111111111111
9 0.882421875 0.41944444444444445 0.008203125 0.013888888888888888
9 0.36953125 0.3958333333333333 0.00859375 0.02638888888888889
9 0.55234375 0.40208333333333335 0.003125 0.013194444444444444
9 0.587109375 0.41041666666666665 0.003515625 0.01597222222222222
9 0.62890625 0.43125 0.00390625 0.01875
8 0.384375 0.3576388888888889 0.0125 0.010416666666666666
8 0.481640625 0.4215277777777778 0.008203125 0.009027777777777777
8 0.480859375 0.39444444444444443 0.006640625 0.015277777777777777
8 0.480859375 0.36319444444444443 0.008984375 0.01597222222222222
8 0.493359375 0.2847222222222222 0.026953125 0.015277777777777777
8 0.8890625 0.27152777777777776 0.01015625 0.021527777777777778
8 0.89765625 0.33611111111111114 0.01171875 0.015277777777777777
8 0.51328125 0.45208333333333334 0.00625 0.021527777777777778
2 0.413671875 0.5104166666666666 0.010546875 0.04652777777777778
0 0.5578125 0.4708333333333333 0.00859375 0.016666666666666666
0 0.578125 0.4979166666666667 0.02578125 0.04097222222222222
9 0.85078125 0.24930555555555556 0.01015625 0.029861111111111113
4 0.3046875 0.4861111111111111 0.01640625 0.030555555555555555
9 0.903515625 0.4166666666666667 0.008203125 0.016666666666666666
