0 0.298046875 0.5368055555555555 0.023046875 0.02013888888888889
0 0.364453125 0.5381944444444444 0.008984375 0.007638888888888889
0 0.03125 0.5652777777777778 0.03125 0.025
0 0.185546875 0.5840277777777778 0.084765625 0.07291666666666667
0 0.671875 0.5395833333333333 0.0421875 0.049305555555555554
0 0.915234375 0.6625 0.083203125 0.16111111111111112
8 0.6171875 0.10694444444444444 0.134375 0.08888888888888889
8 0.484375 0.5048611111111111 0.0109375 0.011805555555555555
8 0.515625 0.5034722222222222 0.0140625 0.013194444444444444
8 0.172265625 0.45069444444444445 0.008984375 0.021527777777777778
