8 0.25078125 0.31805555555555554 0.009375 0.0125
8 0.25 0.3375 0.00625 0.0125
8 0.345703125 0.24930555555555556 0.063671875 0.03263888888888889
8 0.4375 0.3298611111111111 0.00703125 0.011805555555555555
8 0.4375 0.3527777777777778 0.00546875 0.008333333333333333
0 0.44609375 0.44305555555555554 0.01015625 0.013888888888888888
0 0.46328125 0.4465277777777778 0.009375 0.017361111111111112
0 0.5125 0.4527777777777778 0.0109375 0.015277777777777777
0 0.5328125 0.4548611111111111 0.0109375 0.013194444444444444
8 0.573828125 0.40555555555555556 0.006640625 0.006944444444444444
0 0.6640625 0.46597222222222223 0.021875 0.024305555555555556
0 0.705078125 0.46458333333333335 0.018359375 0.025694444444444443
0 0.74765625 0.4701388888888889 0.02109375 0.022916666666666665
0 0.784375 0.4736111111111111 0.028125 0.02638888888888889
0 0.840625 0.49027777777777776 0.0359375 0.03194444444444444
0 0.914453125 0.5027777777777778 0.045703125 0.041666666666666664
0 0.9703125 0.5097222222222222 0.028125 0.041666666666666664
