9 0.41640625 0.27152777777777776 0.0078125 0.01597222222222222
9 0.42890625 0.17777777777777778 0.0046875 0.03333333333333333
9 0.715234375 0.12222222222222222 0.005859375 0.0375
9 0.73203125 0.1125 0.0125 0.05138888888888889
8 0.419140625 0.23055555555555557 0.010546875 0.022222222222222223
0 0.438671875 0.36319444444444443 0.016015625 0.011805555555555555
8 0.460546875 0.36180555555555555 0.005859375 0.013194444444444444
0 0.4578125 0.3715277777777778 0.02421875 0.013194444444444444
0 0.484375 0.3840277777777778 0.021875 0.01597222222222222
0 0.637890625 0.4125 0.031640625 0.04722222222222222
8 0.509765625 0.30972222222222223 0.018359375 0.025
