8 0.41328125 0.2951388888888889 0.00703125 0.011805555555555555
8 0.061328125 0.17777777777777778 0.008203125 0.0125
0 0.5015625 0.3402777777777778 0.0046875 0.008333333333333333
0 0.489453125 0.33819444444444446 0.008203125 0.010416666666666666
0 0.34375 0.3333333333333333 0.025 0.030555555555555555
0 0.28828125 0.33402777777777776 0.03046875 0.03125
0 0.050390625 0.325 0.049609375 0.09444444444444444
0 0.247265625 0.31527777777777777 0.016015625 0.0125
0 0.664453125 0.36666666666666664 0.020703125 0.018055555555555554
0 0.579296875 0.3611111111111111 0.024609375 0.016666666666666666
8 0.401171875 0.25069444444444444 0.011328125 0.027083333333333334
8 0.049609375 0.19583333333333333 0.016796875 0.006944444444444444
