9 0.042578125 0.3458333333333333 0.005859375 0.004166666666666667
9 0.0796875 0.3451388888888889 0.0078125 0.00625
9 0.112890625 0.3423611111111111 0.006640625 0.003472222222222222
9 0.145703125 0.34097222222222223 0.006640625 0.004861111111111111
9 0.18203125 0.3402777777777778 0.0046875 0.005555555555555556
9 0.21640625 0.3347222222222222 0.00546875 0.006944444444444444
9 0.250390625 0.3375 0.007421875 0.005555555555555556
9 0.28515625 0.33611111111111114 0.00703125 0.005555555555555556
9 0.31875 0.3347222222222222 0.00625 0.004166666666666667
9 0.40546875 0.33194444444444443 0.00546875 0.009722222222222222
9 0.621875 0.3194444444444444 0.0078125 0.008333333333333333
9 0.586328125 0.3194444444444444 0.008203125 0.008333333333333333
9 0.515625 0.3229166666666667 0.0046875 0.004861111111111111
9 0.47890625 0.3284722222222222 0.0078125 0.013194444444444444
0 0.48515625 0.3888888888888889 0.0078125 0.013888888888888888
0 0.472265625 0.38958333333333334 0.008203125 0.011805555555555555
0 0.459765625 0.3923611111111111 0.013671875 0.017361111111111112
0 0.428515625 0.39861111111111114 0.022265625 0.02361111111111111
0 0.352734375 0.40694444444444444 0.016015625 0.019444444444444445
0 0.547265625 0.3902777777777778 0.013671875 0.016666666666666666
8 0.85625 0.19583333333333333 0.0171875 0.03611111111111111
