8 0.778515625 0.3923611111111111 0.006640625 0.004861111111111111
8 0.78359375 0.40694444444444444 0.0078125 0.004166666666666667
9 0.780078125 0.44166666666666665 0.005859375 0.006944444444444444
2 0.052734375 0.37916666666666665 0.024609375 0.09166666666666666
2 0.07265625 0.4847222222222222 0.04453125 0.19027777777777777
2 0.155859375 0.4576388888888889 0.017578125 0.09791666666666667
2 0.188671875 0.4625 0.026171875 0.10138888888888889
2 0.23984375 0.4826388888888889 0.0265625 0.10902777777777778
2 0.21328125 0.5305555555555556 0.0125 0.04027777777777778
2 0.329296875 0.4388888888888889 0.008203125 0.04583333333333333
2 0.352734375 0.43680555555555556 0.007421875 0.03263888888888889
2 0.376171875 0.43125 0.008203125 0.02847222222222222
2 0.40234375 0.4847222222222222 0.02265625 0.05
2 0.41796875 0.4340277777777778 0.00859375 0.029861111111111113
2 0.3890625 0.43472222222222223 0.00625 0.030555555555555555
2 0.304296875 0.42777777777777776 0.008984375 0.04861111111111111
2 0.44140625 0.4465277777777778 0.00859375 0.03819444444444445
2 0.405859375 0.4340277777777778 0.004296875 0.01875
2 0.986328125 0.5055555555555555 0.009765625 0.029166666666666667
0 0.6015625 0.5625 0.16328125 0.25416666666666665
0 0.505078125 0.38819444444444445 0.055859375 0.09236111111111112
0 0.91328125 0.5319444444444444 0.07734375 0.058333333333333334
0 0.812890625 0.4986111111111111 0.055859375 0.043055555555555555
0 0.763671875 0.4756944444444444 0.008203125 0.011805555555555555
