0 0.297265625 0.4638888888888889 0.007421875 0.006944444444444444
0 0.30859375 0.46458333333333335 0.00546875 0.007638888888888889
0 0.332421875 0.4597222222222222 0.003515625 0.006944444444444444
0 0.36953125 0.47638888888888886 0.015625 0.02638888888888889
0 0.152734375 0.5215277777777778 0.152734375 0.22708333333333333
0 0.93203125 0.4798611111111111 0.02578125 0.025694444444444443
0 0.764453125 0.47152777777777777 0.044140625 0.06041666666666667
0 0.408984375 0.4847222222222222 0.032421875 0.041666666666666664
0 0.828515625 0.46458333333333335 0.075390625 0.07013888888888889
2 0.608203125 0.47708333333333336 0.015234375 0.07152777777777777
9 0.554296875 0.021527777777777778 0.012109375 0.021527777777777778
9 0.52890625 0.024305555555555556 0.01171875 0.024305555555555556
9 0.5046875 0.022222222222222223 0.01171875 0.022222222222222223
0 0.319140625 0.46944444444444444 0.008984375 0.0125
