8 0.21171875 0.4965277777777778 0.009375 0.01597222222222222
8 0.6125 0.49444444444444446 0.01015625 0.020833333333333332
8 0.590625 0.4861111111111111 0.01171875 0.008333333333333333
0 0.578125 0.5263888888888889 0.00625 0.008333333333333333
0 0.56796875 0.5236111111111111 0.0046875 0.008333333333333333
0 0.553125 0.5243055555555556 0.01171875 0.01597222222222222
0 0.531640625 0.5243055555555556 0.008203125 0.011805555555555555
0 0.5203125 0.525 0.00390625 0.009722222222222222
0 0.5109375 0.5270833333333333 0.00546875 0.009027777777777777
0 0.501171875 0.5243055555555556 0.006640625 0.011805555555555555
0 0.480859375 0.5277777777777778 0.016015625 0.019444444444444445
0 0.459375 0.5291666666666667 0.009375 0.016666666666666666
0 0.404296875 0.5291666666666667 0.005859375 0.016666666666666666
0 0.430078125 0.5243055555555556 0.019921875 0.03263888888888889
0 0.27734375 0.5319444444444444 0.02734375 0.025
0 0.352734375 0.5229166666666667 0.047265625 0.05347222222222222
0 0.033984375 0.5423611111111111 0.033984375 0.07152777777777777
