0 0.501953125 0.4708333333333333 0.003515625 0.008333333333333333
0 0.49296875 0.4722222222222222 0.00390625 0.006944444444444444
0 0.48671875 0.47152777777777777 0.003125 0.007638888888888889
0 0.48125 0.47152777777777777 0.003125 0.009027777777777777
0 0.475390625 0.47152777777777777 0.003515625 0.009027777777777777
0 0.45078125 0.4756944444444444 0.00625 0.010416666666666666
0 0.15703125 0.48541666666666666 0.01953125 0.02013888888888889
0 0.1203125 0.49166666666666664 0.02734375 0.03333333333333333
0 0.544921875 0.5069444444444444 0.041796875 0.058333333333333334
0 0.61015625 0.49583333333333335 0.025 0.03611111111111111
0 0.466796875 0.4736111111111111 0.010546875 0.016666666666666666
0 0.28515625 0.5166666666666667 0.05234375 0.05416666666666667
0 0.0546875 0.53125 0.0546875 0.08819444444444445
8 0.6421875 0.42569444444444443 0.00859375 0.011805555555555555
