0 0.433203125 0.7680555555555556 0.110546875 0.2
0 0.229296875 0.7409722222222223 0.027734375 0.03125
0 0.166015625 0.74375 0.034765625 0.04097222222222222
0 0.26328125 0.7298611111111111 0.00625 0.021527777777777778
9 0.09453125 0.5791666666666667 0.00546875 0.016666666666666666
9 0.087890625 0.675 0.005078125 0.013888888888888888
9 0.519140625 0.5236111111111111 0.005078125 0.022222222222222223
9 0.50546875 0.5270833333333333 0.0046875 0.025694444444444443
9 0.106640625 0.5826388888888889 0.004296875 0.022916666666666665
9 0.528125 0.5291666666666667 0.003125 0.020833333333333332
9 0.330859375 0.6534722222222222 0.005078125 0.014583333333333334
2 0.705078125 0.7145833333333333 0.013671875 0.052083333333333336
9 0.5828125 0.6513888888888889 0.0078125 0.011111111111111112
9 0.106640625 0.6722222222222223 0.004296875 0.009722222222222222
0 0.30390625 0.725 0.01015625 0.0125
