2 0.126171875 0.7680555555555556 0.017578125 0.09583333333333334
0 0.01484375 0.7458333333333333 0.0140625 0.03194444444444444
0 0.891015625 0.7034722222222223 0.066796875 0.06458333333333334
0 0.972265625 0.7013888888888888 0.026953125 0.05694444444444444
9 0.740234375 0.47847222222222224 0.012890625 0.025694444444444443
9 0.3015625 0.5263888888888889 0.0140625 0.013888888888888888
9 0.50078125 0.5895833333333333 0.0046875 0.025694444444444443
9 0.39375 0.6569444444444444 0.00390625 0.009722222222222222
9 0.375 0.6576388888888889 0.00546875 0.010416666666666666
8 0.453125 0.6277777777777778 0.00859375 0.018055555555555554
8 0.401953125 0.6777777777777778 0.004296875 0.009722222222222222
0 0.271484375 0.7229166666666667 0.036328125 0.025694444444444443
8 0.85859375 0.49930555555555556 0.028125 0.01875
8 0.651953125 0.5583333333333333 0.017578125 0.009722222222222222
8 0.648046875 0.5388888888888889 0.008203125 0.009722222222222222
8 0.52109375 0.5645833333333333 0.0109375 0.025694444444444443
8 0.5234375 0.5986111111111111 0.01640625 0.008333333333333333
