8 0.907421875 0.4423611111111111 0.033203125 0.025694444444444443
8 0.84375 0.4423611111111111 0.02734375 0.027083333333333334
8 0.79140625 0.44305555555555554 0.009375 0.020833333333333332
0 0.339453125 0.5576388888888889 0.019921875 0.01597222222222222
0 0.09765625 0.5833333333333334 0.04375 0.020833333333333332
0 0.031640625 0.6138888888888889 0.031640625 0.058333333333333334
4 0.94921875 0.63125 0.04921875 0.11319444444444444
0 0.6390625 0.5868055555555556 0.0203125 0.03125
1 0.604296875 0.5618055555555556 0.019140625 0.03680555555555556
1 0.665625 0.5541666666666667 0.015625 0.027777777777777776
1 0.7421875 0.5541666666666667 0.01953125 0.029166666666666667
0 0.504296875 0.5652777777777778 0.007421875 0.0125
0 0.4765625 0.5638888888888889 0.0125 0.025
0 0.436328125 0.5625 0.016015625 0.015277777777777777
0 0.386328125 0.56875 0.022265625 0.03125
0 0.2640625 0.5833333333333334 0.03046875 0.03333333333333333
0 0.32421875 0.6020833333333333 0.03828125 0.04236111111111111
0 0.567578125 0.6340277777777777 0.051171875 0.07569444444444444
0 0.689453125 0.60625 0.038671875 0.05625
0 0.847265625 0.6430555555555556 0.123828125 0.13472222222222222
