9 0.339453125 0.40902777777777777 0.003515625 0.013194444444444444
9 0.28515625 0.41458333333333336 0.003125 0.010416666666666666
9 0.333984375 0.4111111111111111 0.003515625 0.011111111111111112
2 0.89609375 0.5118055555555555 0.0265625 0.12291666666666666
0 0.34375 0.48194444444444445 0.01484375 0.016666666666666666
0 0.28984375 0.47708333333333336 0.01484375 0.021527777777777778
0 0.235546875 0.48125 0.037109375 0.04652777777777778
0 0.212109375 0.5270833333333333 0.048828125 0.06319444444444444
0 0.11171875 0.5527777777777778 0.075 0.09583333333333334
0 0.366015625 0.49375 0.012109375 0.025694444444444443
0 0.3859375 0.49375 0.021875 0.03680555555555556
0 0.40859375 0.5055555555555555 0.02109375 0.041666666666666664
0 0.447265625 0.5173611111111112 0.036328125 0.06041666666666667
0 0.31484375 0.49375 0.01640625 0.024305555555555556
4 0.589453125 0.49930555555555556 0.129296875 0.1701388888888889
0 0.066796875 0.6659722222222222 0.066796875 0.18541666666666667
