0 0.009375 0.37569444444444444 0.0078125 0.014583333333333334
0 0.002734375 0.38472222222222224 0.002734375 0.016666666666666666
0 0.0765625 0.38263888888888886 0.04921875 0.022916666666666665
0 0.024609375 0.36736111111111114 0.009765625 0.027083333333333334
0 0.515234375 0.31666666666666665 0.009765625 0.015277777777777777
0 0.46640625 0.31666666666666665 0.05703125 0.034722222222222224
0 0.71171875 0.2916666666666667 0.015625 0.018055555555555554
0 0.66328125 0.3076388888888889 0.01640625 0.022916666666666665
0 0.776953125 0.3076388888888889 0.044921875 0.01875
0 0.61015625 0.34097222222222223 0.03203125 0.04791666666666667
0 0.4125 0.5326388888888889 0.15703125 0.21736111111111112
0 0.69921875 0.3736111111111111 0.0640625 0.06111111111111111
0 0.896875 0.4465277777777778 0.10234375 0.23402777777777778
9 0.202734375 0.2916666666666667 0.008984375 0.006944444444444444
9 0.3078125 0.21666666666666667 0.003125 0.015277777777777777
9 0.290625 0.21805555555555556 0.00234375 0.016666666666666666
9 0.517578125 0.18472222222222223 0.003515625 0.0125
9 0.505078125 0.1875 0.001953125 0.013888888888888888
9 0.562890625 0.26944444444444443 0.002734375 0.008333333333333333
9 0.29921875 0.21736111111111112 0.0046875 0.02013888888888889
9 0.32265625 0.2986111111111111 0.00703125 0.008333333333333333
9 0.510546875 0.1875 0.003515625 0.016666666666666666
8 0.20625 0.24513888888888888 0.00625 0.00625
8 0.079296875 0.29305555555555557 0.005859375 0.004166666666666667
8 0.078125 0.3013888888888889 0.0046875 0.004166666666666667
8 0.07890625 0.31527777777777777 0.0046875 0.005555555555555556
8 0.55546875 0.18819444444444444 0.01640625 0.009027777777777777
8 0.669140625 0.2152777777777778 0.008203125 0.009722222222222222
2 0.573046875 0.31805555555555554 0.003515625 0.020833333333333332
