9 0.506640625 0.475 0.001953125 0.006944444444444444
9 0.46875 0.4826388888888889 0.00234375 0.007638888888888889
9 0.414453125 0.03958333333333333 0.008984375 0.034027777777777775
9 0.44296875 0.45555555555555555 0.00390625 0.008333333333333333
9 0.526171875 0.46597222222222223 0.002734375 0.009027777777777777
4 0.493359375 0.4979166666666667 0.009765625 0.01597222222222222
0 0.469921875 0.53125 0.010546875 0.025694444444444443
0 0.5140625 0.50625 0.00859375 0.009027777777777777
0 0.529296875 0.5118055555555555 0.006640625 0.014583333333333334
0 0.54296875 0.5111111111111111 0.00703125 0.011111111111111112
0 0.540625 0.5395833333333333 0.01015625 0.017361111111111112
0 0.483984375 0.5416666666666666 0.014453125 0.02638888888888889
0 0.61015625 0.5451388888888888 0.0109375 0.01875
0 0.55546875 0.5451388888888888 0.0078125 0.025694444444444443
0 0.569140625 0.5527777777777778 0.012890625 0.02638888888888889
0 0.705859375 0.5708333333333333 0.020703125 0.04583333333333333
2 0.686328125 0.5423611111111111 0.005078125 0.02013888888888889
2 0.34765625 0.5111111111111111 0.003125 0.008333333333333333
2 0.341015625 0.5180555555555556 0.002734375 0.0125
2 0.334765625 0.5194444444444445 0.002734375 0.015277777777777777
2 0.326953125 0.51875 0.004296875 0.013194444444444444
2 0.240625 0.5291666666666667 0.00625 0.030555555555555555
2 0.209375 0.5222222222222223 0.01328125 0.013888888888888888
2 0.183984375 0.5173611111111112 0.010546875 0.017361111111111112
2 0.162109375 0.5166666666666667 0.008984375 0.018055555555555554
2 0.137109375 0.5319444444444444 0.008984375 0.020833333333333332
2 0.10078125 0.5270833333333333 0.01171875 0.029861111111111113
2 0.0609375 0.53125 0.0171875 0.021527777777777778
2 0.027734375 0.5180555555555556 0.013671875 0.030555555555555555
8 0.38046875 0.42916666666666664 0.0046875 0.013888888888888888
8 0.3703125 0.45902777777777776 0.00703125 0.004861111111111111
9 0.587890625 0.45555555555555555 0.003515625 0.011111111111111112
0 0.512109375 0.5409722222222222 0.020703125 0.04097222222222222
0 0.58671875 0.5555555555555556 0.025 0.041666666666666664
0 0.408203125 0.5881944444444445 0.066796875 0.09513888888888888
0 0.190625 0.5986111111111111 0.0671875 0.06666666666666667
0 0.099609375 0.6388888888888888 0.055078125 0.09583333333333334
