9 0.6 0.3701388888888889 0.00625 0.010416666666666666
9 0.65 0.40208333333333335 0.00390625 0.009027777777777777
9 0.494140625 0.43194444444444446 0.003515625 0.011111111111111112
7 0.530859375 0.4666666666666667 0.005859375 0.009722222222222222
5 0.532421875 0.48541666666666666 0.006640625 0.009027777777777777
8 0.646875 0.38333333333333336 0.0046875 0.008333333333333333
8 0.458203125 0.38333333333333336 0.008203125 0.009722222222222222
0 0.659765625 0.46458333333333335 0.019140625 0.025694444444444443
0 0.737890625 0.4826388888888889 0.044921875 0.059027777777777776
0 0.43203125 0.4791666666666667 0.01015625 0.009722222222222222
0 0.491015625 0.5020833333333333 0.037890625 0.04791666666666667
0 0.609375 0.4583333333333333 0.02265625 0.03194444444444444
0 0.874609375 0.5145833333333333 0.108203125 0.12013888888888889
4 0.562890625 0.4479166666666667 0.024609375 0.05347222222222222
