9 0.351171875 0.4027777777777778 0.004296875 0.013888888888888888
9 0.4203125 0.42986111111111114 0.00390625 0.013194444444444444
9 0.48046875 0.39305555555555555 0.0046875 0.013888888888888888
9 0.46484375 0.42291666666666666 0.00390625 0.013194444444444444
9 0.237109375 0.4618055555555556 0.004296875 0.011805555555555555
9 0.312109375 0.47291666666666665 0.006640625 0.011805555555555555
9 0.530859375 0.4388888888888889 0.006640625 0.008333333333333333
9 0.5609375 0.42777777777777776 0.00859375 0.0125
9 0.257421875 0.41388888888888886 0.003515625 0.015277777777777777
9 0.2671875 0.41458333333333336 0.00390625 0.011805555555555555
8 0.529296875 0.41944444444444445 0.005859375 0.006944444444444444
8 0.558203125 0.3736111111111111 0.007421875 0.008333333333333333
8 0.52109375 0.38958333333333334 0.00703125 0.010416666666666666
0 0.2015625 0.5402777777777777 0.03828125 0.03194444444444444
0 0.1375 0.5618055555555556 0.0390625 0.03263888888888889
0 0.530859375 0.49166666666666664 0.022265625 0.0375
0 0.437890625 0.4722222222222222 0.005859375 0.008333333333333333
0 0.451171875 0.46875 0.005859375 0.009027777777777777
0 0.549609375 0.5 0.031640625 0.03888888888888889
0 0.666015625 0.5020833333333333 0.076953125 0.09236111111111112
0 0.37421875 0.4986111111111111 0.025 0.041666666666666664
0 0.059765625 0.5493055555555556 0.059765625 0.050694444444444445
8 0.73046875 0.3125 0.0234375 0.04583333333333333
