9 0.3859375 0.4097222222222222 0.00546875 0.008333333333333333
9 0.46171875 0.39652777777777776 0.003125 0.007638888888888889
9 0.435546875 0.40347222222222223 0.001953125 0.004861111111111111
9 0.420703125 0.4013888888888889 0.003515625 0.005555555555555556
9 0.4921875 0.3951388888888889 0.00546875 0.009027777777777777
9 0.55078125 0.4354166666666667 0.003125 0.00625
8 0.507421875 0.4013888888888889 0.003515625 0.008333333333333333
0 0.423046875 0.4354166666666667 0.004296875 0.00625
0 0.412890625 0.44027777777777777 0.007421875 0.006944444444444444
0 0.407421875 0.44930555555555557 0.003515625 0.007638888888888889
0 0.396484375 0.45208333333333334 0.008203125 0.013194444444444444
0 0.392578125 0.4638888888888889 0.005859375 0.008333333333333333
0 0.38515625 0.47638888888888886 0.00546875 0.011111111111111112
0 0.370703125 0.4895833333333333 0.011328125 0.01597222222222222
0 0.338671875 0.5243055555555556 0.011328125 0.021527777777777778
0 0.315234375 0.5229166666666667 0.017578125 0.024305555555555556
0 0.29296875 0.5381944444444444 0.0125 0.027083333333333334
0 0.268359375 0.5423611111111111 0.023046875 0.03263888888888889
0 0.231640625 0.5604166666666667 0.022265625 0.03958333333333333
0 0.16953125 0.5680555555555555 0.04140625 0.04722222222222222
0 0.100390625 0.5743055555555555 0.066796875 0.06458333333333334
0 0.4765625 0.42986111111111114 0.00390625 0.007638888888888889
0 0.4828125 0.43680555555555556 0.00546875 0.009027777777777777
0 0.48828125 0.44166666666666665 0.00546875 0.008333333333333333
0 0.490234375 0.4444444444444444 0.003515625 0.006944444444444444
0 0.4953125 0.4513888888888889 0.00625 0.009722222222222222
0 0.49765625 0.45694444444444443 0.00625 0.008333333333333333
0 0.510546875 0.4708333333333333 0.013671875 0.018055555555555554
0 0.530078125 0.49583333333333335 0.011328125 0.02361111111111111
0 0.54921875 0.4930555555555556 0.009375 0.03611111111111111
0 0.652734375 0.5236111111111111 0.034765625 0.05555555555555555
0 0.76328125 0.5173611111111112 0.0890625 0.10486111111111111
0 0.580859375 0.49375 0.032421875 0.04097222222222222
0 0.91171875 0.5409722222222222 0.08671875 0.16597222222222222
0 0.4625 0.42430555555555555 0.00703125 0.007638888888888889
0 0.44296875 0.4326388888888889 0.0078125 0.011805555555555555
8 0.552734375 0.4125 0.007421875 0.005555555555555556
