8 0.56875 0.19722222222222222 0.0171875 0.019444444444444445
8 0.509375 0.3034722222222222 0.009375 0.017361111111111112
8 0.8078125 0.25763888888888886 0.0265625 0.011805555555555555
8 0.7921875 0.26875 0.015625 0.013194444444444444
8 0.776953125 0.3423611111111111 0.008984375 0.03263888888888889
9 0.51171875 0.39444444444444443 0.003125 0.0125
9 0.513671875 0.1875 0.008203125 0.034722222222222224
9 0.815625 0.3638888888888889 0.01796875 0.029166666666666667
9 0.5 0.21666666666666667 0.009375 0.030555555555555555
9 0.527734375 0.22291666666666668 0.007421875 0.03125
2 0.71796875 0.5263888888888889 0.0125 0.044444444444444446
2 0.818359375 0.5479166666666667 0.017578125 0.07708333333333334
0 0.398828125 0.5215277777777778 0.003515625 0.010416666666666666
0 0.390234375 0.5201388888888889 0.007421875 0.013194444444444444
0 0.386328125 0.5256944444444445 0.004296875 0.011805555555555555
0 0.3796875 0.5284722222222222 0.00546875 0.009027777777777777
0 0.37421875 0.5291666666666667 0.0046875 0.011111111111111112
0 0.364453125 0.5298611111111111 0.008203125 0.01597222222222222
0 0.348046875 0.5347222222222222 0.012890625 0.020833333333333332
4 0.34453125 0.5291666666666667 0.015625 0.030555555555555555
0 0.334765625 0.54375 0.009765625 0.01875
0 0.323828125 0.5472222222222223 0.007421875 0.020833333333333332
0 0.299609375 0.5486111111111112 0.026171875 0.03611111111111111
4 0.243359375 0.5270833333333333 0.051171875 0.059027777777777776
2 0.25625 0.5729166666666666 0.021875 0.09791666666666667
0 0.5359375 0.7145833333333333 0.18125 0.28125
0 0.933203125 0.7270833333333333 0.065234375 0.16597222222222222
0 0.825 0.8638888888888889 0.00390625 0.001388888888888889
