8 0.1640625 0.31666666666666665 0.0296875 0.011111111111111112
8 0.584765625 0.30972222222222223 0.028515625 0.011111111111111112
8 0.637890625 0.3548611111111111 0.012890625 0.009027777777777777
8 0.613671875 0.3923611111111111 0.013671875 0.013194444444444444
8 0.0546875 0.3625 0.015625 0.008333333333333333
9 0.049609375 0.40069444444444446 0.004296875 0.022916666666666665
9 0.062890625 0.41597222222222224 0.003515625 0.007638888888888889
9 0.2953125 0.29791666666666666 0.00546875 0.02013888888888889
9 0.53671875 0.28888888888888886 0.00546875 0.02361111111111111
9 0.93359375 0.2638888888888889 0.01484375 0.05277777777777778
9 0.6515625 0.44166666666666665 0.0078125 0.0125
9 0.975390625 0.3729166666666667 0.023828125 0.03680555555555556
8 0.9390625 0.34097222222222223 0.0203125 0.022916666666666665
2 0.02265625 0.5402777777777777 0.01171875 0.0375
2 0.527734375 0.5118055555555555 0.006640625 0.027083333333333334
2 0.53984375 0.5027777777777778 0.00625 0.029166666666666667
2 0.560546875 0.5118055555555555 0.006640625 0.01875
2 0.61328125 0.5208333333333334 0.00859375 0.030555555555555555
2 0.599609375 0.51875 0.008984375 0.03125
2 0.84609375 0.5347222222222222 0.0140625 0.05277777777777778
2 0.81796875 0.5326388888888889 0.0125 0.05763888888888889
4 0.296484375 0.4930555555555556 0.030859375 0.0625
0 0.330078125 0.5180555555555556 0.033984375 0.05694444444444444
0 0.514453125 0.5256944444444445 0.012109375 0.04097222222222222
0 0.433203125 0.5472222222222223 0.076171875 0.1361111111111111
0 0.87109375 0.5361111111111111 0.06171875 0.05
0 0.903125 0.7611111111111111 0.0953125 0.2361111111111111
