8 0.07265625 0.15694444444444444 0.0125 0.011111111111111112
8 0.073046875 0.1798611111111111 0.011328125 0.00625
8 0.090234375 0.2048611111111111 0.016796875 0.011805555555555555
8 0.0921875 0.22847222222222222 0.0109375 0.010416666666666666
8 0.094921875 0.2625 0.008984375 0.027777777777777776
8 0.19375 0.2847222222222222 0.009375 0.006944444444444444
8 0.2390625 0.2298611111111111 0.0109375 0.011805555555555555
8 0.3265625 0.3111111111111111 0.00625 0.016666666666666666
8 0.408984375 0.33125 0.004296875 0.007638888888888889
8 0.68515625 0.25416666666666665 0.00703125 0.009722222222222222
8 0.6765625 0.2722222222222222 0.01015625 0.008333333333333333
8 0.7671875 0.28402777777777777 0.00390625 0.02013888888888889
8 0.16875 0.3194444444444444 0.00546875 0.013888888888888888
9 0.09921875 0.15486111111111112 0.01171875 0.03958333333333333
9 0.07578125 0.30486111111111114 0.01171875 0.01875
9 0.2828125 0.21319444444444444 0.0046875 0.02013888888888889
9 0.303515625 0.2152777777777778 0.004296875 0.020833333333333332
9 0.29453125 0.21666666666666667 0.00390625 0.020833333333333332
9 0.59609375 0.19652777777777777 0.00546875 0.022916666666666665
9 0.587109375 0.1951388888888889 0.005078125 0.024305555555555556
9 0.577734375 0.1951388888888889 0.005078125 0.022916666666666665
9 0.877734375 0.1375 0.008984375 0.027777777777777776
8 0.608984375 0.2902777777777778 0.005859375 0.0125
9 0.18203125 0.32916666666666666 0.003125 0.011111111111111112
9 0.6859375 0.29930555555555555 0.00703125 0.009027777777777777
2 0.38125 0.3527777777777778 0.00234375 0.009722222222222222
2 0.387890625 0.35555555555555557 0.002734375 0.011111111111111112
2 0.740625 0.27847222222222223 0.00625 0.017361111111111112
2 0.92890625 0.32916666666666666 0.00546875 0.019444444444444445
2 0.9296875 0.3486111111111111 0.00625 0.025
2 0.6625 0.35625 0.00625 0.027083333333333334
0 0.109375 0.48333333333333334 0.109375 0.1361111111111111
2 0.2765625 0.34791666666666665 0.0140625 0.034027777777777775
2 0.21640625 0.4125 0.0125 0.0625
0 0.3328125 0.38333333333333336 0.04375 0.041666666666666664
0 0.2515625 0.38125 0.04453125 0.06319444444444444
0 0.443359375 0.36041666666666666 0.016796875 0.03125
4 0.429296875 0.34652777777777777 0.012890625 0.029861111111111113
0 0.626953125 0.35833333333333334 0.013671875 0.03194444444444444
0 0.751953125 0.42430555555555555 0.105859375 0.12013888888888889
0 0.54296875 0.5083333333333333 0.12109375 0.2013888888888889
0 0.986328125 0.5784722222222223 0.012109375 0.07013888888888889
