0 0.46953125 0.5652777777777778 0.06328125 0.11944444444444445
0 0.40703125 0.5006944444444444 0.01640625 0.03125
0 0.39765625 0.45902777777777776 0.00859375 0.009027777777777777
4 0.720703125 0.46875 0.036328125 0.027083333333333334
4 0.71953125 0.525 0.0375 0.0375
0 0.568359375 0.4756944444444444 0.018359375 0.013194444444444444
0 0.780078125 0.5180555555555556 0.021484375 0.025
0 0.638671875 0.4798611111111111 0.019921875 0.017361111111111112
0 0.81484375 0.5548611111111111 0.028125 0.027083333333333334
4 0.377734375 0.42986111111111114 0.004296875 0.011805555555555555
0 0.407421875 0.44583333333333336 0.005859375 0.0125
0 0.89140625 0.5583333333333333 0.0234375 0.03611111111111111
