8 0.201953125 0.22916666666666666 0.028515625 0.03194444444444444
8 0.182421875 0.28958333333333336 0.045703125 0.017361111111111112
9 0.258984375 0.17291666666666666 0.012890625 0.04652777777777778
0 0.4875 0.5652777777777778 0.04375 0.04583333333333333
0 0.76796875 0.5715277777777777 0.040625 0.05763888888888889
0 0.820703125 0.5652777777777778 0.015234375 0.027777777777777776
0 0.716796875 0.5666666666666667 0.019921875 0.03194444444444444
0 0.98046875 0.5972222222222222 0.01875 0.04722222222222222
4 0.62265625 0.5243055555555556 0.0765625 0.08125
1 0.1546875 0.4798611111111111 0.1546875 0.2673611111111111
8 0.346875 0.3819444444444444 0.00859375 0.018055555555555554
8 0.841796875 0.475 0.005859375 0.009722222222222222
8 0.844140625 0.4895833333333333 0.007421875 0.003472222222222222
