8 0.0921875 0.20208333333333334 0.071875 0.10625
8 0.887109375 0.19236111111111112 0.057421875 0.10347222222222222
8 0.646484375 0.36736111111111114 0.094921875 0.049305555555555554
8 0.5484375 0.4597222222222222 0.01953125 0.022222222222222223
8 0.45234375 0.47708333333333336 0.009375 0.011805555555555555
8 0.475 0.475 0.0109375 0.011111111111111112
9 0.986328125 0.4395833333333333 0.005078125 0.010416666666666666
9 0.9265625 0.44513888888888886 0.00390625 0.011805555555555555
9 0.873828125 0.44930555555555557 0.004296875 0.011805555555555555
9 0.772265625 0.4513888888888889 0.005078125 0.009722222222222222
9 0.82109375 0.4513888888888889 0.003125 0.009722222222222222
0 0.58125 0.5131944444444444 0.01015625 0.010416666666666666
4 0.72421875 0.5152777777777777 0.01015625 0.0125
0 0.740234375 0.5256944444444445 0.005859375 0.010416666666666666
0 0.7546875 0.5194444444444445 0.0078125 0.0125
4 0.825 0.5166666666666667 0.01171875 0.013888888888888888
0 0.848046875 0.5208333333333334 0.009765625 0.009722222222222222
