0 0.087890625 0.5284722222222222 0.087890625 0.20347222222222222
0 0.819140625 0.4930555555555556 0.178515625 0.2708333333333333
3 0.6109375 0.4270833333333333 0.04375 0.05625
0 0.26171875 0.43333333333333335 0.06875 0.09305555555555556
0 0.344921875 0.41180555555555554 0.024609375 0.03958333333333333
0 0.169140625 0.42916666666666664 0.031640625 0.07222222222222222
0 0.598828125 0.4201388888888889 0.052734375 0.07013888888888889
0 0.53203125 0.38333333333333336 0.0265625 0.04722222222222222
0 0.49296875 0.37083333333333335 0.01484375 0.02638888888888889
0 0.388671875 0.3875 0.012890625 0.020833333333333332
0 0.409375 0.36944444444444446 0.0078125 0.018055555555555554
0 0.46015625 0.36944444444444446 0.0078125 0.0125
8 0.517578125 0.3284722222222222 0.007421875 0.017361111111111112
8 0.690234375 0.15625 0.012109375 0.01875
0 0.423828125 0.3736111111111111 0.005859375 0.0125
