8 0.647265625 0.26944444444444443 0.019140625 0.0125
8 0.622265625 0.325 0.024609375 0.027777777777777776
8 0.603515625 0.35555555555555557 0.018359375 0.04027777777777778
8 0.1765625 0.23402777777777778 0.01015625 0.07152777777777777
8 0.2703125 0.4041666666666667 0.01171875 0.006944444444444444
8 0.537890625 0.4597222222222222 0.010546875 0.015277777777777777
9 0.43203125 0.6194444444444445 0.00234375 0.0
9 0.51171875 0.23402777777777778 0.009375 0.027083333333333334
9 0.74921875 0.37430555555555556 0.01171875 0.014583333333333334
9 0.627734375 0.3909722222222222 0.008203125 0.017361111111111112
9 0.61796875 0.46875 0.00625 0.013194444444444444
9 0.591796875 0.5069444444444444 0.011328125 0.022222222222222223
9 0.4796875 0.28402777777777777 0.0046875 0.021527777777777778
9 0.470703125 0.2826388888888889 0.006640625 0.027083333333333334
9 0.45703125 0.28055555555555556 0.00703125 0.022222222222222223
9 0.36953125 0.34097222222222223 0.00625 0.02013888888888889
9 0.359375 0.34097222222222223 0.0046875 0.01597222222222222
9 0.352734375 0.3423611111111111 0.004296875 0.013194444444444444
0 0.6640625 0.5222222222222223 0.02421875 0.020833333333333332
0 0.444140625 0.4534722222222222 0.049609375 0.007638888888888889
0 0.284375 0.5048611111111111 0.05546875 0.059027777777777776
0 0.4296875 0.6805555555555556 0.19765625 0.225
0 0.140625 0.5840277777777778 0.140625 0.26319444444444445
