8 0.812109375 0.48819444444444443 0.018359375 0.03125
8 0.811328125 0.5381944444444444 0.019140625 0.01597222222222222
8 0.009765625 0.4722222222222222 0.008984375 0.019444444444444445
0 0.53984375 0.6513888888888889 0.04375 0.06666666666666667
4 0.313671875 0.5409722222222222 0.096484375 0.19652777777777777
0 0.412890625 0.64375 0.006640625 0.03680555555555556
0 0.422265625 0.6298611111111111 0.010546875 0.03680555555555556
0 0.437109375 0.6243055555555556 0.016015625 0.03819444444444445
0 0.454296875 0.6208333333333333 0.008984375 0.016666666666666666
0 0.48984375 0.6298611111111111 0.02421875 0.052083333333333336
0 0.61640625 0.6527777777777778 0.03359375 0.04861111111111111
4 0.601171875 0.5916666666666667 0.037890625 0.034722222222222224
2 0.656640625 0.6513888888888889 0.005859375 0.034722222222222224
3 0.679296875 0.6680555555555555 0.023046875 0.027777777777777776
0 0.857421875 0.7430555555555556 0.140234375 0.21666666666666667
