8 0.44453125 0.5472222222222223 0.01015625 0.020833333333333332
8 0.378125 0.5305555555555556 0.02109375 0.015277777777777777
8 0.36171875 0.5513888888888889 0.0171875 0.008333333333333333
9 0.330859375 0.5409722222222222 0.001953125 0.009027777777777777
9 0.312109375 0.5388888888888889 0.002734375 0.006944444444444444
4 0.86953125 0.5930555555555556 0.0609375 0.03194444444444444
0 0.8140625 0.60625 0.02109375 0.02847222222222222
0 0.76640625 0.6034722222222222 0.034375 0.02847222222222222
0 0.650390625 0.5965277777777778 0.023828125 0.029861111111111113
0 0.7140625 0.5965277777777778 0.0203125 0.02847222222222222
0 0.5984375 0.59375 0.025 0.029861111111111113
0 0.3078125 0.5881944444444445 0.00859375 0.03125
0 0.254296875 0.5819444444444445 0.008203125 0.015277777777777777
0 0.235546875 0.5826388888888889 0.009765625 0.013194444444444444
0 0.205859375 0.5791666666666667 0.012109375 0.018055555555555554
0 0.178515625 0.5763888888888888 0.006640625 0.0125
0 0.162109375 0.5777777777777777 0.008203125 0.013888888888888888
0 0.055859375 0.575 0.011328125 0.015277777777777777
0 0.084375 0.5756944444444444 0.01640625 0.01597222222222222
0 0.21484375 0.59375 0.0140625 0.01875
0 0.280859375 0.5895833333333333 0.022265625 0.034027777777777775
0 0.13203125 0.5979166666666667 0.02734375 0.029861111111111113
0 0.430078125 0.6006944444444444 0.016015625 0.01875
0 0.39296875 0.6020833333333333 0.01796875 0.024305555555555556
