8 0.485546875 0.5930555555555556 0.010546875 0.011111111111111112
8 0.4671875 0.5916666666666667 0.00703125 0.006944444444444444
8 0.385546875 0.5805555555555556 0.006640625 0.006944444444444444
8 0.36640625 0.5791666666666667 0.00703125 0.011111111111111112
8 0.347265625 0.5756944444444444 0.008984375 0.009027777777777777
0 0.49453125 0.6326388888888889 0.00625 0.014583333333333334
0 0.507421875 0.6375 0.006640625 0.0125
0 0.521484375 0.6381944444444444 0.008984375 0.011805555555555555
0 0.375 0.6118055555555556 0.00546875 0.004861111111111111
0 0.362890625 0.6104166666666667 0.005078125 0.004861111111111111
0 0.341015625 0.6125 0.014453125 0.011111111111111112
0 0.3171875 0.6104166666666667 0.009375 0.009027777777777777
4 0.34296875 0.5909722222222222 0.01640625 0.011805555555555555
0 0.296875 0.6125 0.01015625 0.009722222222222222
0 0.275390625 0.6111111111111112 0.020703125 0.013888888888888888
0 0.190234375 0.6006944444444444 0.026171875 0.01597222222222222
0 0.4453125 0.6736111111111112 0.0546875 0.08194444444444444
0 0.8359375 0.6777777777777778 0.06328125 0.0625
4 0.641015625 0.5597222222222222 0.115234375 0.19305555555555556
