8 0.097265625 0.45208333333333334 0.008984375 0.013194444444444444
8 0.628515625 0.4097222222222222 0.011328125 0.016666666666666666
8 0.219921875 0.49027777777777776 0.005078125 0.008333333333333333
0 0.3296875 0.5604166666666667 0.01015625 0.01597222222222222
0 0.309765625 0.5652777777777778 0.005859375 0.0125
0 0.298828125 0.5694444444444444 0.008984375 0.019444444444444445
0 0.287109375 0.5777777777777777 0.007421875 0.02361111111111111
0 0.2796875 0.58125 0.01015625 0.022916666666666665
0 0.2578125 0.5944444444444444 0.0234375 0.03194444444444444
0 0.18671875 0.6069444444444444 0.04375 0.06944444444444445
0 0.101171875 0.6423611111111112 0.088671875 0.09375
0 0.41328125 0.5701388888888889 0.00859375 0.011805555555555555
0 0.43125 0.5881944444444445 0.01328125 0.025694444444444443
0 0.45390625 0.5972222222222222 0.015625 0.03611111111111111
0 0.48671875 0.6034722222222222 0.034375 0.049305555555555554
0 0.514453125 0.625 0.033203125 0.0625
0 0.612109375 0.6333333333333333 0.088671875 0.13055555555555556
0 0.37109375 0.6194444444444445 0.046875 0.06666666666666667
0 0.943359375 0.8680555555555556 0.056640625 0.13055555555555556
2 0.704296875 0.5902777777777778 0.011328125 0.05138888888888889
