8 0.77109375 0.41180555555555554 0.01640625 0.035416666666666666
8 0.58203125 0.5194444444444445 0.00390625 0.008333333333333333
8 0.60390625 0.4791666666666667 0.00703125 0.0125
8 0.628515625 0.4965277777777778 0.008984375 0.017361111111111112
8 0.825390625 0.3451388888888889 0.013671875 0.02847222222222222
8 0.82578125 0.39861111111111114 0.015625 0.02638888888888889
0 0.685546875 0.5180555555555556 0.008984375 0.006944444444444444
0 0.700390625 0.5201388888888889 0.014453125 0.009027777777777777
0 0.561328125 0.5347222222222222 0.005078125 0.005555555555555556
0 0.54765625 0.5347222222222222 0.00546875 0.005555555555555556
0 0.533984375 0.5333333333333333 0.004296875 0.006944444444444444
0 0.525390625 0.5298611111111111 0.005078125 0.010416666666666666
0 0.512890625 0.5256944444444445 0.010546875 0.01597222222222222
0 0.487109375 0.5256944444444445 0.018359375 0.024305555555555556
