8 0.576953125 0.3993055555555556 0.025390625 0.025694444444444443
8 0.642578125 0.42986111111111114 0.006640625 0.02013888888888889
8 0.643359375 0.4534722222222222 0.005859375 0.004861111111111111
8 0.651953125 0.40694444444444444 0.006640625 0.004166666666666667
8 0.5546875 0.4263888888888889 0.0109375 0.02638888888888889
9 0.492578125 0.44027777777777777 0.004296875 0.008333333333333333
8 0.29921875 0.4125 0.0078125 0.005555555555555556
0 0.06328125 0.5152777777777777 0.06328125 0.06666666666666667
0 0.2453125 0.5055555555555555 0.0484375 0.04027777777777778
0 0.311328125 0.49722222222222223 0.026171875 0.03888888888888889
0 0.3453125 0.49166666666666664 0.009375 0.020833333333333332
0 0.40390625 0.5006944444444444 0.02109375 0.02013888888888889
0 0.42734375 0.49444444444444446 0.00859375 0.020833333333333332
0 0.444140625 0.4951388888888889 0.009765625 0.01597222222222222
0 0.465234375 0.4986111111111111 0.007421875 0.015277777777777777
0 0.8796875 0.625 0.11796875 0.175
0 0.736328125 0.5763888888888888 0.049609375 0.075
0 0.6875 0.5590277777777778 0.0328125 0.06041666666666667
0 0.6515625 0.5375 0.02421875 0.04027777777777778
0 0.600390625 0.5152777777777777 0.011328125 0.013888888888888888
0 0.52109375 0.5055555555555555 0.01484375 0.022222222222222223
4 0.5546875 0.48333333333333334 0.01484375 0.03194444444444444
9 0.59453125 0.47152777777777777 0.00390625 0.011805555555555555
