9 0.549609375 0.3333333333333333 0.005078125 0.018055555555555554
9 0.518359375 0.34791666666666665 0.001953125 0.009027777777777777
9 0.435546875 0.32222222222222224 0.003515625 0.009722222222222222
9 0.33515625 0.3284722222222222 0.00390625 0.013194444444444444
9 0.646484375 0.3923611111111111 0.003515625 0.011805555555555555
8 0.51640625 0.3840277777777778 0.0046875 0.011805555555555555
8 0.424609375 0.36944444444444446 0.005078125 0.008333333333333333
8 0.39765625 0.36944444444444446 0.0046875 0.008333333333333333
8 0.331640625 0.36736111111111114 0.005078125 0.010416666666666666
8 0.287890625 0.30486111111111114 0.008984375 0.022916666666666665
8 0.61328125 0.2833333333333333 0.00703125 0.0125
8 0.615234375 0.3638888888888889 0.008984375 0.016666666666666666
8 0.633203125 0.3576388888888889 0.004296875 0.01875
8 0.63359375 0.3861111111111111 0.00546875 0.009722222222222222
0 0.54609375 0.4131944444444444 0.0109375 0.013194444444444444
0 0.387109375 0.4131944444444444 0.017578125 0.013194444444444444
0 0.46328125 0.44375 0.0375 0.05625
9 0.33125 0.38472222222222224 0.00546875 0.005555555555555556
8 0.5984375 0.3263888888888889 0.01953125 0.016666666666666666
