0 0.45625 0.43333333333333335 0.0125 0.022222222222222223
0 0.3640625 0.42430555555555555 0.01484375 0.014583333333333334
9 0.4390625 0.38125 0.003125 0.009027777777777777
9 0.455859375 0.3972222222222222 0.003515625 0.008333333333333333
9 0.466015625 0.3993055555555556 0.004296875 0.00625
9 0.46875 0.37916666666666665 0.00390625 0.005555555555555556
9 0.499609375 0.3993055555555556 0.006640625 0.007638888888888889
0 0.271484375 0.43125 0.017578125 0.02013888888888889
0 0.298828125 0.42986111111111114 0.007421875 0.01875
0 0.323046875 0.42916666666666664 0.014453125 0.016666666666666666
0 0.435546875 0.4263888888888889 0.006640625 0.008333333333333333
0 0.96640625 0.46319444444444446 0.03203125 0.02847222222222222
0 0.973828125 0.41180555555555554 0.024609375 0.02013888888888889
0 0.837109375 0.4388888888888889 0.029296875 0.013888888888888888
0 0.88671875 0.43194444444444446 0.00859375 0.019444444444444445
2 0.71953125 0.43125 0.00625 0.024305555555555556
