0 0.083984375 0.6340277777777777 0.083984375 0.18680555555555556
9 0.38125 0.36180555555555555 0.00546875 0.010416666666666666
0 0.370703125 0.42569444444444443 0.039453125 0.05347222222222222
0 0.347265625 0.46041666666666664 0.041796875 0.07291666666666667
0 0.256640625 0.49722222222222223 0.095703125 0.1111111111111111
0 0.491796875 0.34444444444444444 0.044921875 0.03333333333333333
0 0.58203125 0.42083333333333334 0.01171875 0.04861111111111111
0 0.602734375 0.43125 0.011328125 0.05347222222222222
0 0.629296875 0.4305555555555556 0.015234375 0.075
0 0.663671875 0.475 0.041015625 0.0875
0 0.82578125 0.4930555555555556 0.14609375 0.16111111111111112
0 0.94921875 0.5923611111111111 0.04921875 0.21041666666666667
9 0.6125 0.2833333333333333 0.00546875 0.009722222222222222
9 0.438671875 0.2861111111111111 0.007421875 0.0125
0 0.493359375 0.5409722222222222 0.113671875 0.16458333333333333
