9 0.366015625 0.33194444444444443 0.003515625 0.015277777777777777
9 0.501171875 0.3194444444444444 0.003515625 0.016666666666666666
9 0.494140625 0.3194444444444444 0.003515625 0.016666666666666666
0 0.3703125 0.4395833333333333 0.01015625 0.02847222222222222
0 0.353125 0.45 0.01015625 0.029166666666666667
0 0.327734375 0.4409722222222222 0.013671875 0.024305555555555556
2 0.31171875 0.4597222222222222 0.01015625 0.03888888888888889
2 0.288671875 0.4409722222222222 0.004296875 0.01875
0 0.250390625 0.4583333333333333 0.044140625 0.05694444444444444
0 0.2203125 0.475 0.03984375 0.05416666666666667
2 0.16484375 0.5270833333333333 0.034375 0.15069444444444444
0 0.015625 0.5590277777777778 0.015625 0.11736111111111111
4 0.085546875 0.45694444444444443 0.085546875 0.12777777777777777
0 0.526953125 0.4930555555555556 0.023046875 0.05555555555555555
0 0.561328125 0.4798611111111111 0.021484375 0.03958333333333333
0 0.60234375 0.49583333333333335 0.05234375 0.058333333333333334
0 0.682421875 0.48333333333333334 0.034765625 0.05
0 0.76796875 0.49722222222222223 0.096875 0.09166666666666666
0 0.85234375 0.5979166666666667 0.14609375 0.2298611111111111
0 0.44609375 0.5048611111111111 0.07265625 0.12986111111111112
8 0.222265625 0.3506944444444444 0.013671875 0.009027777777777777
8 0.533984375 0.3368055555555556 0.006640625 0.014583333333333334
8 0.825 0.29583333333333334 0.00703125 0.016666666666666666
8 0.82265625 0.32083333333333336 0.01171875 0.008333333333333333
