0 0.11953125 0.5715277777777777 0.009375 0.011805555555555555
0 0.093359375 0.5673611111111111 0.012890625 0.01875
8 0.666796875 0.5972222222222222 0.023828125 0.04722222222222222
8 0.547265625 0.6305555555555555 0.010546875 0.020833333333333332
8 0.5671875 0.6006944444444444 0.00703125 0.013194444444444444
8 0.45859375 0.6145833333333334 0.0078125 0.02013888888888889
8 0.403125 0.5631944444444444 0.015625 0.017361111111111112
8 0.38359375 0.60625 0.009375 0.01875
8 0.4546875 0.5868055555555556 0.00546875 0.010416666666666666
0 0.334375 0.6138888888888889 0.02890625 0.0375
0 0.2484375 0.6111111111111112 0.03359375 0.05138888888888889
0 0.819921875 0.6666666666666666 0.094921875 0.059722222222222225
