0 0.356640625 0.5965277777777778 0.058984375 0.08541666666666667
0 0.47265625 0.5618055555555556 0.0296875 0.059027777777777776
0 0.044921875 0.60625 0.037109375 0.03263888888888889
0 0.11953125 0.5902777777777778 0.034375 0.025
9 0.3109375 0.45069444444444445 0.00859375 0.014583333333333334
9 0.508203125 0.43125 0.005859375 0.013194444444444444
9 0.487890625 0.4479166666666667 0.005078125 0.009027777777777777
9 0.4671875 0.4361111111111111 0.0046875 0.008333333333333333
9 0.40625 0.4548611111111111 0.0046875 0.010416666666666666
0 0.4140625 0.5604166666666667 0.00859375 0.014583333333333334
0 0.426953125 0.5604166666666667 0.008984375 0.014583333333333334
