0 0.9625 0.46875 0.01796875 0.03263888888888889
0 0.72265625 0.40347222222222223 0.0234375 0.022916666666666665
0 0.655078125 0.44583333333333336 0.064453125 0.04722222222222222
8 0.96640625 0.41458333333333336 0.0109375 0.01597222222222222
0 0.1921875 0.3736111111111111 0.015625 0.019444444444444445
4 0.26953125 0.37083333333333335 0.08125 0.05277777777777778
0 0.080078125 0.40347222222222223 0.080078125 0.07847222222222222
0 0.37109375 0.42430555555555555 0.0453125 0.07152777777777777
0 0.465234375 0.42430555555555555 0.130078125 0.10208333333333333
0 0.8234375 0.4548611111111111 0.025 0.03680555555555556
0 0.883203125 0.4708333333333333 0.080859375 0.05694444444444444
