9 0.36484375 0.09791666666666667 0.00546875 0.04097222222222222
9 0.57734375 0.16111111111111112 0.00546875 0.027777777777777776
9 0.804296875 0.32430555555555557 0.007421875 0.014583333333333334
9 0.239453125 0.31875 0.009765625 0.013194444444444444
9 0.387109375 0.09861111111111111 0.007421875 0.03333333333333333
9 0.7796875 0.3236111111111111 0.00390625 0.013888888888888888
8 0.296484375 0.1625 0.048046875 0.011111111111111112
8 0.660546875 0.16597222222222222 0.044140625 0.014583333333333334
8 0.784375 0.25 0.015625 0.009722222222222222
0 0.47421875 0.4 0.0046875 0.013888888888888888
0 0.5125 0.4048611111111111 0.0109375 0.01875
0 0.533203125 0.39861111111111114 0.008203125 0.015277777777777777
0 0.4640625 0.39652777777777776 0.00625 0.010416666666666666
0 0.44375 0.4097222222222222 0.0171875 0.027777777777777776
0 0.4109375 0.40069444444444446 0.0140625 0.029861111111111113
4 0.366015625 0.36527777777777776 0.032421875 0.030555555555555555
4 0.496875 0.3715277777777778 0.0125 0.01597222222222222
0 0.49296875 0.4097222222222222 0.0140625 0.02638888888888889
0 0.57421875 0.42083333333333334 0.0421875 0.06944444444444445
2 0.18515625 0.44305555555555554 0.02734375 0.06388888888888888
2 0.1546875 0.4284722222222222 0.0109375 0.052083333333333336
2 0.207421875 0.4173611111111111 0.008203125 0.04236111111111111
2 0.228125 0.4152777777777778 0.00546875 0.022222222222222223
2 0.223046875 0.3951388888888889 0.006640625 0.03125
2 0.238671875 0.4083333333333333 0.005859375 0.022222222222222223
2 0.03046875 0.39861111111111114 0.01484375 0.027777777777777776
2 0.72265625 0.4305555555555556 0.01875 0.05694444444444444
2 0.931640625 0.44583333333333336 0.019140625 0.06388888888888888
2 0.96796875 0.4361111111111111 0.0171875 0.05555555555555555
2 0.8984375 0.4583333333333333 0.00859375 0.030555555555555555
2 0.809375 0.44027777777777777 0.01171875 0.05694444444444444
2 0.7203125 0.4423611111111111 0.00546875 0.05486111111111111
2 0.7953125 0.4375 0.01015625 0.05694444444444444
2 0.885546875 0.4375 0.014453125 0.05416666666666667
2 0.990625 0.4409722222222222 0.00859375 0.05347222222222222
0 0.03828125 0.4777777777777778 0.03828125 0.07083333333333333
0 0.32890625 0.5069444444444444 0.11640625 0.13333333333333333
0 0.920703125 0.6611111111111111 0.078515625 0.1597222222222222
2 0.695703125 0.40069444444444446 0.008984375 0.02013888888888889
