0 0.125 0.5909722222222222 0.12265625 0.16041666666666668
0 0.844140625 0.5361111111111111 0.154296875 0.23194444444444445
0 0.280078125 0.5416666666666666 0.066796875 0.08472222222222223
0 0.340625 0.4979166666666667 0.0484375 0.06458333333333334
0 0.234765625 0.4326388888888889 0.036328125 0.01875
0 0.39921875 0.48125 0.02578125 0.04513888888888889
0 0.428515625 0.4652777777777778 0.010546875 0.03333333333333333
0 0.44765625 0.46458333333333335 0.0078125 0.027083333333333334
0 0.460546875 0.4638888888888889 0.005859375 0.018055555555555554
0 0.471484375 0.4527777777777778 0.004296875 0.016666666666666666
0 0.4828125 0.4513888888888889 0.00546875 0.0125
0 0.49375 0.4486111111111111 0.00546875 0.013888888888888888
0 0.65625 0.49583333333333335 0.04921875 0.06388888888888888
0 0.60703125 0.4847222222222222 0.01640625 0.044444444444444446
0 0.582421875 0.47152777777777777 0.012109375 0.035416666666666666
0 0.567578125 0.45625 0.007421875 0.022916666666666665
0 0.556640625 0.45416666666666666 0.005078125 0.018055555555555554
0 0.547265625 0.45208333333333334 0.005859375 0.01597222222222222
0 0.50703125 0.44513888888888886 0.00546875 0.009027777777777777
8 0.618359375 0.32569444444444445 0.012109375 0.02013888888888889
8 0.619921875 0.35625 0.006640625 0.009027777777777777
9 0.4875 0.3972222222222222 0.00234375 0.011111111111111112
9 0.551171875 0.39166666666666666 0.002734375 0.008333333333333333
