8 0.24921875 0.09791666666666667 0.0125 0.04236111111111111
8 0.2515625 0.2722222222222222 0.0109375 0.015277777777777777
8 0.225 0.3333333333333333 0.015625 0.018055555555555554
8 0.90546875 0.3951388888888889 0.01328125 0.02847222222222222
8 0.896875 0.24930555555555556 0.00546875 0.021527777777777778
8 0.906640625 0.47708333333333336 0.008984375 0.011805555555555555
9 0.743359375 0.4284722222222222 0.003515625 0.010416666666666666
9 0.73671875 0.42916666666666664 0.00234375 0.0125
9 0.908203125 0.24097222222222223 0.009765625 0.05486111111111111
2 0.39453125 0.575 0.01640625 0.08194444444444444
2 0.9109375 0.5388888888888889 0.01328125 0.06527777777777778
0 0.481640625 0.5541666666666667 0.039453125 0.075
0 0.552734375 0.5770833333333333 0.094921875 0.10625
0 0.77421875 0.5270833333333333 0.01171875 0.01597222222222222
9 0.887890625 0.4388888888888889 0.002734375 0.011111111111111112
2 0.929296875 0.5291666666666667 0.003515625 0.011111111111111112
