0 0.36796875 0.9680555555555556 0.00703125 0.022222222222222223
0 0.355859375 0.9694444444444444 0.012890625 0.02638888888888889
0 0.301171875 0.9604166666666667 0.012109375 0.011805555555555555
0 0.338671875 0.9722222222222222 0.020703125 0.02361111111111111
0 0.48359375 0.9756944444444444 0.00625 0.02013888888888889
2 0.470703125 0.975 0.005859375 0.020833333333333332
2 0.465234375 0.9777777777777777 0.004296875 0.018055555555555554
0 0.4984375 0.9756944444444444 0.01328125 0.02013888888888889
0 0.51796875 0.9736111111111111 0.01484375 0.022222222222222223
0 0.543359375 0.9694444444444444 0.022265625 0.02638888888888889
0 0.58984375 0.9534722222222223 0.03359375 0.04375
0 0.652734375 0.9361111111111111 0.059765625 0.06111111111111111
0 0.08671875 0.9361111111111111 0.08515625 0.059722222222222225
0 0.226953125 0.9604166666666667 0.018359375 0.017361111111111112
8 0.333203125 0.8875 0.005078125 0.013888888888888888
0 0.3953125 0.9694444444444444 0.0171875 0.02638888888888889
0 0.45078125 0.9722222222222222 0.0125 0.02361111111111111
0 0.88046875 0.9333333333333333 0.08984375 0.06388888888888888
0 0.920703125 0.9236111111111112 0.054296875 0.013888888888888888
0 0.90703125 0.9597222222222223 0.0921875 0.03611111111111111
8 0.569140625 0.8895833333333333 0.005859375 0.010416666666666666
