8 0.18046875 0.33055555555555555 0.009375 0.006944444444444444
8 0.1796875 0.35208333333333336 0.00625 0.011805555555555555
0 0.045703125 0.5069444444444444 0.045703125 0.1486111111111111
0 0.062890625 0.39305555555555555 0.040234375 0.018055555555555554
0 0.173046875 0.45 0.062109375 0.06944444444444445
0 0.2421875 0.42569444444444443 0.028125 0.03958333333333333
0 0.279296875 0.41458333333333336 0.020703125 0.034027777777777775
0 0.377734375 0.4895833333333333 0.085546875 0.12291666666666666
0 0.88984375 0.49444444444444446 0.10859375 0.19583333333333333
0 0.635546875 0.4986111111111111 0.079296875 0.07777777777777778
0 0.725 0.4826388888888889 0.0390625 0.050694444444444445
0 0.54453125 0.47152777777777777 0.03984375 0.04791666666666667
0 0.496875 0.45625 0.028125 0.03819444444444445
0 0.473046875 0.4423611111111111 0.021484375 0.03819444444444445
1 0.562109375 0.3902777777777778 0.044140625 0.05138888888888889
0 0.309375 0.4097222222222222 0.01328125 0.016666666666666666
