2 0.673828125 0.41597222222222224 0.015234375 0.07152777777777777
2 0.6453125 0.41944444444444445 0.0109375 0.0625
2 0.3953125 0.3819444444444444 0.009375 0.034722222222222224
8 0.0359375 0.22708333333333333 0.0296875 0.03680555555555556
8 0.787890625 0.1951388888888889 0.019921875 0.013194444444444444
9 0.7578125 0.07222222222222222 0.01171875 0.043055555555555555
9 0.7484375 0.2743055555555556 0.0078125 0.022916666666666665
9 0.78359375 0.2708333333333333 0.0171875 0.025
0 0.334375 0.3659722222222222 0.01640625 0.027083333333333334
0 0.308984375 0.3527777777777778 0.007421875 0.005555555555555556
0 0.275390625 0.3590277777777778 0.008203125 0.011805555555555555
0 0.2609375 0.3541666666666667 0.003125 0.0125
0 0.2515625 0.35138888888888886 0.00625 0.019444444444444445
0 0.24140625 0.35833333333333334 0.0078125 0.027777777777777776
0 0.2296875 0.3680555555555556 0.01171875 0.030555555555555555
0 0.20625 0.37222222222222223 0.025 0.04027777777777778
0 0.18828125 0.3798611111111111 0.0328125 0.04375
0 0.496484375 0.43680555555555556 0.108203125 0.12708333333333333
0 0.307421875 0.4173611111111111 0.041015625 0.05763888888888889
