8 0.605078125 0.041666666666666664 0.041015625 0.020833333333333332
8 0.758984375 0.13402777777777777 0.019921875 0.013194444444444444
8 0.351171875 0.2673611111111111 0.011328125 0.00625
8 0.43828125 0.27361111111111114 0.00625 0.004166666666666667
9 0.375 0.2659722222222222 0.003125 0.010416666666666666
9 0.42265625 0.26805555555555555 0.003125 0.0125
9 0.509765625 0.025 0.006640625 0.025
1 0.393359375 0.3138888888888889 0.006640625 0.0125
0 0.3796875 0.31527777777777777 0.00546875 0.006944444444444444
1 0.3375 0.3138888888888889 0.0109375 0.018055555555555554
0 0.36640625 0.3194444444444444 0.003125 0.011111111111111112
0 0.379296875 0.33958333333333335 0.013671875 0.022916666666666665
0 0.39921875 0.3388888888888889 0.00546875 0.0125
0 0.412890625 0.3388888888888889 0.006640625 0.022222222222222223
0 0.43125 0.34305555555555556 0.01640625 0.02638888888888889
0 0.45625 0.3486111111111111 0.0109375 0.013888888888888888
9 0.455078125 0.31527777777777777 0.003515625 0.008333333333333333
9 0.465234375 0.2777777777777778 0.003515625 0.008333333333333333
8 0.773828125 0.18125 0.013671875 0.014583333333333334
9 0.774609375 0.2701388888888889 0.009765625 0.01597222222222222
9 0.744140625 0.26875 0.003515625 0.017361111111111112
2 0.26484375 0.3111111111111111 0.00546875 0.015277777777777777
2 0.250390625 0.30972222222222223 0.007421875 0.018055555555555554
2 0.134375 0.3326388888888889 0.015625 0.06736111111111111
2 0.1046875 0.3284722222222222 0.0109375 0.059027777777777776
2 0.0078125 0.3347222222222222 0.0078125 0.08333333333333333
2 0.315234375 0.34375 0.015234375 0.06319444444444444
2 0.32109375 0.35 0.0140625 0.07222222222222222
2 0.351953125 0.3548611111111111 0.017578125 0.07291666666666667
2 0.48359375 0.34375 0.00234375 0.017361111111111112
2 0.5265625 0.35208333333333336 0.00234375 0.021527777777777778
2 0.537890625 0.35208333333333336 0.004296875 0.017361111111111112
2 0.54375 0.3597222222222222 0.003125 0.029166666666666667
2 0.554296875 0.36527777777777776 0.005078125 0.030555555555555555
2 0.573828125 0.36527777777777776 0.007421875 0.034722222222222224
2 0.5875 0.36666666666666664 0.00625 0.029166666666666667
2 0.62265625 0.3715277777777778 0.0078125 0.03680555555555556
2 0.6 0.3659722222222222 0.00859375 0.04652777777777778
2 0.50625 0.3784722222222222 0.0203125 0.07430555555555556
8 0.17265625 0.29305555555555557 0.00390625 0.009722222222222222
