0 0.1015625 0.48819444444444443 0.0578125 0.08541666666666667
0 0.530859375 0.5201388888888889 0.050390625 0.052083333333333336
0 0.370703125 0.4895833333333333 0.012890625 0.017361111111111112
0 0.226171875 0.5090277777777777 0.018359375 0.02013888888888889
0 0.26015625 0.49375 0.0125 0.01597222222222222
0 0.290234375 0.4909722222222222 0.007421875 0.010416666666666666
0 0.33359375 0.4861111111111111 0.00390625 0.008333333333333333
0 0.3453125 0.4875 0.00859375 0.0125
0 0.3546875 0.4888888888888889 0.00859375 0.013888888888888888
0 0.39296875 0.4986111111111111 0.009375 0.025
0 0.40859375 0.4979166666666667 0.01640625 0.025694444444444443
0 0.432421875 0.5013888888888889 0.018359375 0.03333333333333333
0 0.44375 0.5048611111111111 0.01875 0.034027777777777775
0 0.481640625 0.5034722222222222 0.034765625 0.049305555555555554
0 0.802734375 0.5 0.073046875 0.06527777777777778
0 0.930078125 0.5020833333333333 0.069140625 0.08263888888888889
0 0.008984375 0.5541666666666667 0.008984375 0.06944444444444445
