8 0.180078125 0.28125 0.019140625 0.03263888888888889
8 0.11015625 0.3111111111111111 0.00859375 0.016666666666666666
8 0.60625 0.36875 0.00625 0.034027777777777775
2 0.44609375 0.45694444444444443 0.01015625 0.044444444444444446
2 0.6328125 0.4861111111111111 0.01328125 0.05277777777777778
2 0.541015625 0.47152777777777777 0.005859375 0.027083333333333334
2 0.38671875 0.43125 0.01015625 0.03263888888888889
0 0.60546875 0.4847222222222222 0.01640625 0.030555555555555555
0 0.300390625 0.5243055555555556 0.102734375 0.1451388888888889
5 0.9765625 0.5298611111111111 0.02265625 0.049305555555555554
8 0.7640625 0.35208333333333336 0.0140625 0.014583333333333334
