2 0.234765625 0.48333333333333334 0.013671875 0.08055555555555556
2 0.594921875 0.49236111111111114 0.011328125 0.050694444444444445
2 0.548046875 0.49375 0.008984375 0.049305555555555554
2 0.49609375 0.4777777777777778 0.00625 0.029166666666666667
0 0.449609375 0.49375 0.020703125 0.034027777777777775
0 0.334375 0.5569444444444445 0.11171875 0.14583333333333334
9 0.625390625 0.33958333333333335 0.006640625 0.014583333333333334
9 0.606640625 0.34097222222222223 0.011328125 0.024305555555555556
8 0.62890625 0.22847222222222222 0.0125 0.02013888888888889
2 0.23984375 0.4638888888888889 0.009375 0.034722222222222224
9 0.087109375 0.030555555555555555 0.017578125 0.030555555555555555
