9 0.577734375 0.3375 0.009765625 0.013888888888888888
9 0.450390625 0.13333333333333333 0.006640625 0.034722222222222224
9 0.46796875 0.1375 0.0078125 0.030555555555555555
9 0.039453125 0.32013888888888886 0.008984375 0.017361111111111112
8 0.51328125 0.3229166666666667 0.0046875 0.009027777777777777
8 0.510546875 0.3458333333333333 0.007421875 0.005555555555555556
8 0.559375 0.26666666666666666 0.01484375 0.009722222222222222
8 0.57734375 0.25277777777777777 0.015625 0.009722222222222222
8 0.478125 0.37222222222222223 0.00390625 0.009722222222222222
2 0.6734375 0.4527777777777778 0.0171875 0.059722222222222225
2 0.541796875 0.41388888888888886 0.006640625 0.022222222222222223
2 0.53125 0.41458333333333336 0.00390625 0.022916666666666665
2 0.216015625 0.4236111111111111 0.008984375 0.030555555555555555
2 0.198046875 0.42777777777777776 0.005859375 0.029166666666666667
2 0.440625 0.4173611111111111 0.00625 0.021527777777777778
0 0.41640625 0.41805555555555557 0.00546875 0.008333333333333333
0 0.4078125 0.4215277777777778 0.00625 0.009027777777777777
0 0.401953125 0.41944444444444445 0.005078125 0.006944444444444444
0 0.38984375 0.4201388888888889 0.0078125 0.013194444444444444
0 0.37890625 0.41944444444444445 0.00703125 0.016666666666666666
0 0.370703125 0.4236111111111111 0.007421875 0.016666666666666666
0 0.3578125 0.42430555555555555 0.0109375 0.01875
0 0.27734375 0.4215277777777778 0.01640625 0.022916666666666665
0 0.451953125 0.41388888888888886 0.008203125 0.015277777777777777
0 0.465625 0.40555555555555556 0.00859375 0.013888888888888888
0 0.465234375 0.41805555555555557 0.005078125 0.018055555555555554
0 0.48125 0.42291666666666666 0.0171875 0.024305555555555556
4 0.321484375 0.41041666666666665 0.029296875 0.049305555555555554
0 0.980078125 0.42083333333333334 0.019140625 0.09027777777777778
