0 0.629296875 0.5013888888888889 0.056640625 0.09722222222222222
0 0.703515625 0.5284722222222222 0.080078125 0.10347222222222222
0 0.846875 0.5743055555555555 0.14921875 0.15069444444444444
0 0.96796875 0.6368055555555555 0.03046875 0.15208333333333332
0 0.501953125 0.5923611111111111 0.101953125 0.16319444444444445
0 0.377734375 0.5583333333333333 0.009765625 0.015277777777777777
0 0.199609375 0.6111111111111112 0.110546875 0.13055555555555556
8 0.130078125 0.5013888888888889 0.006640625 0.008333333333333333
9 0.380078125 0.49583333333333335 0.003515625 0.011111111111111112
8 0.7265625 0.29583333333333334 0.03125 0.0375
