8 0.06015625 0.30833333333333335 0.0265625 0.019444444444444445
8 0.06484375 0.35 0.02265625 0.015277777777777777
0 0.542578125 0.5527777777777778 0.039453125 0.05694444444444444
0 0.74921875 0.5458333333333333 0.025 0.03194444444444444
0 0.686328125 0.5409722222222222 0.013671875 0.014583333333333334
0 0.640234375 0.5388888888888889 0.012109375 0.0125
0 0.79609375 0.54375 0.02109375 0.025694444444444443
0 0.84453125 0.5527777777777778 0.02421875 0.02638888888888889
0 0.604296875 0.5354166666666667 0.013671875 0.014583333333333334
0 0.662109375 0.5263888888888889 0.015234375 0.013888888888888888
0 0.629296875 0.5215277777777778 0.013671875 0.010416666666666666
8 0.414453125 0.35347222222222224 0.012109375 0.02013888888888889
