8 0.601953125 0.45416666666666666 0.015234375 0.009722222222222222
8 0.60390625 0.5430555555555555 0.0171875 0.029166666666666667
9 0.046484375 0.3458333333333333 0.013671875 0.03888888888888889
9 0.134765625 0.5854166666666667 0.006640625 0.017361111111111112
9 0.61171875 0.5951388888888889 0.00703125 0.014583333333333334
9 0.415234375 0.475 0.015234375 0.011111111111111112
9 0.536328125 0.4826388888888889 0.016015625 0.010416666666666666
9 0.11640625 0.5826388888888889 0.01015625 0.01597222222222222
9 0.63125 0.5965277777777778 0.009375 0.01597222222222222
2 0.173828125 0.6847222222222222 0.008203125 0.04722222222222222
2 0.819921875 0.7104166666666667 0.017578125 0.08263888888888889
2 0.794140625 0.7534722222222222 0.023046875 0.11736111111111111
2 0.509375 0.6958333333333333 0.0171875 0.06805555555555555
0 0.91640625 0.6354166666666666 0.01484375 0.009027777777777777
0 0.88515625 0.6333333333333333 0.0203125 0.006944444444444444
0 0.84609375 0.6361111111111111 0.0203125 0.004166666666666667
0 0.862890625 0.6708333333333333 0.040234375 0.022222222222222223
0 0.923046875 0.6652777777777777 0.030078125 0.013888888888888888
0 0.976171875 0.6708333333333333 0.023046875 0.030555555555555555
0 0.959765625 0.6395833333333333 0.039453125 0.017361111111111112
0 0.706640625 0.6611111111111111 0.029296875 0.020833333333333332
0 0.746484375 0.6652777777777777 0.030078125 0.025
0 0.635546875 0.6909722222222222 0.026953125 0.035416666666666666
0 0.917578125 0.725 0.081640625 0.06666666666666667
0 0.44453125 0.6555555555555556 0.00625 0.009722222222222222
0 0.46015625 0.6604166666666667 0.0125 0.01875
0 0.478125 0.6645833333333333 0.0203125 0.025694444444444443
0 0.4875 0.675 0.0171875 0.027777777777777776
0 0.518359375 0.6861111111111111 0.029296875 0.03888888888888889
0 0.53515625 0.7083333333333334 0.03828125 0.044444444444444446
0 0.411328125 0.6569444444444444 0.007421875 0.011111111111111112
0 0.39375 0.6555555555555556 0.0078125 0.0125
0 0.375 0.6583333333333333 0.0109375 0.019444444444444445
0 0.3625 0.6625 0.0109375 0.020833333333333332
0 0.30078125 0.6722222222222223 0.0125 0.030555555555555555
0 0.252734375 0.6909722222222222 0.040234375 0.05625
0 0.328515625 0.6923611111111111 0.040234375 0.050694444444444445
8 0.9734375 0.2916666666666667 0.02578125 0.03194444444444444
