8 0.5625 0.5333333333333333 0.01953125 0.027777777777777776
8 0.562109375 0.5736111111111111 0.013671875 0.0125
8 0.08203125 0.5895833333333333 0.00625 0.010416666666666666
8 0.338671875 0.5576388888888889 0.004296875 0.014583333333333334
8 0.296484375 0.5722222222222222 0.005078125 0.006944444444444444
8 0.483203125 0.5541666666666667 0.005078125 0.009722222222222222
8 0.5078125 0.5729166666666666 0.00390625 0.007638888888888889
8 0.843359375 0.5590277777777778 0.006640625 0.009027777777777777
0 0.193359375 0.59375 0.015234375 0.00625
0 0.030859375 0.5979166666666667 0.013671875 0.009027777777777777
0 0.271484375 0.5902777777777778 0.007421875 0.005555555555555556
0 0.301171875 0.5888888888888889 0.006640625 0.004166666666666667
0 0.319140625 0.5868055555555556 0.004296875 0.0020833333333333333
0 0.335546875 0.5854166666666667 0.005859375 0.00625
0 0.341015625 0.5895833333333333 0.005859375 0.017361111111111112
0 0.39296875 0.5868055555555556 0.0046875 0.013194444444444444
0 0.448046875 0.5847222222222223 0.005078125 0.006944444444444444
0 0.92578125 0.5527777777777778 0.01640625 0.008333333333333333
4 0.913671875 0.5756944444444444 0.028515625 0.024305555555555556
1 0.883984375 0.5638888888888889 0.025390625 0.025
0 0.839453125 0.5625 0.018359375 0.008333333333333333
0 0.815625 0.5715277777777777 0.0203125 0.013194444444444444
0 0.776171875 0.5895833333333333 0.040234375 0.022916666666666665
9 0.6625 0.5513888888888889 0.0046875 0.013888888888888888
0 0.6765625 0.5819444444444445 0.0109375 0.016666666666666666
0 0.66171875 0.5854166666666667 0.00390625 0.014583333333333334
0 0.64453125 0.5854166666666667 0.009375 0.013194444444444444
0 0.628125 0.5868055555555556 0.0078125 0.011805555555555555
0 0.499609375 0.5881944444444445 0.009765625 0.017361111111111112
0 0.465625 0.5916666666666667 0.01484375 0.025
0 0.43046875 0.5854166666666667 0.00703125 0.010416666666666666
0 0.3671875 0.6125 0.03359375 0.03888888888888889
