0 0.76484375 0.22847222222222222 0.03828125 0.022916666666666665
0 0.925 0.2152777777777778 0.01640625 0.019444444444444445
0 0.487890625 0.22013888888888888 0.008203125 0.011805555555555555
0 0.450390625 0.22291666666666668 0.011328125 0.011805555555555555
0 0.408984375 0.22708333333333333 0.011328125 0.010416666666666666
2 0.715625 0.22291666666666668 0.00546875 0.025694444444444443
9 0.097265625 0.11180555555555556 0.003515625 0.011805555555555555
9 0.37890625 0.07847222222222222 0.00546875 0.01875
9 0.437109375 0.08125 0.005078125 0.021527777777777778
9 0.08984375 0.11319444444444444 0.00390625 0.013194444444444444
9 0.10390625 0.11458333333333333 0.003125 0.011805555555555555
9 0.3703125 0.07708333333333334 0.00234375 0.02013888888888889
9 0.3875 0.07847222222222222 0.003125 0.01875
9 0.428125 0.08055555555555556 0.00390625 0.025
9 0.44609375 0.08055555555555556 0.00390625 0.025
