8 0.318359375 0.17291666666666666 0.008984375 0.01875
8 0.3171875 0.20416666666666666 0.0046875 0.009722222222222222
8 0.3453125 0.21041666666666667 0.009375 0.017361111111111112
9 0.31328125 0.23472222222222222 0.00390625 0.006944444444444444
3 0.256640625 0.32013888888888886 0.033203125 0.050694444444444445
3 0.309375 0.2986111111111111 0.0234375 0.034722222222222224
0 0.214453125 0.2625 0.018359375 0.018055555555555554
0 0.48828125 0.2652777777777778 0.0125 0.02638888888888889
0 0.616015625 0.31319444444444444 0.063671875 0.08263888888888889
0 0.789453125 0.3638888888888889 0.150390625 0.14305555555555555
4 0.55703125 0.20694444444444443 0.0625 0.13333333333333333
0 0.9609375 0.5076388888888889 0.03828125 0.1673611111111111
0 0.033203125 0.24513888888888888 0.033203125 0.03680555555555556
3 0.36171875 0.2916666666666667 0.0140625 0.027777777777777776
