8 0.540234375 0.16597222222222222 0.012890625 0.021527777777777778
8 0.7296875 0.22291666666666668 0.00703125 0.014583333333333334
9 0.708203125 0.2465277777777778 0.007421875 0.009027777777777777
0 0.675390625 0.2951388888888889 0.011328125 0.01597222222222222
0 0.703515625 0.29375 0.009765625 0.01875
0 0.722265625 0.2881944444444444 0.016015625 0.02847222222222222
0 0.748828125 0.2902777777777778 0.023828125 0.04027777777777778
0 0.758203125 0.31180555555555556 0.016796875 0.04652777777777778
0 0.8 0.30277777777777776 0.0375 0.075
0 0.869140625 0.32708333333333334 0.069140625 0.10347222222222222
0 0.946875 0.3104166666666667 0.05234375 0.1673611111111111
0 0.5015625 0.3263888888888889 0.0265625 0.03194444444444444
0 0.41484375 0.3958333333333333 0.0875 0.10833333333333334
0 0.594140625 0.33819444444444446 0.084765625 0.12152777777777778
