2 0.34609375 0.33194444444444443 0.02578125 0.1638888888888889
0 0.81015625 0.35208333333333336 0.09765625 0.11180555555555556
0 0.628125 0.3215277777777778 0.07109375 0.07152777777777777
0 0.92421875 0.3104166666666667 0.028125 0.03680555555555556
0 0.978125 0.28958333333333336 0.01953125 0.05347222222222222
0 0.974609375 0.43819444444444444 0.023046875 0.12291666666666666
4 0.140625 0.28402777777777777 0.140625 0.28402777777777777
2 0.4359375 0.31666666666666665 0.0109375 0.041666666666666664
2 0.31171875 0.31666666666666665 0.00859375 0.041666666666666664
8 0.6140625 0.08541666666666667 0.01328125 0.010416666666666666
9 0.636328125 0.10277777777777777 0.007421875 0.029166666666666667
