9 0.7171875 0.2611111111111111 0.0078125 0.018055555555555554
9 0.502734375 0.3416666666666667 0.004296875 0.009722222222222222
9 0.469921875 0.31319444444444444 0.003515625 0.010416666666666666
9 0.372265625 0.32569444444444445 0.004296875 0.011805555555555555
9 0.334765625 0.375 0.005078125 0.006944444444444444
9 0.69453125 0.2673611111111111 0.00390625 0.011805555555555555
8 0.701953125 0.15347222222222223 0.017578125 0.010416666666666666
9 0.57421875 0.02013888888888889 0.00859375 0.02013888888888889
9 0.559375 0.02361111111111111 0.003125 0.02361111111111111
9 0.591796875 0.020833333333333332 0.006640625 0.020833333333333332
8 0.51484375 0.3416666666666667 0.0046875 0.009722222222222222
8 0.4890625 0.3416666666666667 0.00546875 0.009722222222222222
8 0.340234375 0.3541666666666667 0.006640625 0.006944444444444444
9 0.459375 0.3506944444444444 0.003125 0.010416666666666666
0 0.340625 0.40069444444444446 0.00625 0.011805555555555555
0 0.32890625 0.39444444444444443 0.00859375 0.022222222222222223
0 0.319921875 0.40069444444444446 0.010546875 0.01875
0 0.18828125 0.4041666666666667 0.01484375 0.029166666666666667
0 0.15859375 0.4166666666666667 0.0296875 0.0375
0 0.476953125 0.38819444444444445 0.005078125 0.010416666666666666
0 0.48203125 0.3888888888888889 0.0078125 0.013888888888888888
0 0.49140625 0.38472222222222224 0.00546875 0.015277777777777777
0 0.499609375 0.3958333333333333 0.006640625 0.016666666666666666
0 0.512109375 0.39305555555555555 0.009765625 0.013888888888888888
0 0.5265625 0.37777777777777777 0.00859375 0.029166666666666667
0 0.5390625 0.3840277777777778 0.01171875 0.03263888888888889
0 0.572265625 0.3729166666666667 0.031640625 0.049305555555555554
0 0.3015625 0.40069444444444446 0.0171875 0.021527777777777778
0 0.363671875 0.3923611111111111 0.014453125 0.02013888888888889
0 0.459375 0.38263888888888886 0.0125 0.017361111111111112
0 0.612109375 0.39444444444444443 0.040234375 0.04583333333333333
4 0.39609375 0.3770833333333333 0.01796875 0.03958333333333333
0 0.23515625 0.3972222222222222 0.04296875 0.05694444444444444
0 0.083203125 0.42916666666666664 0.052734375 0.044444444444444446
