8 0.783984375 0.35625 0.028515625 0.024305555555555556
8 0.82578125 0.35208333333333336 0.0078125 0.01597222222222222
8 0.86484375 0.34791666666666665 0.03046875 0.024305555555555556
8 0.74609375 0.35694444444444445 0.00703125 0.0125
8 0.791015625 0.4375 0.008203125 0.015277777777777777
8 0.934375 0.43819444444444444 0.009375 0.014583333333333334
0 0.69765625 0.5090277777777777 0.03203125 0.03125
0 0.78984375 0.5090277777777777 0.03203125 0.035416666666666666
0 0.744921875 0.5097222222222222 0.015234375 0.02361111111111111
0 0.933984375 0.6395833333333333 0.065234375 0.16319444444444445
0 0.831640625 0.49236111111111114 0.013671875 0.014583333333333334
