8 0.480859375 0.44027777777777777 0.048046875 0.03888888888888889
8 0.50078125 0.5666666666666667 0.00546875 0.0125
0 0.459375 0.5798611111111112 0.0078125 0.013194444444444444
0 0.44296875 0.5798611111111112 0.009375 0.014583333333333334
0 0.426171875 0.59375 0.011328125 0.01597222222222222
0 0.47734375 0.5875 0.0109375 0.013888888888888888
0 0.4921875 0.5930555555555556 0.01171875 0.019444444444444445
0 0.521875 0.5965277777777778 0.02109375 0.029861111111111113
0 0.384765625 0.6076388888888888 0.031640625 0.04513888888888889
0 0.59140625 0.6222222222222222 0.0390625 0.044444444444444446
0 0.943359375 0.6694444444444444 0.055078125 0.08472222222222223
0 0.03828125 0.5854166666666667 0.03828125 0.02847222222222222
0 0.0984375 0.5861111111111111 0.0328125 0.020833333333333332
0 0.26640625 0.5756944444444444 0.0265625 0.027083333333333334
