9 0.712109375 0.09930555555555555 0.011328125 0.04791666666666667
9 0.41953125 0.1798611111111111 0.0109375 0.03263888888888889
9 0.553125 0.38333333333333336 0.00390625 0.006944444444444444
9 0.58671875 0.37569444444444444 0.0046875 0.009027777777777777
0 0.521875 0.40069444444444446 0.01015625 0.014583333333333334
0 0.493359375 0.4125 0.019921875 0.019444444444444445
0 0.46953125 0.4340277777777778 0.0171875 0.03125
0 0.444140625 0.43333333333333335 0.014453125 0.03611111111111111
0 0.41328125 0.44583333333333336 0.03203125 0.04861111111111111
0 0.366015625 0.4354166666666667 0.023828125 0.04236111111111111
0 0.307421875 0.46597222222222223 0.060546875 0.06875
2 0.121484375 0.4166666666666667 0.006640625 0.011111111111111112
0 0.09375 0.4625 0.04609375 0.04027777777777778
0 0.187109375 0.5277777777777778 0.095703125 0.1125
0 0.600390625 0.40694444444444444 0.004296875 0.011111111111111112
0 0.546484375 0.40902777777777777 0.008984375 0.011805555555555555
0 0.570703125 0.4041666666666667 0.006640625 0.013888888888888888
0 0.592578125 0.4131944444444444 0.010546875 0.01597222222222222
0 0.619140625 0.41180555555555554 0.006640625 0.009027777777777777
0 0.641796875 0.41458333333333336 0.009765625 0.010416666666666666
0 0.661328125 0.41180555555555554 0.010546875 0.009027777777777777
0 0.8953125 0.4270833333333333 0.06328125 0.049305555555555554
2 0.801953125 0.41805555555555557 0.009765625 0.029166666666666667
0 0.680078125 0.4125 0.007421875 0.0125
