9 0.491796875 0.36319444444444443 0.003515625 0.014583333333333334
9 0.590625 0.3277777777777778 0.00390625 0.011111111111111112
9 0.396484375 0.4465277777777778 0.002734375 0.009027777777777777
9 0.759765625 0.44305555555555554 0.005859375 0.011111111111111112
9 0.566796875 0.3625 0.003515625 0.015277777777777777
9 0.7484375 0.4409722222222222 0.0078125 0.009027777777777777
9 0.81796875 0.3770833333333333 0.0046875 0.014583333333333334
8 0.4078125 0.40625 0.01015625 0.007638888888888889
9 0.721484375 0.3368055555555556 0.006640625 0.02013888888888889
0 0.5828125 0.35 0.0046875 0.019444444444444445
9 0.4015625 0.43472222222222223 0.00390625 0.011111111111111112
8 0.2703125 0.3888888888888889 0.01484375 0.008333333333333333
8 0.2578125 0.33541666666666664 0.01328125 0.009027777777777777
9 0.256640625 0.41875 0.007421875 0.011805555555555555
9 0.22578125 0.4027777777777778 0.0078125 0.011111111111111112
0 0.275 0.48194444444444445 0.05 0.029166666666666667
0 0.359765625 0.5277777777777778 0.045703125 0.058333333333333334
0 0.4828125 0.5013888888888889 0.04140625 0.03194444444444444
0 0.529296875 0.55625 0.044921875 0.10486111111111111
0 0.269140625 0.5930555555555556 0.073828125 0.10138888888888889
0 0.787109375 0.5916666666666667 0.083984375 0.09027777777777778
0 0.65 0.6409722222222223 0.1515625 0.23958333333333334
0 0.125390625 0.6486111111111111 0.124609375 0.25416666666666665
0 0.94921875 0.7305555555555555 0.0484375 0.12222222222222222
