9 0.4546875 0.43333333333333335 0.00390625 0.011111111111111112
9 0.44140625 0.44722222222222224 0.00390625 0.009722222222222222
8 0.4953125 0.4340277777777778 0.00546875 0.010416666666666666
8 0.4875 0.4638888888888889 0.00546875 0.009722222222222222
0 0.23828125 0.49930555555555556 0.0171875 0.025694444444444443
0 0.220703125 0.5055555555555555 0.013671875 0.02361111111111111
0 0.1796875 0.5041666666666667 0.02734375 0.0375
0 0.126953125 0.5208333333333334 0.036328125 0.03888888888888889
0 0.446484375 0.49375 0.006640625 0.011805555555555555
0 0.456640625 0.49166666666666664 0.005859375 0.009722222222222222
0 0.466015625 0.4965277777777778 0.007421875 0.011805555555555555
0 0.5078125 0.5319444444444444 0.021875 0.03333333333333333
0 0.56328125 0.5631944444444444 0.06015625 0.07847222222222222
0 0.35703125 0.5708333333333333 0.10703125 0.15833333333333333
0 0.8421875 0.6395833333333333 0.15703125 0.16597222222222222
