9 0.580859375 0.6006944444444444 0.005078125 0.011805555555555555
9 0.537109375 0.59375 0.004296875 0.010416666666666666
9 0.566015625 0.6534722222222222 0.004296875 0.009027777777777777
9 0.542578125 0.6423611111111112 0.005078125 0.007638888888888889
0 0.501953125 0.6722222222222223 0.005078125 0.009722222222222222
0 0.5640625 0.6868055555555556 0.009375 0.010416666666666666
0 0.59921875 0.7041666666666667 0.01171875 0.020833333333333332
0 0.3984375 0.6583333333333333 0.0171875 0.03194444444444444
0 0.380078125 0.6659722222222222 0.019921875 0.029861111111111113
0 0.329296875 0.6631944444444444 0.041796875 0.04513888888888889
0 0.490234375 0.6694444444444444 0.008203125 0.0125
0 0.531640625 0.69375 0.026171875 0.04236111111111111
0 0.616015625 0.7097222222222223 0.016796875 0.02361111111111111
8 0.209375 0.6201388888888889 0.0109375 0.02013888888888889
8 0.26640625 0.5034722222222222 0.00703125 0.025694444444444443
