9 0.528125 0.6138888888888889 0.0046875 0.011111111111111112
9 0.503515625 0.6118055555555556 0.002734375 0.010416666666666666
9 0.522265625 0.6381944444444444 0.004296875 0.010416666666666666
9 0.50703125 0.6388888888888888 0.0046875 0.009722222222222222
0 0.54453125 0.6701388888888888 0.009375 0.01597222222222222
0 0.52265625 0.6652777777777777 0.009375 0.015277777777777777
0 0.507421875 0.6666666666666666 0.008203125 0.011111111111111112
0 0.4859375 0.6625 0.0125 0.016666666666666666
0 0.459765625 0.6548611111111111 0.011328125 0.014583333333333334
0 0.421875 0.65625 0.02421875 0.022916666666666665
0 0.318359375 0.6680555555555555 0.055859375 0.058333333333333334
0 0.5890625 0.6840277777777778 0.03671875 0.05347222222222222
