9 0.534375 0.61875 0.00234375 0.007638888888888889
0 0.533203125 0.6722222222222223 0.007421875 0.015277777777777777
0 0.524609375 0.6736111111111112 0.007421875 0.019444444444444445
0 0.513671875 0.6777777777777778 0.008203125 0.02361111111111111
0 0.487109375 0.6854166666666667 0.026171875 0.03125
0 0.45390625 0.6944444444444444 0.0125 0.03611111111111111
0 0.567578125 0.68125 0.008203125 0.013194444444444444
0 0.578125 0.6854166666666667 0.00859375 0.017361111111111112
0 0.587109375 0.6916666666666667 0.009765625 0.018055555555555554
0 0.599609375 0.6972222222222222 0.012109375 0.02638888888888889
0 0.621875 0.7027777777777777 0.015625 0.03194444444444444
0 0.6484375 0.7222222222222222 0.03046875 0.05138888888888889
0 0.701171875 0.75625 0.038671875 0.06458333333333334
0 0.428125 0.6840277777777778 0.0296875 0.05763888888888889
0 0.39375 0.6888888888888889 0.03359375 0.09027777777777778
0 0.281640625 0.6770833333333334 0.100390625 0.14930555555555555
0 0.8078125 0.78125 0.1109375 0.11597222222222223
0 0.1265625 0.6152777777777778 0.1265625 0.2125
0 0.9421875 0.8784722222222222 0.05546875 0.11736111111111111
