9 0.136328125 0.39861111111111114 0.007421875 0.019444444444444445
9 0.389453125 0.24444444444444444 0.006640625 0.02638888888888889
9 0.3609375 0.3909722222222222 0.00625 0.013194444444444444
9 0.282421875 0.48055555555555557 0.006640625 0.013888888888888888
9 0.5453125 0.29791666666666666 0.0078125 0.024305555555555556
9 0.75625 0.34791666666666665 0.01015625 0.04652777777777778
9 0.727734375 0.07013888888888889 0.014453125 0.05763888888888889
9 0.700390625 0.07083333333333333 0.012890625 0.04583333333333333
9 0.683203125 0.22777777777777777 0.009765625 0.02638888888888889
8 0.151171875 0.32916666666666666 0.014453125 0.013888888888888888
8 0.168359375 0.36666666666666664 0.018359375 0.013888888888888888
8 0.949609375 0.05347222222222222 0.049609375 0.027083333333333334
9 0.30625 0.4263888888888889 0.00625 0.019444444444444445
0 0.849609375 0.5763888888888888 0.092578125 0.06388888888888888
0 0.39375 0.5534722222222223 0.0171875 0.02013888888888889
0 0.521875 0.5534722222222223 0.0078125 0.014583333333333334
0 0.689453125 0.5555555555555556 0.084765625 0.05694444444444444
0 0.417578125 0.55 0.008984375 0.016666666666666666
0 0.43125 0.5416666666666666 0.0046875 0.015277777777777777
0 0.441796875 0.5368055555555555 0.004296875 0.011805555555555555
0 0.51015625 0.54375 0.00625 0.013194444444444444
0 0.5015625 0.5430555555555555 0.0046875 0.011111111111111112
0 0.497265625 0.5333333333333333 0.011328125 0.008333333333333333
2 0.0265625 0.5145833333333333 0.00625 0.04791666666666667
9 0.558984375 0.2972222222222222 0.006640625 0.022222222222222223
2 0.278125 0.5319444444444444 0.0078125 0.03333333333333333
8 0.287890625 0.44583333333333336 0.005859375 0.009722222222222222
8 0.29609375 0.4638888888888889 0.00859375 0.008333333333333333
8 0.7328125 0.4618055555555556 0.00546875 0.01875
8 0.7328125 0.4236111111111111 0.00625 0.018055555555555554
8 0.590625 0.4708333333333333 0.01171875 0.0125
