0 0.246875 0.49930555555555556 0.05 0.059027777777777776
0 0.4109375 0.5263888888888889 0.01484375 0.020833333333333332
0 0.380859375 0.5173611111111112 0.016015625 0.01875
0 0.534375 0.5298611111111111 0.02421875 0.024305555555555556
9 0.378125 0.4270833333333333 0.00625 0.013194444444444444
9 0.530078125 0.4527777777777778 0.004296875 0.0125
8 0.4125 0.49236111111111114 0.00703125 0.014583333333333334
8 0.5296875 0.4756944444444444 0.00703125 0.010416666666666666
0 0.14140625 0.4979166666666667 0.028125 0.03680555555555556
0 0.06328125 0.49722222222222223 0.0375 0.034722222222222224
