1 0.04921875 0.5097222222222222 0.0484375 0.14305555555555555
0 0.28203125 0.5493055555555556 0.0328125 0.049305555555555554
0 0.380078125 0.5631944444444444 0.029296875 0.04791666666666667
0 0.727734375 0.6159722222222223 0.056640625 0.09097222222222222
4 0.338671875 0.5243055555555556 0.016015625 0.03680555555555556
0 0.411328125 0.55 0.007421875 0.013888888888888888
0 0.4203125 0.5409722222222222 0.00546875 0.011805555555555555
9 0.360546875 0.5034722222222222 0.003515625 0.009027777777777777
0 0.655078125 0.5638888888888889 0.034765625 0.027777777777777776
2 0.61328125 0.5534722222222223 0.00625 0.024305555555555556
0 0.576953125 0.5381944444444444 0.017578125 0.025694444444444443
0 0.601953125 0.5520833333333334 0.008984375 0.022916666666666665
