0 0.618359375 0.5513888888888889 0.076953125 0.075
0 0.848828125 0.6527777777777778 0.134765625 0.1375
0 0.948828125 0.7833333333333333 0.050390625 0.14305555555555555
0 0.509765625 0.4777777777777778 0.016015625 0.020833333333333332
0 0.48125 0.47708333333333336 0.0109375 0.017361111111111112
0 0.465234375 0.4826388888888889 0.008203125 0.01875
0 0.453515625 0.48333333333333334 0.007421875 0.02361111111111111
0 0.441796875 0.48194444444444445 0.007421875 0.02638888888888889
0 0.432421875 0.4840277777777778 0.008984375 0.02847222222222222
0 0.398046875 0.4861111111111111 0.034765625 0.04027777777777778
0 0.061328125 0.5076388888888889 0.061328125 0.13402777777777777
8 0.821875 0.3736111111111111 0.02421875 0.043055555555555555
8 0.3484375 0.36527777777777776 0.0125 0.013888888888888888
